161.935000,161.935000,160.883500,153.733298,149.495833,151.038756,152.920052,152.170184,150.588400,149.035536
146.368018,141.526626,131.154560,125.399858,127.062548,133.143122,137.856438,139.535996,136.184064,134.631180
133.494323,132.458689,131.283103,130.137833,126.555104,112.537344,106.147620,103.908350,101.405953,102.021993
107.616255,108.362504,106.895338,104.802318,103.162640,102.179102,101.198043,99.637688,99.743520,100.437186
110.763000,110.779500,111.633000,112.743458,112.239303,113.952117,116.547838,120.264979,124.153295,127.986840
131.424256,133.494378,127.773580,115.002586,110.276722,106.257228,104.546996,105.096152,107.019548,109.528320
112.350692,115.486660,118.268317,118.857097,116.454433,113.997377,112.531445,112.386368,112.469230,114.671302
121.987135,126.644814,129.015462,131.595712,133.888072,134.827166,134.954292,134.448680,133.039866,133.348980
137.722854,141.843850,146.586270,149.152164,132.102566,116.622817,113.470570,112.052668,111.612445,111.170360
111.148737,111.393740,111.663886,111.934033,112.204170,112.444300,112.076269,109.504388,107.241737,104.486322
104.384751,105.931781,107.439123,107.842444,107.856969,109.981311,115.398870,121.494024,121.359444,119.607710
112.986007,112.986010,112.986010,112.986010,112.986010,112.986010,112.362782,110.523576,113.817740,114.690893
128.154312,131.382148,127.999362,127.881348,129.664840,132.413108,132.399278,129.037134,126.791472,126.654975
124.779090,122.211334,118.161083,113.163916,110.708536,110.099768,109.129014,97.043428,87.319698,91.509128
107.341454,111.380852,109.734638,108.309034,107.696716,106.931902,106.003154,104.584942,100.025564,97.256112
108.400238,110.916000,110.983460,111.524372,111.447042,109.545293,107.410672,104.252730,100.547136,97.621485
97.662978,100.037370,101.418000,100.191288,99.683640,97.850082,95.066946,91.550470,90.108270,89.991178
90.396976,91.443895,93.471676,96.079655,98.286626,97.056906,92.565185,91.178506,91.169500,72.935602
136.159776,129.196907,124.317016,121.240923,116.686264,115.605207,117.266247,119.835227,120.759000,120.759002
