140.241004,140.241010,140.456648,142.237500,146.458500,150.396574,152.219606,153.213400,153.874698,153.938418
153.221325,150.575938,147.564316,144.126525,139.694770,134.543082,131.606108,129.377118,127.401270,126.338775
124.727506,121.919907,119.321407,117.071626,115.973603,118.134096,127.228560,137.198645,144.541533,140.866147
133.480772,127.782643,124.892113,124.858333,120.811047,114.432075,113.565340,113.109558,112.493418,112.267735
111.670758,109.229857,106.795584,106.030315,106.343018,107.944998,110.667542,112.218302,113.903780,116.137992
120.253407,127.122043,130.794603,130.405440,124.898275,120.068565,117.242693,115.276057,111.513060,107.753608
107.760163,111.391332,115.771484,119.380600,118.695404,114.774558,113.094714,113.673470,113.126150,110.481095
110.139775,110.855400,110.991687,110.808935,109.084134,106.129130,104.758758,104.594010,104.594010,78.445505
135.592002,135.522568,134.267252,132.090256,131.267892,131.830856,134.002116,136.375068,139.823354,140.970140
139.789366,135.673352,129.860483,120.835894,110.554791,102.246560,95.565557,95.048750,95.041900,95.041900
107.204730,108.908113,110.809025,112.573480,112.806395,112.621585,111.803858,111.195733,110.800443,110.749875
111.930924,114.038016,116.087906,118.499546,120.911178,123.322814,125.302362,123.450386,113.817972,109.819504
108.495649,111.180060,113.844940,117.244659,120.877811,124.512227,126.700539,128.285751,127.878564,121.134586
115.923677,113.123175,107.547600,102.607400,98.898226,97.188655,97.106215,97.627645,99.972065,103.485700
110.860913,120.675011,126.782763,122.608587,117.151707,117.589040,119.845501,122.154502,121.462106,116.128487
106.874031,97.716583,91.076453,93.052694,100.394514,101.645938,104.142703,109.587878,111.862437,111.871008
