120.174007,120.174010,120.174010,120.174010,120.174010,119.306828,117.680087,121.458941,133.371340,148.578401
152.429542,149.483017,149.412870,149.404123,149.395377,148.194730,138.563857,132.840580,133.291015,135.565990
132.641105,129.931273,125.375647,120.618710,118.154730,117.505283,117.145570,117.264233,117.579750,118.604620
123.569666,131.085838,133.442886,130.357380,128.434845,128.035514,128.936822,132.493502,134.057008,133.629680
132.020215,131.782264,132.030125,132.277988,131.873193,123.318082,116.375786,113.370612,112.595968,112.652418
114.391320,116.212672,115.176210,112.130824,108.561858,107.413898,107.022772,106.067567,104.257638,103.513518
103.944497,106.708794,110.357902,113.730906,115.631850,116.157043,116.774040,118.835667,120.152136,122.876710
127.733142,131.639557,134.154493,134.287577,131.630885,127.810170,124.409643,120.081568,116.714023,115.065507
113.624470,111.730388,109.836314,108.152688,106.258610,104.364534,102.916520,99.977890,97.907770,97.854000
124.208804,125.756870,127.049170,128.993754,131.105382,132.258518,132.582920,131.976786,130.128944,127.647050
124.953896,120.143333,107.108073,93.467916,94.741719,102.168846,112.199811,121.227232,125.147556,121.402627
117.140504,113.047752,108.954998,105.362988,103.386246,102.528754,103.879210,108.671570,110.512337,110.624402
116.861158,120.020943,111.949990,105.768346,104.069282,104.065000,104.065000,104.065000,104.065000,104.065001
127.162426,124.099556,110.521840,103.995133,101.434890,104.174352,109.980000,118.487500,123.112251,123.174220
123.509523,124.111475,124.633580,125.155682,125.699547,125.882280,123.671065,119.025467,114.233018,110.629000
107.423384,107.358632,109.534140,112.412300,115.116218,115.164094,110.315094,107.404375,105.517528,104.018760
104.257860,104.780542,105.258924,105.709255,105.719377,104.497860,104.515245,105.858816,105.487528,103.778283
104.180540,105.276948,106.054395,106.599650,106.865337,107.190107,109.991836,113.693855,114.871908,115.823580
117.923141,123.282982,128.823237,129.717490,121.913234,116.909945,114.369837,113.521717,112.376867,109.130670
107.218484,105.443475,100.773172,94.857024,85.858765,81.679256,81.491800,81.491800,81.491800,81.491800
