206.707403207 207.322240745 208.542873657 210.351301916 212.720737224 215.615859798 218.993164933 222.80140238 226.982111623 231.470255827
236.194956429 241.080329116 246.046420203 251.010240318 255.88688972 260.590766808 265.036848256 269.142026056 272.826483581 276.015089683
278.638787106 280.635949025 281.953675659 282.549001636 282.389984222 281.456642782 279.741720994 277.251245279 274.004855866 270.035890638
265.391206489 260.1307282 254.32672075 248.062787346 241.43260212 234.538393263 227.489199115 220.398926235 213.384244547 206.562360059
200.048710282 193.954631123 188.385046513 183.436233379 179.193714531 175.730330704 173.104540299 171.358991315 170.519404719 170.593802053
171.572102648 173.426107561 176.109878445 179.560510259 183.699287229 188.433202099 193.656809578 199.254376422 205.102282841 211.071623246
217.030948858 222.849090579 228.397997898 233.55552856 238.208124293 242.253310087 245.601958292 248.180264068 249.931385356 250.816708355
167.148092185 167.15752167 167.179714849 167.221199204 167.291418683 167.402330954 167.567893223 167.803455156 168.125080879 168.548824693
169.089986993 169.762377792 170.57761523 171.544485505 172.668388771 173.950892824 175.389412875 176.977031571 178.702468716 180.550205112
182.500759687 184.531113785 186.615271395 188.724939265 190.830306539 192.900899875 194.906487046 196.817999999 198.608447173 200.253784769
201.733717497 203.03240115 204.13902213 205.048232626 205.760424506 206.281829898 206.624441848 206.80575408 206.848324663 206.77917405
206.629033366 206.431463786 206.22187217 206.036451751 205.91107939 205.880202663 205.975750798 206.226103133 206.655147406 207.281457748
208.117618932 209.16971917 210.437028857 211.911877092 213.579731918 215.419484038 217.403927603 219.500425595 221.671741685 223.877015248
226.072851751 228.214497091 230.257061736 232.156758851 233.872120025 235.365152712 236.602405108 237.555906892 238.203957827 238.531740766
