322.506033384 322.055106119 321.154645607 319.807470718 318.017885656 315.791767806 313.136679543 310.061999617 306.579068843 302.701344057
298.444553686 293.826847859 288.868935712 283.594202459 278.028798951 272.201696737 266.144702155 259.89242368 253.4821876 246.953898113
240.34983907 233.714415867 227.093837303 220.535738636 214.088748485 207.802003635 201.724617212 195.905106972 190.390791718 185.227164893
180.457255412 176.120986496 172.254543888 168.889765186 166.053562126 163.767387614 162.046758888 160.90084769 160.332147474 160.336226664
160.901575747 162.009554563 163.634444566 165.743609118 168.29776305 171.251350834 174.553030748 178.146260518 181.969977972 185.959368442
190.046708894 194.162277207 198.235313568 202.195019793 205.97158134 209.4971961 212.707093535 215.540527614 217.94172702 219.86078658
221.254484493 222.087010933 222.330594817 221.966017026 220.983000055 219.380466003 217.166656844 214.359113173 210.984509878 207.078349556
202.68451687 197.854699361 192.6476825 187.128528942 181.367653924 175.439810599 169.423000675 163.397327122 157.443806742 151.64316124
146.074605855 140.814654827 135.935962746 131.506220393 127.587122848 124.233426524 121.49211042 119.401655197 117.991451812 117.281349335
267.233042777 267.053223615 266.696875501 266.170517607 265.483776614 264.649207172 263.68205737 262.599983265 261.422717446 260.171697348
258.86965981 257.54020892 256.207364711 254.895100595 253.6268777 252.4251843 251.31108855 250.303812492 249.420335031 248.675031087
248.079353598 247.641564324 247.366518645 247.25550865 247.306167867 247.512439957 247.86461265 248.349417097 248.950191732 249.647108623
250.417459262 251.23599569 252.075321914 252.906329695 253.698671959 254.421266454 255.042821633 255.532376364 255.859844706 255.996556848
255.915787258 255.593261219 255.007631175 254.140914722 252.978886592 251.511417655 249.732754731 247.641735891 245.241936887 242.541745421
239.554361058 236.297719736 232.794343041 229.071113548 225.158978754 221.092587239 216.909861805 212.651515366 208.360516303 204.081510868
199.860210928 195.742755984 191.775058855 188.002144768 184.467493782 181.21239651 178.275332972 175.691384183 173.491685601 171.702931064
170.346935097 169.440260681 168.993918621 169.013143632 169.497251131 170.439577554 171.827505758 173.642575848 175.860680437 178.452342134
181.38306979 184.613788832 188.101339921 191.799039089 195.657291596 199.624250892 203.646513382 207.669839117 211.639888105 215.50296168
219.206738255 222.70099282 225.938289777 228.874639044 231.470105888 233.68936562 235.502195035 236.88389345 237.815627167 238.284692328
183.393879525 183.797008682 184.598422126 185.788326189 187.351782107 189.26843972 191.512233179 194.051078316 196.846616727 199.854054274
203.022141436 206.293339701 209.604211982 212.886066177 216.065869799 219.067440572 221.812903626 224.224391186 226.225945967 227.745575866
228.717395441 229.083779909 228.797450513 227.823406486 226.140618918 223.743405634 220.642413804 216.865148198 212.455997403 207.475727505
202.00043195 196.119946901 189.935762469 183.55848092 177.104892396 170.694756044 164.447388869 158.478175531 152.895119017 147.795554387
143.26314531 139.365275897 136.150938586 133.649202916 131.868330446 130.795578596 130.39771163 130.622211259 131.399153473 132.643693202
134.259075226 136.140069387 138.176711368 140.258217883 142.276937448 144.132195507 145.733895506 147.005745652 147.887994121 148.339573065
