333.778460879 333.361101253 332.528907182 331.286912376 329.642625876 327.605982542 325.189277565 322.407085434 319.276163931 315.815343781
312.045404723 307.988938836 303.670202046 299.114954824 294.350293152 289.4044709 284.306714823 279.087033426 273.776020981 268.404658038
263.004109763 257.605523463 252.239826677 246.937527171 241.728516199 236.641876342 231.705695216 226.946886296 222.391018047 218.062152507
213.982694389 210.173251705 206.652508821 203.437112788 200.541573679 197.978179576 195.756926759 193.885465515 192.369061916 191.210575772
190.410454873 189.966745514 189.87511919 190.12891523 190.719199045 191.634835536 192.862577124 194.387165765 196.191448196 198.256503595
200.561782741 203.085257682 205.803580861 208.692252559 211.725795509 214.877935421 218.121786192 221.430038481 224.775150365 228.129538729
231.465770086 234.756749499 237.975906314 241.097375419 244.096172801 246.948364192 249.631225666 252.1233951 254.405013469 256.45785504
258.265445586 259.81316785 261.08835356 262.080361399 262.780640443 263.182778666 263.282536235 263.077863404 262.568902944 261.757977144
260.649559531 259.250231553 257.568624598 255.615347788 253.40290213 250.94558165 248.259362282 245.361779316 242.271794315 239.009652498
235.596731598 232.055383327 228.408768575 224.680687551 220.895406071 217.077479255 213.251573901 209.442290777 205.673988139 201.970607688
198.355504239 194.851280275 191.479626574 188.261170029 185.215329716 182.360182231 179.712337232 177.286824037 175.096990084 173.154411922
171.468819365 170.048033297 168.897917553 168.022345183 167.423179297 167.100268611 167.051457663 167.272611613 167.757655407 168.498626978
169.485744078 170.707484226 172.15067716 173.800609101 175.641138041 177.65481921 179.823039777 182.126161802 184.54367237 187.054339823
189.636374924 192.267595784 194.925595341 197.587910171 200.232189389 202.836362424 205.378804432 207.838498156 210.195191036 212.429546455
214.523287996 216.459335679 218.221933182 219.79676513 221.171063589 222.333703009 223.275282911 223.988197741 224.466693355 224.706909757
