256.808546818 260.428626746 257.542608952 242.405726473 223.229777528 213.952541266 218.808405382 229.171601981 235.241868311 236.125338764
320.606480024 320.026919587 318.873697245 317.158541361 314.898873501 312.117605512 308.842872638 305.107705817 300.949646978 296.410311878
291.534905595 286.371696425 280.9714544 275.386861117 269.671897913 263.881219758 258.069522383 252.29091035 246.598273747 241.042681163
235.672796442 230.534326451 225.669506784 221.116631878 216.909635508 213.077727054 209.645088222 206.630634202 204.04784243 201.904651256
200.203429962 198.941020609 198.108851284 197.693119349 197.675042349 198.031173335 198.733776426 199.751257637 201.048645152 202.588112571
204.329537953 206.231090998 208.249840212 210.342371624 212.46541035 214.576436277 216.634285101 218.599726181 220.436008917 222.109369795
223.589492766 224.849916287 225.868381085 226.627113586 227.113040853 227.317933896 227.238477284 226.876264072 226.237716188 225.333931559
224.180460362 222.797013872 221.20711044 219.437664079 217.518522061 215.48195872 213.362133335 211.194520571 209.015322369 206.860870499
204.767029141 202.768606877 200.898787352 199.188587545 197.666352214 196.357292483 195.283075857 194.46147415 193.906074897 193.626060819
301.582728195 305.898112324 313.378111075 321.940125871 328.968248109 331.819571341 328.346751888 317.341691363 298.81849334 274.081715793
245.563567368 216.454520012 190.188687567 169.871761838 157.750607 154.817707103 160.6214437 173.318396884 189.962461458 206.984679242
220.784387105 228.332371413 227.68372266 218.312618117 201.210926771 178.732316471 154.206675381 131.388767244 113.833418248 104.302299091
194.796485653 193.146869992 190.034549196 185.830801205 181.083015359 176.495313652 172.892059521 171.159714742 172.165903662 176.659354154
185.159701358 197.850853776 214.494627227 234.381770951 256.334874351 278.772017338 299.83203685 317.553038591 330.086720234 335.92371567
334.10087763 324.361137424 307.240672546 284.066249065 256.856796613 228.135997487 200.675097208 177.195412498 160.066529711 151.037880335
246.110281139 237.445967364 221.55918178 201.087515419 179.410977734 160.065184884 146.121066327 139.643233695 141.332187403 150.426912531
164.896189964 181.886904493 198.338575114 211.630330459 220.112707073 223.398707552 222.343903738 218.721660233 214.67742644 212.104340768
