382.051174662 381.513717255 380.399931499 378.635793849 376.119298241 372.730562523 368.344141345 362.84264993 356.130697381 348.148089771
338.881295081 328.372262533 316.72385194 304.101344028 290.729756748 276.886968997 262.892934099 249.09553255 235.853849437 223.519850835
212.419562688 202.834916016 194.987409168 189.024651001 185.010693031 182.920842753 182.641387356 183.974363008 186.647197831 190.326755732
194.637032299 199.179520425 203.555087195 207.38609636 210.337479704 212.135508439 212.583140134 211.571010672 209.083392875 205.198738818
200.084743585 193.988195006 187.2201867 180.137551505 173.12160188 166.555428861 160.8011015 156.178118515 152.944392419 151.280897707
201.063218657 205.577692815 213.992721108 225.040131122 236.790240674 246.784120044 252.382189782 251.320049299 242.353881059 225.794489485
203.713437958 179.675285572 157.991309906 142.656637337 136.263959564 139.230254892 149.60385276 163.55292502 176.42434022 184.074289393
313.472319211 313.027938757 312.376701317 311.934972991 312.192062207 313.577935416 316.330954118 320.392762358 325.353152443 330.459128354
334.690965167 336.895838793 335.958748465 330.982932558 321.449180922 307.3259552 289.109701173 267.785960763 244.71498396 221.45827254
199.572663243 180.404398584 164.916085233 153.574362594 146.31630223 142.599649578 141.528162117 142.030827417 143.064773016 143.807737036
150.847222482 158.477490614 172.729599073 191.73154258 213.01520921 233.865583638 251.698688766 264.411615793 270.653293371 269.977942515
262.862197912 250.588480111 235.017834029 218.291783354 202.512233893 189.449722777 180.323381202 175.682249465 175.399554876 178.772398456
184.702269334 191.919739642 199.211483656 205.610073174 210.516159972 213.736814232 215.440254645 216.042941705 216.057165107 215.933693023
86.0322380333 86.688947604 87.3136142378 86.3875147308 82.408544339 75.6719037939 68.9291767822 65.3941519889 65.7125975746 67.3314042487
