173.394221026 178.38148546 188.044178444 201.778094107 218.724369205 237.823080566 257.879370959 277.637962967 295.86139618 311.407091285
323.298419972 330.785337187 333.390788391 330.939997923 323.57081917 311.724515527 296.117568537 277.696299006 257.577163738 236.976487176
217.134047539 199.235319551 184.337256706 173.302270214 166.744543611 164.992044175 168.066603669 175.683303796 187.269187498 202.000102283
218.853342356 236.672764162 254.242267199 270.363007902 283.9294817 293.999681798 299.854917871 301.045530219 297.419623873 289.133016663
276.639778124 260.663957905 242.154286152 222.224699799 202.084440386 182.962124917 166.028570075 152.323228175 142.688865501 137.718594631
201.457853355 201.449700832 201.432819282 201.406080443 201.367853211 201.316075625 201.248348266 201.162046917 201.054451888 200.922890968
200.764892647 200.578345926 200.361662844 200.113939687 199.835112771 199.52610473 199.188957296 198.826946764 198.444678557 198.048157646
197.644831961 197.243606395 196.854825494 196.490223499 196.162840988 195.886907989 195.677694088 195.551326657 195.524579026 195.614630989
195.838804658 196.214279232 196.757788741 197.485307285 198.411726668 199.550531632 200.913478112 202.510280097 204.348310693 206.43232298
208.764196085 211.342711679 214.163365773 217.218220286 220.495798361 223.981026829 227.655228604 231.496167064 235.478143762 239.572149999
243.746071989 247.96494854 252.191279305 256.385380897 260.505787323 264.509690463 268.353415625 271.992926523 275.384353505 278.484538323
281.251588363 283.645432946 285.628374091 287.165624079 288.225822138 288.781522723 288.809648111 288.291898366 287.215112209 285.571572885
283.359253754 280.581999106 277.249636471 273.378017621 268.988986349 264.110272103 258.775309541 253.022985079 246.897312508 240.447040732
233.725197649 226.788575088 219.697160568 212.513522417 205.302155493 198.128795328 191.059709025 184.160971607 177.497736811 171.13351142
165.12944229 159.543625099 154.430443627 149.839948016 145.817279993 142.402152482 139.628390301 137.523537928 136.108539397 135.397494508
