240.675566308 241.431849462 242.946523972 245.222736775 248.262619302 252.064412186 256.619000648 261.906144698 267.890721472 274.519308643
281.7174269 289.387726514 297.409349862 305.638631793 313.911217168 322.04558502 329.847877284 337.117842735 343.655629389 349.269096097
353.781270641 357.03756031 358.912323198 359.314434647 358.191531814 355.532687689 351.36934988 345.774474184 338.859882661 330.771974583
321.686010194 311.799266198 301.323423352 290.476586794 279.475356254 268.527355147 257.824595156 247.537998351 237.813325524 228.768671754
220.493593712 213.049833827 206.473510256 200.778554649 195.961107229 192.004525215 188.884629397 186.574806416 185.050601667 184.293478192
215.518098128 215.712666857 216.086489999 216.61029873 217.243488111 217.937798533 218.641783803 219.305727603 219.886631526 220.352885534
220.688246549 220.894792232 220.994582294 221.029844874 221.061604985 221.166779448 221.433870878 221.957495051 222.832064429 224.145019676
225.97004574 228.360726137 231.345076774 234.92135924 239.055505048 243.680390752 248.697094521 253.978144296 259.372643473 264.713039914
269.823195585 274.527324268 278.65929951 282.071798716 284.644744781 286.29253474 286.969604337 286.673964998 285.448460672 283.379619769
280.594114683 277.2529799 273.543871173 269.67176481 265.848590647 262.282358945 259.166376081 256.669144293 254.925506497 254.029530413
192.68121654 194.703547242 198.339804535 202.849837045 207.30104982 210.744840032 212.397713902 211.793524156 208.878211539 204.02858695
197.990280022 191.744612487 186.327235907 182.63056161 181.225630032 182.236405635 185.290926418 189.560705416 193.884494521 196.957615006
197.556133514 194.758327772 188.125395879 177.809388474 164.567937396 149.68060605 134.778041515 121.60980307 111.787275403 106.542636932
