410.19327256 406.853946265 400.307937736 390.814573546 378.748230627 364.581600116 348.86465968 332.200370164 315.218262794 298.547173134
282.7884034 268.490554947 256.127170849 246.078170582 238.615854386 233.89601541 231.954436644 232.708781208 235.96562316 241.432125304
248.731662645 257.422525347 267.01872054 277.011832622 286.892897845 296.173299112 304.403785911 311.190864749 316.209977564 319.215078382
320.044420076 318.622561722 314.958791585 309.142321489 301.334737394 291.760282925 280.694604419 268.452597483 255.375968457 241.821064041
228.147435355 214.707496676 201.837522938 189.850112674 179.028133098 169.620068897 161.836622242 155.848362558 151.784202879 149.730484912
185.072786144 185.767279138 187.15687432 189.242225107 192.022934181 195.495996772 199.653880239 204.482362878 209.958273627 216.047285788
222.701921603 229.859920024 237.443107532 245.356891882 253.490471872 261.717824042 269.899490869 277.885156277 285.516954923 292.633423502
299.073967236 304.683684227 309.318366239 312.84947777 315.168907061 316.193283427 315.867665246 314.168421805 311.105159359 306.721576216
301.095172007 294.335780965 286.582946129 278.002198899 268.780354336 259.119974963 249.233192741 239.335108671 229.637010836 220.339663435
211.626921029 203.659913455 196.572027974 190.464886833 185.40548158 181.424581657 178.516485705 176.640131617 175.72152784 175.657415923
176.320024982 177.562734705 179.226426558 181.146274547 183.158708455 185.108274691 186.854123199 188.275863038 189.278553941 189.796635173
