318.858377025 315.859562685 310.200811912 302.524973898 293.712540308 284.790519109 276.825621929 270.812461762 267.567986137 267.642788278
271.258301248 278.27634746 288.204336403 300.235889082 313.323163851 326.274010023 337.864593301 346.95656621 352.607353865 354.162742457
351.322636874 344.173432927 333.183678062 319.163257664 303.1898942 286.509936343 270.422932371 256.161079468 244.775160415 237.03796918
233.37454477 233.825941191 238.050011906 245.35909593 254.790909406 265.205720272 275.400329335 284.227747789 290.710908833 294.139333682
217.100519796 217.141746752 217.223877567 217.34626831 217.507958705 217.707678852 217.943858096 218.214636022 218.517875478 218.851177548
219.211898386 219.597167787 220.003909367 220.428862249 220.868604071 221.319575195 221.778103944 222.240432696 222.702744673 223.161191236
223.611919509 224.051100154 224.474955092 224.879785009 225.261996447 225.618128295 225.944877517 226.23912392 226.497953821 226.718682423
226.898874763 227.036365089 227.129274515 227.176026845 227.175362448 227.126350079 227.028396566 226.881254279 226.685026335 226.440169477
226.147494608 225.808164967 225.423691926 224.995928451 224.527060234 224.01959456 223.476346943 222.90042564 222.295214096 221.664351452
221.011711204 220.341378166 219.657623848 218.964880431 218.267713458 217.570793446 216.878866573 216.196724621 215.529174378 214.881006672
214.256965246 213.661715663 213.099814439 212.57567861 212.093555911 211.657495777 211.271321341 210.938602621 210.662631064 210.446395625
210.292560523 210.20344485 210.181004151 210.226814103 210.342056427 210.527507111 210.78352705 211.110055161 211.506604048 211.972258245
212.505675069 213.105088106 213.768313294 214.492757624 215.275430387 216.112956927 217.001594835 217.937252497 218.915509891 219.931641531
220.980641424 222.057249899 223.15598217 224.271158449 225.396935454 226.527339126 227.656298359 228.777679548 229.885321763 230.973072318
232.034822555 233.064543601 234.056321902 235.004394319 235.903182566 236.747326795 237.531718104 238.251529799 238.902247186 239.479695738
239.980067443 240.399945174 240.736324938 240.986635847 241.148757697 241.221036031 241.202294594 241.091845093 240.889494189 240.595547682
240.210811835 239.736591838 239.174687386 238.527385419 237.797450017 236.988109535 236.103041019 235.146351995 234.122559727 233.036568054
231.893641935 230.699379848 229.45968418 228.1807298 226.868930963 225.53090676 224.173445285 222.803466744 221.427985704 220.0540727
218.688815427 217.33927973 216.012470623 214.715293567 213.454516214 212.236730853 211.068317776 209.955409761 208.903857895 207.91919893
207.006624352 206.17095136 205.416595908 204.747547978 204.167349221 203.6790731 203.285307652 202.988140959 202.789149431 202.689388953
