376.449480714 376.522284848 376.622660477 376.663213759 376.520341262 376.042691105 375.061606466 373.402900463 370.899227789 367.402280307
362.794043344 356.9964061 349.978519791 341.761434699 332.419713573 322.079903608 310.915940921 299.141748369 287.001458035 274.757833327
262.679573606 251.028249998 240.045640623 229.94220595 220.887372092 213.002176486 206.354683615 200.958407584 196.773794148 193.712628696
191.64506039 190.408776933 189.81973902 189.683795891 189.808458946 190.014111474 190.143978846 190.072271858 189.710040297 189.008426277
187.959177474 186.592458221 184.972170071 183.189151923 181.352762962 179.581451288 177.992970728 176.69492454 175.776286429 175.300478661
269.69944279 269.398400573 268.798543899 267.904309581 266.722306227 265.261258776 263.531935309 261.547056796 259.321190576 256.870628507
254.21325089 251.368377355 248.356606031 245.199642444 241.92011963 238.541411079 235.087438141 231.582473606 228.050943181 224.517226611
221.005460183 217.539342352 214.14194417 210.83552618 207.641363359 204.579579607 201.668993229 198.9269747 196.369317935 194.010126137
191.861713168 189.93452123 188.23705554 186.775836455 185.555369408 184.578132824 183.844584019 183.353182935 183.100433389 183.080941374
183.287489775 183.711128731 184.34128073 185.165859387 186.171400754 187.343205864 188.66549316 190.121559332 191.693947042 193.36461795
195.115129407 196.926813168 198.780954444 200.65896965 202.542581183 204.413987638 206.256027888 208.052337542 209.787496353 211.447165258
213.018211811 214.4888229 215.848603765 217.088662456 218.201679006 219.181958765 220.025469461 220.729861731 221.294473015 221.720314862
222.010043844 222.167916465 222.19972854 222.112739734 221.91558403 221.618167069 221.231551392 220.767830759 220.239994794 219.661785298
219.047545668 218.412064886 217.770417623 217.137802011 216.529376679 215.960098614 215.444563446 214.996849679 214.630368389 214.357719825
214.190558293 214.139466631 214.213841457 214.421790301 214.770041596 215.263868381 215.907026435 216.70170744 217.648507578 218.746411892
219.992794508 221.383434726 222.912548807 224.572837135 226.355546281 228.25054538 230.246416059 232.330555048 234.489288477 236.707996761
238.971248852 241.262944572 243.566463662 245.864820084 248.140820129 250.377222774 252.556900774 254.663000926 256.679101966 258.589368598
260.378700158 262.032872496 263.538671723 264.884018522 266.058081853 267.051380941 267.855874593 268.465036965 268.873919068 269.079195427
