359.675517227 358.94427875 357.488695467 355.322480989 352.466022253 348.946161716 344.795910853 340.054098253 334.764956348 328.977651526
322.745762978 316.126716271 309.181178079 301.972418978 294.565651533 287.027351173 279.424567517 271.824233891 264.292482759 256.8939747
249.691248341 242.744098404 236.108988629 229.83850592 223.980861505 218.579444363 213.672431484 209.292458856 205.466356337 202.214948794
199.552925089 197.488775712 196.024799018 195.157175242 194.876106683 195.166021651 196.005839091 197.369290079 199.225291758 201.538368735
204.269116416 207.374700333 210.809385191 214.525087022 218.471941694 222.59888288 226.85422259 231.186227395 235.543683668 239.876445336
244.135957995 248.275753563 252.251910144 256.023472237 259.552827017 262.806033002 265.753098083 268.368204556 270.629879508 272.521109606
274.029400064 275.146778261 275.869743174 276.199162474 276.140119741 275.701714871 274.896821286 273.741804059 272.256203471 270.462388923
268.385188397 266.051498884 263.489883365 260.730159975 257.802989017 254.739463364 251.570707687 248.327491677 245.039862173 241.73679873
238.44589677 235.193081983 232.002359138 228.895597944 225.89235799 223.009754235 220.262363893 217.662174954 215.218575968 212.93838615
210.825924239 208.883114075 207.109624265 205.503038917 204.059055955 202.771709187 201.633609991 200.636204246 199.77003995 199.025040887
198.390781626 197.856759224 197.412657054 197.048596383 196.755371543 196.524664832 196.349237645 196.223094714 196.141618803 196.101673674
196.89746398 196.730636717 196.408193391 195.952041327 195.393775699 194.773220884 194.136583431 193.534295119 193.018637831 192.641251232
192.45062939 192.489713004 192.793680041 193.38802939 194.287039915 195.492671751 196.993958221 198.76691647 200.77498334 202.969961367
205.293438769 207.678627859 210.052549368 212.338476204 214.458539994 216.336397599 217.899852983 219.08333237 219.830117422 220.094251851
219.842051023 219.053161023 217.72113265 215.853495995 213.471341839 210.60843614 207.309912507 203.630604063 199.63308972 195.385540089
190.95945466 186.42738422 181.860730743 177.327711235 172.891562614 168.609052079 164.529342194 160.693242716 157.132862974 153.87165999
150.924859555 148.300210788 145.999020143 144.017399049 142.347650724 140.979716843 139.902603546 139.105709006 138.579981186 138.318844175
