198.78682345 199.277052991 200.248139385 201.681530132 203.549874384 205.817584551 208.441565596 211.372095879 214.553840098 217.926971987
221.42838209 224.992944141 228.554812387 232.048721697 235.411262344 238.582102147 241.505129997 244.129496759 246.410532032 248.310518221
249.799306756 250.85476498 251.463046201 251.61867944 251.324479565 250.591282572 249.437514691 247.888607693 245.976276145 243.737675305
241.214460868 238.451773732 235.497174356 232.399552102 229.208035141 225.970926107 222.734687657 219.543000555 216.435914788 213.44911167
210.613291933 207.953701528 205.48980333 203.235099262 201.197103618 199.377464654 197.77222792 196.372231427 195.16361966 194.12846069
193.245448359 192.490669674 191.838416241 191.262017822 190.734675883 190.230275397 189.724154054 189.193809472 188.61952692 187.984912392
187.277318574 186.48815424 185.613070806 184.652023125 183.609204948 182.492862843 181.314995538 180.090948651 178.838917485 177.579372895
176.334427183 175.127158442 173.980912742 172.918604012 171.962031388 171.131233211 170.443895711 169.914832869 169.555551899 169.373916381
323.195403921 323.539420022 324.150644512 324.884464874 325.545493842 325.910776392 325.756641211 324.886245757 323.154754254 320.489300171
316.901399714 312.49025003 307.436288836 301.985415928 296.425277404 291.055887717 286.157521586 281.959177284 278.610952526 276.163374661
274.556112311 273.617621927 273.076232526 272.582046166 271.737940477 270.137010808 267.403078772 263.230494662 257.419417442 249.903077927
240.764193049 230.238643615 218.705668327 206.665057407 194.703034274 183.449579353 173.530774323 165.520248361 159.893940451 156.992138513
262.030641485 268.14476634 276.877205615 282.615046593 279.857851969 265.443806593 239.917599576 207.510825918 174.733295044 148.102070449
131.862956429 126.561703279 128.998767119 133.575670739 134.513512739 128.095980656 114.085009165 95.7778031629 78.6961128916 68.4223833089
