313.815876937 313.544611501 313.003580341 312.195773299 311.125651254 309.799117632 308.223480726 306.407407062 304.360866137 302.095066883
299.6223863 296.956290717 294.11125022 291.102646811 287.946676923 284.660248922 281.260876315 277.766567335 274.195711688 270.566965176
266.899133001 263.211052512 259.521476182 255.848955601 252.211727255 248.627600857 245.113850973 241.687112661 238.363281824 235.157420938
232.083670764 229.155168656 226.38397397 223.781001088 221.355960472 219.117308141 217.072203888 215.226478485 213.584610094 212.149709996
210.923517715 209.906405538 209.09739236 208.494166729 208.093118896 207.889381603 207.876879293 208.04838537 208.395587053 208.90915735
209.578833599 210.393501995 211.341287468 212.409648245 213.585474396 214.855189631 216.204855598 217.620277913 219.08711314 220.590975937
222.117545574 223.652671051 225.182474038 226.693448895 228.172559029 229.607328899 230.985931 232.297267185 233.531043761 234.6778398
235.729168198 236.677529039 237.516454899 238.240547782 238.845507442 239.328150915 239.686423142 239.919398653 240.02727433 240.011353347
239.874020448 239.618708796 239.249858688 238.772868493 238.194038221 237.520506222 236.760179513 235.92165833 235.014155522 234.047411439
233.031605022 231.97726181 230.89515962 229.796232651 228.69147481 227.591843022 226.508161322 225.451026485 224.430715978 223.457098955
222.539551027 221.686873485 220.907217633 220.208014832 219.595912826 219.076718858 218.655350032 218.335791329 218.121061599 218.013187821
216.208862757 221.011386459 230.104922436 242.518880356 256.923169711 271.764878758 285.428249315 296.401761455 303.435376733 305.671918538
302.739104888 294.792644094 282.505673909 267.005188956 249.761428193 232.440954784 216.737880168 204.199988782 196.06717475 193.138533558
195.681756828 203.394413755 215.421661604 230.429400406 246.726414287 262.424160973 275.619063973 284.579807201 287.92146783 284.7494239
274.758740894 258.278915291 236.25903447 210.194103142 181.998937429 153.841091818 127.948269636 106.408186096 90.9796570412 82.9326945897
164.611879469 169.179552537 177.869949825 189.835385709 203.905827828 218.699785836 232.755114562 244.667261796 253.221805536 257.508704569
257.007471503 251.635294126 241.753704837 228.133381938 211.880674715 194.333089254 176.933902646 161.098009046 148.081858529 138.869860711
134.087942731 133.952244548 138.257471617 146.405546776 157.471289379 170.298282514 183.615214839 196.161079738 206.806862303 214.661811836
219.154031911 220.077754927 217.60303911 212.247397198 204.812663279 196.293851845 187.769520982 180.28494868 174.740092144 171.79376192
191.777365993 192.283909751 193.235172613 194.515160705 195.968149446 197.41825355 198.69187434 199.6404096 200.160533097 200.209566497
199.813956401 199.06958563 198.133518635 197.207716939 196.516165005 196.277624529 196.676802385 197.837010515 199.797378329 202.497343541
205.770521802 209.349194581 212.879638747 215.947447427 218.110964885 218.940080588 218.056988959 215.17518946 210.133016018 202.918352032
193.681879957 182.737173981 170.547085136 157.697086796 144.857432111 132.737013124 122.032605686 113.377658533 107.294891852 104.156697015
