296.165056439 296.134392373 296.069181901 295.961713757 295.800555214 295.570714773 295.253861694 294.828604173 294.270827983 293.55409703
292.650116667 291.529259639 290.161153225 288.515324587 286.561899459 284.272347279 281.620263651 278.582178798 275.138378435 271.273721374
266.978436339 262.248878866 257.08822803 251.507102085 245.524071952 239.166052054 232.468549097 225.475751251 218.240442643 210.82373121
203.294581638 195.729149345 188.209916075 180.824632641 173.665079454 166.825660661 160.401852796 154.488533635 149.178221417 144.559258412
140.713976055 137.716881248 135.632904904 134.515754349 134.406410655 135.33181039 137.303748609 140.318036272 144.353940556 149.373931085
155.323748747 162.13280692 169.714927539 177.969406822 186.782397758 196.028588842 205.573151271 215.273920008 224.98376803 234.553127853
243.832610152 252.675666254 260.941239348 268.496348716 275.218552021 280.998232736 285.740663173 289.367798089 291.819759538 293.055980247
208.064339504 207.884332079 207.526591365 206.995637835 206.298183031 205.443047562 204.441053375 203.304891682 202.048968204 200.68922769
199.242959915 197.728589608 196.16545293 194.573563309 192.973369551 191.385509218 189.830560338 188.328794498 186.899934333 185.562918363
184.335676024 183.234915561 182.275927307 181.472404638 180.836284654 180.377610374 180.104415958 180.022636136 180.136040751 180.446194948
180.952445272 181.651931549 182.539624164 183.608385982 184.849057906 186.25056675 187.800053873 189.483022755 191.283503527 193.184232242
195.166842567 197.212067437 199.299948151 201.410048322 203.521670108 205.614070155 207.666672758 209.659277813 211.572261277 213.386765979
215.084880812 216.649806522 218.066006521 219.319341391 220.397185974 221.2885282 221.984049049 222.47618331 222.759161041 222.829029879
222.683658591 222.322722459 221.747671332 220.961681329 219.969591358 218.777825769 217.394304565 215.828342692 214.090539999 212.192663512
210.147523657 207.968846093 205.671140751 203.269569654 200.779814974 198.217948739 195.600305445 192.943358735 190.263603149 187.577441822
184.901080833 182.250430777 179.641015963 177.087891494 174.605568341 172.207946372 169.908255199 167.719002558 165.651929846 163.717974371
161.927237781 160.288960089 158.81149869 157.502311746 156.3679453 155.414023539 154.645241614 154.065360522 153.677203577 153.482654112
