341.614496887 341.980802629 342.695470091 343.723102704 345.011821789 346.494691307 348.091560641 349.711278523 351.254221685 352.615073748
353.68578338 354.358626039 354.529290827 354.099913105 352.981974676 351.098996414 348.388953217 344.806347892 340.323888919 334.933726775
328.648214383 321.500169008 313.542625308 304.848081853 295.507256087 285.627374971 275.330040177 264.74871743 254.025909071 243.310077024
232.752389743 222.503371373 212.709534054 203.510075051 195.033719078 187.395782956 180.695534544 175.013910972 170.411652623 166.927899367
164.579284416 163.359549186 163.23968991 164.168633891 166.074430412 168.865928788 172.434904211 176.658581094 181.402493944 186.5236175
191.873691328 197.30265924 202.662141088 207.808853672 212.607898652 216.935838617 220.683487563 223.758348964 226.086643219 227.6148762
228.310911867 228.164523921 227.18741423 225.41269871 222.893874353 219.703293725 215.930185263 211.67826878 207.063025414 202.208689702
197.245038178 192.304053839 187.516548807 183.008828483 178.899479407 175.296359976 172.293868123 169.970553236 168.387131099 167.584950709
221.322327877 222.183272458 223.886600583 226.395576462 229.656053733 233.59760091 238.134963679 243.169832306 248.592875881 254.285999438
260.12477527 265.980996175 271.725295939 277.229781164 282.370618614 287.030523526 291.101096875 294.484963199 297.097665319 298.869277939
299.745708558 299.689661263 298.681246542 296.718228198 293.815906479 290.006644496 285.339052777 279.876854091 273.697457432 266.89027607
259.554829674 251.798674736 243.735210579 235.481410255 227.155526442 218.874822131 210.753374426 202.899997204 195.416324833 188.39509462
181.918660386 176.057763608 170.870582084 166.402069271 162.683590426 159.73285469 157.554135373 156.138764183 155.465879069 155.503399917
156.209201624 157.532450212 159.415064722 161.793265653 164.599169792 167.76239135 171.21161041 174.876071754 178.686980048 182.578761149
186.490163687 190.365180135 194.153771994 197.812389435 201.304281644 204.599599889 207.675301039 210.514864557 213.107840871 215.44925333
217.538879507 219.380440455 220.980728456 222.348704891 223.4946 224.429045544 225.162269754 225.703381472 226.059767166 226.236620617
204.19555585 214.637687702 230.623147724 244.767322844 251.483762208 250.754455663 247.953724858 248.950253607 254.571022935 259.998901496
