293.44282656 293.1825933 292.664080852 291.891182295 290.86969971 289.607299468 288.113453143 286.399364532 284.477883332 282.363406152
280.071765631 277.620108511 275.026763635 272.311100864 269.49338204 266.594605121 263.636342722 260.640576294 257.629527234 254.625486234
251.650642183 248.726911952 245.875772365 243.118095662 240.473989717 237.962644238 235.602184135 233.409531177 231.400274993 229.588554412
227.986950025 226.606388813 225.456061521 224.543353438 223.87378906 223.450991065 223.276653882 223.350532037 223.670443332 224.23228681
225.030075342 226.055982543 227.300403639 228.752029773 230.397935149 232.223676325 234.21340283 236.349978258 238.615110847 240.989492533
243.452945361 245.984574125 248.562924011 251.166142044 253.772141049 256.358764869 258.903953556 261.385907248 263.783247488 266.075174722
268.241620797 270.263395273 272.122324459 273.801382111 275.284810822 276.558233201 277.608752011 278.425038557 278.99740867 279.317885769
279.380250568 279.180077102 278.714754862 277.983496944 276.987334211 275.729095597 274.213374783 272.446483575 270.436392438 268.192658714
265.726343178 263.049915647 260.177150461 257.123012726 253.903536277 250.535694378 247.037264249 243.426686519 239.722920783 235.94529842
232.113373888 228.246775699 224.36505826 220.487555784 216.63323943 212.820578805 209.067408921 205.390803655 201.806956681 198.33107082
194.977256619 191.758440957 188.686286337 185.771121455 183.021883548 180.446072905 178.049719838 175.837364291 173.812048175 171.975320406
170.327254502 168.866478523 167.590216994 166.494344402 165.573449712 164.820911299 164.228981579 163.788880561 163.490897462 163.324499464
163.278446635 163.340911981 163.499605577 163.741901665 164.054967605 164.425893548 164.841821696 165.290074015 165.758277302 166.234484501
166.707291236 167.165946529 167.600456772 168.001682026 168.36142384 168.672503821 168.928832275 169.125466344 169.258657116 169.325885328
