197.398965415 198.70029991 201.275062573 205.067879644 209.996788065 215.954553042 222.81042412 230.412326368 238.589479128 247.1554288
255.911474223 264.650453495 273.160849811 281.231161388 288.654467412 295.233108687 300.783389065 305.140192492 308.161401338 309.731995368
309.76770786 308.218116491 305.069052213 300.344219468 294.105936001 286.454919846 277.529074602 267.501251119 256.575993575 244.985309593
232.983536516 220.841408012 208.839455656 197.260907788 186.384271574 176.475802775 167.782080339 160.522908734 154.884769599 151.015035352
149.017141044 148.946887201 150.810016209 154.561168926 160.104287581 167.294487075 175.941370903 185.813721601 196.645450615 208.142650229
219.99155236 231.867166897 243.442347167 254.39701292 264.427252773 273.254028613 280.631214279 286.352719501 290.258477183 292.239106682
186.309844888 186.441340908 186.702860043 187.091473885 187.602833121 188.231218928 188.96961056 189.809768343 190.742331105 191.756926902
192.842295749 193.986422916 195.176681231 196.399980715 197.642923804 198.891964322 200.133568338 201.354375012 202.541355526 203.681968216
204.764308068 205.777248787 206.710575742 207.555108195 208.302809325 208.946882706 209.481854056 209.903637235 210.209583646 210.398514382
210.470734681 210.42803042 210.273646611 210.012248069 209.649862611 209.19380737 208.652599004 208.035848741 207.354143432 206.618913902
205.842292073 205.036958457 204.215981749 203.392652333 202.580311611 201.792179116 201.041179419 200.339770832 199.699777932 199.132229875
198.647206437 198.253693624 197.959450623 197.770889728 197.692970741 197.729111228 197.881113792 198.149111374 198.53153141 199.025079422
199.624742459 200.323812544 201.113930101 201.985147069 202.926009233 203.923657057 204.963944101 206.031571912 207.110240074 208.182809934
209.231480368 210.237973774 211.183730405 212.050108984 212.818591532 213.470990199 213.989653931 214.357672705 214.559077159 214.579031399
214.404016876 214.022005282 213.422618508 212.597273863 211.539312843 210.244111967 208.709174316 206.934200638 204.921139086 202.674212869
200.199925315 197.507042102 194.606550622 191.511596707 188.237399156 184.801142767 181.221850776 177.520237837 173.718544892 169.840357453
165.910409015 161.954371475 157.998634569 154.070076464 150.195827758 146.403031171 142.718599328 139.16897301 135.779882273 132.576112817
129.581279939 126.817612317 124.305747805 122.064543286 120.110900481 118.45960949 117.123211618 116.111882887 115.433339396 115.092765496
