337.142079603 336.959658201 336.603365722 336.089704594 335.441964685 334.688554242 333.860915755 332.991139058 332.109401555 331.241376764
330.405756778 329.612031567 328.85865825 328.131737046 327.404288196 326.63619677 325.774861122 324.75654729 323.508417315 321.951165951
320.00216901 317.579019219 314.603303186 311.004457024 306.723529234 301.716677995 295.958236429 289.443193373 282.18895831 274.236306519
265.649433114 256.51508107 246.940747109 237.052008662 226.989053488 216.902529098 206.948860398 197.285209477 188.064270132 179.429100479
171.508199489 164.411027138 158.224153296 153.008197993 148.795696169 145.589984595 143.365168699 142.067184366 141.615925862 141.908368008
142.822570123 144.222412942 145.96288915 147.895744716 149.875252792 151.76389535 153.437730175 154.791232335 155.741419301 156.231096776
194.313937474 194.801271875 195.765565482 197.186336186 199.03352449 201.268270395 203.843917272 206.707216358 209.799700236 213.059189177
216.421390657 219.821549869 223.196107578 226.484321389 229.629807315 232.581960495 235.297216936 237.740122178 239.884177715 241.712441706
243.217866843 244.403365064 245.281595892 245.874482449 246.212466321 246.333519422 246.281937467 246.106945597 245.861151875 245.598888627
245.374484921 245.240515693 245.246074069 245.435113338 245.844903737 246.504646731 247.434285937 248.643549236 250.13125113 251.884878114
253.880472914 256.082826074 258.445975702 260.914008427 263.422146956 265.898102262 268.263661492 270.436476467 272.332012158 273.865610032
274.954617701 275.520534001 275.491117591 274.802407273 273.400603727 271.243764981 268.303271795 264.565024045 260.030335141 254.716498215
248.65700528 241.901408509 234.514821022 226.577063002 218.181467246 209.433366328 200.448291129 191.349917411 182.267803245 173.334965245
164.685345615 156.451224897 148.760636904 141.734842615 135.485918788 130.114514754 125.707827243 122.337838418 120.059856468 118.91139143
355.81532808 357.162064278 359.552329814 362.41579665 364.983343174 366.380328857 365.734815862 362.289056785 355.502087267 345.132037369
331.288735084 314.450128446 295.439707365 275.366098417 255.529934783 237.306572294 222.015877018 210.791874467 204.465355845 203.471537481
207.792649003 216.942089256 229.992843832 245.648584415 262.351683909 278.418693377 292.191003191 302.186735985 307.239568134 306.611197194
300.066479925 287.903648974 270.936159902 250.427232815 227.982604998 205.410976637 184.56472966 167.175429879 154.699195828 148.186173893
227.46559965 222.732680035 214.364005471 204.354150674 195.230213951 189.585090651 189.589984007 196.571076409 210.724529996 231.020481915
255.314486473 280.649466395 303.698740347 321.276659912 330.831919553 330.841634616 321.041256286 302.453355499 277.212426607 248.217259599
218.671203208 191.588877291 169.352514848 153.391407431 144.035656575 140.564529132 141.435586169 144.649351904 148.181064155 150.400013634
189.548319785 192.623684715 196.996850907 199.902129685 198.836824977 192.749732077 182.657155229 171.398760682 162.590004168 159.159549184
162.046852665 169.599267634 177.957494549 182.344737586 178.81991309 165.856113305 145.142782458 121.275678181 100.397807163 88.2402635544
