194.42566094 196.954801617 201.936487145 209.219854853 218.584360932 229.746480667 242.368315487 256.06784016 270.430472895 285.021610501
299.399741384 313.129731971 325.795877588 337.014317127 346.444431606 353.798879408 358.851964422 361.446086165 361.496081579 358.991334546
353.995599258 346.644555088 337.141181374 325.749108188 312.784161721 298.604378311 283.598807678 268.175462161 252.748793547 237.727091726
223.500199499 210.42792545 198.829512386 188.974483124 181.075139737 175.280938027 171.674897998 170.272145166 171.020609048 173.803836092
178.445807054 184.717585414 192.345565923 201.021042634 210.410775315 220.168203246 229.944937033 239.40215273 248.221518366 256.115300856
262.835330362 268.180538714 272.002837033 274.211153651 274.773514972 273.717117024 271.126401974 267.139219653 261.94121704 255.758656588
248.849915426 241.495960119 233.990124478 226.627539835 219.694577477 213.458661367 208.158795804 203.997127846 201.131828961 199.671535576
239.240427947 239.281990611 239.363283471 239.480679501 239.628832244 239.800786829 239.988124865 240.181140621 240.369045311 240.540195803
240.682343607 240.782899625 240.829209844 240.808836904 240.709842382 240.521064529 240.232386294 239.834988553 239.321583704 238.686625088
237.926488069 237.039619076 236.026649404 234.890471191 233.636273564 232.271537673 230.805989962 229.251513789 227.622020186 225.933279282
224.202714567 222.449162886 220.692603597 218.95386096 217.254284288 215.615410823 214.058616679 212.604761449 211.273832248 210.084593076
209.054245366 208.198105473 207.529304694 207.058517086 206.79372 206.739991789 206.899350592 207.270637525 207.849446925 208.628105588
209.595702206 210.738167413 212.038404076 213.476466663 215.029787753 216.673448979 218.380492983 220.122272272 221.868830257 223.589309199
225.252379302 226.826682811 228.281286669 229.58613709 230.712509274 231.633445536 232.324175169 232.762509612 232.929206772 232.808298743
232.387377699 231.657835237 230.615051183 229.258528507 227.591971828 225.623307744 223.36464613 220.832182341 218.046041194 215.030064402
211.811544028 208.420905293 204.891342863 201.258415423 197.559604008 193.833840085 190.121009894 186.461441893 182.895384459 179.462481162
176.201250981 173.148580823 170.339237498 167.80540612 165.576261475 163.677578473 162.131387261 160.95567792 160.164158971 159.76607316
