340.163757705 339.665297103 338.671125476 337.186734072 335.220339853 332.782861168 329.887884598 326.551622407 322.792859893 318.632891865
314.095447411 309.206602064 303.994676516 298.490121007 292.72538463 286.734768856 280.554264736 274.221373391 267.774909613 261.254788591
254.701796075 248.157342513 241.663202006 235.261237234 228.993111784 222.899991644 217.022237911 211.399093058 206.068363385 201.066100512
196.42628502 192.180515511 188.357706529 184.983798873 182.081485919 179.669959541 177.76467923 176.377167864 175.514837458 175.180848029
175.374002407 176.088679564 177.314808632 179.037885393 181.239032571 183.895104766 186.978838369 190.459046238 194.300856376 198.465993285
202.913100093 207.598099011 212.474587115 217.494263937 222.607386859 227.76324986 232.910680741 237.998551626 242.976297235 247.794435191
252.405082488 256.762462127 260.823393955 264.547763788 267.898965051 270.844307398 273.35538706 275.408414072 276.984491935 278.069845811
278.655995892 278.739873226 278.323875914 277.415864335 276.029094742 274.182091351 271.898457776 269.20662943 266.139569256 262.734409853
259.03204577 255.076680382 250.915332363 246.597307294 242.173640449 237.69651717 233.21867759 228.792812677 224.470958759 220.303897703
216.340569938 212.627507369 209.208293003 206.12305385 203.407993234 201.094968213 199.211117266 197.778542786 196.814052277 196.328961419
238.059137156 238.056762008 238.052011695 238.044886353 238.035386597 238.023514014 238.009271806 237.992665577 237.973704256 237.952401135
237.928775023 237.902851481 237.874664135 237.844256036 237.811681064 237.777005331 237.740308585 237.701685573 237.661247351 237.619122518
237.575458344 237.530421777 237.4842003 237.437002625 237.389059194 237.340622475 237.291967039 237.243389383 237.195207517 237.147760267
237.101406314 237.05652294 237.013504494 236.972760557 236.934713826 236.899797695 236.868453569 236.84112789 236.818268908 236.800323197
236.787731937 236.780926991 236.780326776 236.78633198 236.799321129 236.819646044 236.847627216 236.883549138 236.927655609 236.980145076
237.041166019 237.110812439 237.189119477 237.276059203 237.371536623 237.475385921 237.587367002 237.707162349 237.834374239 237.96852236
238.109041844 238.255281764 238.406504115 238.561883299 238.720506156 238.881372538 239.04339646 239.205407836 239.366154807 239.524306668
239.678457406 239.827129829 239.968780304 240.101804066 240.224541116 240.335282658 240.432278084 240.513742455 240.577864464 240.622814842
240.646755174 240.64784707 240.624261674 240.574189431 240.495850095 240.387502894 240.247456828 240.074081016 239.865815055 239.621179316
239.338785132 239.017344798 238.655681344 238.252737999 237.8075873 237.319439784 236.787652198 236.211735177 235.591360341 234.926366745
234.216766643 233.462750524 232.664691362 231.823148063 230.938868058 230.012789014 229.046039646 228.039939605 226.995998424 225.915913506
224.801567171 223.65502273 222.478519619 221.274467591 220.045439979 218.794166058 217.523522541 216.236524215 214.936313786 213.626150948
212.309400745 210.989521255 209.670050678 208.354593857 207.046808321 205.7503899 204.469057992 203.206540543 201.966558821 200.752812059
199.568962041 198.418617709 197.305319871 196.232526088 195.203595816 194.221775876 193.29018634 192.411806888 191.589463724 190.825817112
190.123349593 189.484354956 188.910928012 188.40495523 187.968106285 187.601826557 187.307330629 187.085596815 186.937362742 186.863122023
