291.995458527 291.955120448 291.874475487 291.753586058 291.592545849 291.391479898 291.150544688 290.869928278 290.549850437 290.190562815
289.792349112 289.355525279 288.880439711 288.367473465 287.817040467 287.229587731 286.605595566 285.945577779 285.250081865 284.51968918
283.755015095 282.956709119 282.125455 281.261970779 280.367008816 279.441355761 278.485832483 277.501293941 276.488628993 275.44876015
274.382643254 273.29126709 272.175652918 271.036853928 269.875954614 268.694070058 267.492345126 266.271953577 265.034097071 263.780004091
262.51092876 261.228149562 259.932967972 258.626706977 257.310709504 255.986336752 254.654966421 253.317990858 251.976815096 250.632854813
249.287534202 247.942283754 246.598537963 245.25773296 243.921304066 242.590683295 241.26729678 239.952562161 238.647885917 237.35466066
236.074262395 234.808047759 233.557351234 232.323482361 231.107722941 229.911324253 228.735504283 227.581444976 226.450289526 225.343139709
224.261053262 223.205041327 222.176065969 221.175037766 220.202813488 219.260193883 218.347921551 217.466678954 216.617086526 215.799700933
215.015013459 214.263448543 213.545362466 212.8610422 212.210704421 211.594494693 211.012486828 210.46468243 209.951010619 209.47132795
209.02541852 208.61299427 208.233695486 207.887091491 207.572681542 207.289895924 207.038097233 206.816581867 206.624581699 206.461265948
206.325743235 206.217063821 206.134222027 206.076158819 206.041764568 206.029881969 206.039309105 206.068802667 206.1170813 206.182829087
206.264699137 206.361317299 206.471285952 206.593187904 206.725590347 206.867048887 207.016111623 207.171323262 207.331229269 207.49438002
207.65933497 207.824666794 207.988965521 208.150842617 208.308935021 208.461909126 208.608464671 208.747338553 208.877308537 208.997196849
209.105873648 209.20226036 209.285332861 209.354124509 209.407728995 209.445303028 209.466068823 209.4693164 209.454405665 209.420768297
209.367909398 209.29540893 209.202922916 209.090184406 208.957004206 208.80327136 208.628953391 208.434096298 208.218824297 207.983339323
207.727920285 207.452922073 207.158774324 206.845979952 206.515113444 206.166818917 205.801807969 205.420857293 205.024806095 204.614553305
204.191054594 203.755319206 203.308406619 202.85142304 202.385517748 201.911879296 201.431731584 200.946329818 200.456956363 199.964916507
199.471534154 198.978147447 198.486104348 197.996758189 197.511463197 197.031570017 196.558421253 196.093347023 195.637660567 195.192653898
194.759593532 194.339716295 193.93422523 193.544285617 193.171021112 192.815510028 192.478781762 192.161813386 191.865526412 191.590783732
191.338386766 191.109072798 190.903512538 190.722307894 190.565989979 190.435017347 190.329774475 190.250570486 190.197638123 190.171132978
