225.441502877 225.531591529 225.751622496 226.177540035 226.914125027 228.084776196 229.819071346 232.239022104 235.445042958 239.502693545
244.431219463 250.194812808 256.697345624 263.781107997 271.229821674 278.775916612 286.111770177 292.90433547 298.812344586 303.50508048
306.681580706 308.08907671 307.539488582 304.922887022 300.216997056 293.492042319 284.910501125 274.721649572 263.251083804 250.885723659
238.055083794 225.209837934 212.798881921 201.246209766 190.928946578 182.157830421 175.161304228 170.074176212 166.931544549 165.668375113
166.124788002 168.056769803 171.151704417 175.047825715 179.356458062 183.685740411 187.664436944 190.964427957 193.320549675 194.546606717
282.544389157 283.583383769 284.405787529 283.063900325 277.819010214 268.016335676 254.573974628 239.871204494 227.052586047 218.992599837
217.30276841 221.755624877 230.348968985 239.996042476 247.592587042 251.069566866 250.04517477 245.840376058 240.861987241 237.595416932
300.339959768 300.103678873 299.632229405 298.92783046 297.99379684 296.834522521 295.455458748 293.863086862 292.064885998 290.069295836
287.885674574 285.524252354 282.996080381 280.312975986 277.487463923 274.532714209 271.462476799 268.291013471 265.033027227 261.703589614
258.318066294 254.892041286 251.44124023 247.981453093 244.528456689 241.097937422 237.70541464 234.366164986 231.095148129 227.906934259
224.8156337 221.834828997 218.977509831 216.256011061 213.681954233 211.266192818 209.018761462 206.948829503 205.064658961 203.373567225
201.8818946 200.59497687 199.517123 198.651598087 198.00061161 197.565311041 197.345780825 197.341046708 197.549085392 197.966839428
198.590237264 199.414218325 200.432762971 201.638927165 203.024881658 204.581955463 206.30068338 208.170857315 210.181581101 212.321328538
214.578004328 216.939007572 219.391297507 221.921461115 224.515782252 227.160311935 229.840939403 232.543463601 235.25366469 237.957375225
240.640550629 243.289338599 245.890147083 248.429710489 250.895153781 253.274054144 255.554499906 257.725146421 259.775268644 261.694810131
263.474428238 265.10553529 266.580335543 267.891857752 269.03398322 270.001469181 270.78996745 271.396038254 271.817159203 272.051729393
272.099068639 271.959411886 271.633898851 271.124558991 270.434291905 269.566843303 268.526776711 267.319441092 265.950934577 264.428064541
262.758304266 260.949746443 259.011053789 256.951407087 254.780450922 252.508237452 250.145168524 247.701936473 245.189463926 242.618842969
240.001274001 237.348004633 234.670268948 231.979227481 229.285908236 226.601149056 223.935541674 221.299377731 218.702597063 216.154738516
213.664893563 211.241662955 208.893116634 206.626757105 204.449486461 202.367577208 200.386647046 198.511637704 196.746797938 195.095670742
193.561084835 192.145150429 190.849259273 189.674088957 188.619611396 187.685105448 186.869173531 186.169762141 185.584186113 185.109156454
184.740811573 184.474751687 184.306076196 184.229423767 184.239014892 184.328696635 184.491989298 184.722134712 185.012145851 185.354857471
185.742977453 186.169138544 186.625950178 187.10605006 187.602155203 188.107112106 188.613945778 189.115907299 189.606519647 190.079621503
190.52940878 190.950473625 191.337840655 191.687000224 191.9939385 192.255164202 192.467731808 192.629261116 192.737953036 192.792601512
