194.017634703 196.096093587 200.166997651 206.06178165 213.536110054 222.279697278 231.928761569 242.080599144 252.309678685 262.184595159
271.285188527 279.219128689 285.637293076 290.247316436 292.824771337 293.221539194 291.3710509 287.290208285 281.077936929 272.910461395
263.033529787 251.751939842 239.416828309 226.411274591 213.134834769 199.987660634 187.354868683 175.59180601 165.01081449 155.870023917
148.364611916 142.620857693 138.693193053 136.564322831 136.148353932 137.296743169 139.80675471 143.432013293 147.89465388 152.898505726
158.142711485 163.335171401 168.205219121 172.51497826 176.068915488 178.721193444 180.380531178 181.012396367 180.638476831 179.333503552
177.219617641 174.458584325 171.242253062 167.781740015 164.295864088 160.999398038 158.091700602 155.746274053 154.101745073 153.254697617
302.276646926 298.053834208 291.638133375 286.241677959 284.893419876 289.089843315 297.994876866 308.516848818 316.258420726 317.003107192
308.195709252 289.872256282 264.698539161 237.107692748 211.860769237 192.563595929 180.679818352 175.382743247 174.26395206 174.589437472
300.396914661 302.806962552 306.882920742 311.279137287 314.308008943 314.269647978 309.791934134 300.11891345 285.294193567 266.204195643
244.470697268 222.208753075 201.690142451 184.969730052 173.539468794 168.070869847 168.292205353 173.02394905 180.368888784 188.026623692
193.680414531 195.391379308 191.933115387 183.009383507 169.316935545 152.441623978 134.604164752 118.297514006 105.8763778 99.1677092917
198.452874464 199.386782867 201.218362697 203.876402035 207.257195745 211.228163581 215.632483175 220.294582176 225.026304737 229.633544567
233.923120629 237.709662804 240.822273844 243.110740571 244.451081562 244.750239822 243.949756688 242.028296403 239.002928416 234.929115347
229.899397227 224.040805856 217.511085364 210.493835046 203.192726842 195.824981341 188.61431184 181.783564862 175.547297098 170.104532485
165.631938994 162.277652706 160.155957311 159.343000885 159.87369942 161.739939249 164.890149293 169.230270353 174.626103823 180.906977702
187.870624997 195.28913 202.915762689 210.492491894 217.757944717 224.455563936 230.341707138 235.193431484 238.815716337 241.047892171
241.76906786 240.902378759 238.417914118 234.334223065 228.718342517 221.68433637 213.390381916 204.034485001 193.848948613 183.093759009
172.049087848 161.00713702 150.263574088 140.108819721 130.81945385 122.650004237 115.82536992 110.534112799 106.922824153 105.091739888
