204.254940008 204.128832093 203.889964131 203.564497732 203.190358558 202.815707524 202.4969861 202.296603841 202.280348969 202.514612793
203.06352572 203.986106295 205.33352496 207.14658114 209.453485753 212.268031704 215.588222506 219.395414364 223.654010319 228.311726889
233.300434727 238.537555657 243.927979792 249.36644879 254.740335335 259.932735111 264.825776346 269.30404385 273.258009584 276.587360388
279.204115629 281.035433144 282.02601075 282.140002618 281.36238443 279.699718129 277.180285634 273.853580582 269.789167265 265.074935959
259.814802972 254.125921522 248.135485285 241.977219729 235.787666623 229.702374193 223.852108842 218.359204299 213.334160228 208.872595036
205.052646974 201.932903984 199.550926522 197.922409337 197.041008364 196.878838283 197.387625375 198.500479909 200.134232893 202.192264367
204.567735019 207.147120192 209.813935877 212.452540176 214.951891309 217.209144565 219.132975558 220.646525718 221.689877736 222.221983401
311.79076529 310.510879652 307.971015953 304.210803985 299.289217996 293.283993094 286.290817313 278.422277561 269.806536732 260.58572089
250.913999856 240.955351694 230.881011354 220.866615758 211.089071375 201.723185271 192.93811593 184.893715092 177.736845597 171.597771882
166.586728699 162.790778969 160.271073057 159.060618634 159.162662518 160.549773484 163.163698095 166.916040686 171.689794234 177.341721782
183.705559375 190.595982075 197.813245734 205.14839003 212.388863858 219.324413712 225.753060049 231.486976677 236.358084524 240.223174044
242.96838027 244.512850783 244.811469415 243.856526559 241.678259714 238.344224128 233.957492068 228.653718712 222.597151726 215.975698618
208.995199735 201.873083795 194.831606208 188.090886992 181.861974315 176.340161043 171.698775098 168.083650061 165.608460731 164.351080071
