241.956086514 242.191532899 242.658210107 243.347747436 244.247739071 245.34192207 246.610409899 248.029978334 249.574399817 251.214821738
252.920183451 254.657666354 256.393170869 258.091813797 259.71843924 261.238136076 262.616754863 263.821417071 264.821009592 265.58665767
266.092169705 266.31444767 266.233857418 265.834553605 265.104754588 264.036963323 262.628130967 260.879760691 258.797949961 256.393370406
253.681185193 250.680904679 247.416181945 243.914550614 240.207108134 236.328148464 232.314748775 228.20631541 224.04409491 219.870656423
215.729352165 211.663762995 207.717136317 203.931823724 200.348725764 197.006751221 193.942298075 191.188763101 188.776086687 186.730339054
185.073353494 183.822411704 182.989985601 182.583539288 182.605394089 183.052658734 183.917225962 185.185835939 186.840206017 188.857225501
191.209213259 193.864235152 196.786477515 199.936672145 203.272567604 206.749440991 210.320643829 213.938175223 217.55327509 221.11702996
224.58098368 227.897745241 231.021585982 233.909018527 236.519350011 238.81520247 240.762993673 242.333372144 243.501600697 244.247883463
244.557632063 244.421667384 243.836354204 242.803666759 241.331184236 239.432016057 237.124657709 234.432778767 231.384945619 228.014282242
224.358073154 220.45731345 216.356211447 212.101650149 207.742614201 203.329589512 198.913943043 194.54729053 190.280860089 186.164859681
182.247856408 178.576175448 175.193326197 172.139462868 169.450886335 167.159593517 165.292879998 163.873000894 162.916894251 162.43597048
251.318242483 251.920253895 253.111607507 254.867222962 257.15011912 259.912165305 263.095056699 266.631492166 270.446528426 274.459080691
278.583536863 282.731450113 286.813273272 290.740097937 294.425361511 297.786486622 300.746419342 303.235035438 305.190387277 306.559768077
307.300574654 307.38095468 306.780229509 305.489088833 303.509558511 300.854747917 297.548387832 293.624174208 289.124936944 284.101656098
278.612350537 272.720866043 266.495591107 260.008129208 253.331956242 246.541090945 239.708804744 232.906395496 226.20204709 219.659794078
213.338607281 207.291613 201.565454917 196.199804308 191.227020731 186.671962065 182.551939752 178.876812308 175.649207793 172.864863875
170.51307256 168.577215423 167.035374462 165.861003288 165.023643434 164.489670886 164.223058627 164.186141888 164.340373899 164.647061169
165.068068665 165.566486566 166.107251652 166.657717589 167.188169593 167.672279933 168.087501691 168.415398884 168.641911664 168.757555783
