308.582881019 307.524430018 305.423154992 302.310077831 298.231154353 293.246590625 287.429945898 280.867034407 273.654641155 265.899069524
257.714541066 249.221470186 240.544638492 231.811295403 223.149213098 214.68472502 206.540777918 198.835027763 191.678009758 185.171412131
179.40648234 174.462592837 170.40599148 167.288759236 165.147994861 164.005242836 163.866177109 164.72054906 166.542403681 169.290563421
172.909374337 177.329704443 182.470179396 188.238636041 194.533769994 201.246949377 208.264163239 215.468070105 222.7401096 229.962638273
237.021049687 243.805838484 250.214568675 256.153707664 261.540289685 266.303375195 270.38527645 273.742523798 276.346552197 278.184092867
279.257260884 279.583335639 279.19423735 278.135709164 276.466220529 274.255613467 271.583518873 268.537575021 265.211484771 261.702951613
258.111537475 254.53648707 251.074564503 247.817947778 244.852225776 242.254540262 240.091912475 238.419790037 237.280845237 236.704050439
317.236379621 317.009102243 316.556805784 315.883970914 314.997229357 313.905258215 312.618641481 311.149700798 309.512297973 307.721612208
305.793895455 303.746209634 301.596149834 299.361557891 297.060230947 294.709629828 292.326592104 289.927054801 287.525791654 285.13616968
282.76992964 280.4369947 278.145311184 275.900724913 273.706896063 271.565254888 269.474999987 267.433140081 265.434579485 263.472246685
261.537264594 259.619160257 257.706110962 255.785222936 253.842838091 251.864863586 249.837118433 247.745690837 245.577299609 243.319652722
240.961795938 238.494444474 235.91029078 233.204281855 230.373859912 227.419160818 224.343165419 221.151799706 217.853980668 214.461605744
210.989484816 207.45521485 203.8789984 200.283408378 196.69310257 193.134492455 189.635371884 186.224512041 182.931229882 179.784937892
176.814683444 174.048686374 171.513883509 169.235488832 167.236577734 165.537703407 164.156552843 163.107649154 162.402106069 162.047439434
408.560611605 405.293652447 398.895977238 389.634346077 377.89474445 364.165853506 349.017786777 333.076786503 316.996769221 301.428806228
286.989806802 274.231823708 263.613502543 255.475229734 250.019481769 247.29772843 247.204990211 249.482798043 253.730864325 259.427270163
265.956434614 272.643594355 278.794026886 283.734837842 286.856841007 287.653919133 285.757285935 280.962283403 273.245738973 262.772454797
249.890073697 235.112319327 219.091389314 202.581032931 186.392512794 171.346181132 158.221752712 147.71049829 140.372499864 136.601804314
177.368021551 182.955703817 193.521538142 207.925367691 224.642580286 241.956119062 258.166495162 271.789923431 281.717296765 287.31346041
288.445991438 285.443808027 278.996609561 270.014671973 259.473574346 248.26929822 237.105819251 226.430500515 216.423564462 207.03827432
198.079863719 189.305156454 180.522186984 171.670307513 162.865914537 154.406106978 146.730931838 140.352834795 135.768063902 133.367981989
212.077812112 204.521955681 189.89969996 169.491249701 145.75549761 122.478261415 104.404804347 96.282237261 101.511929205 120.843827312
151.627169033 188.012802853 222.20702102 246.504107276 255.511555362 247.852001721 226.741942002 199.1837796 173.956684617 158.999351118
