173.692135216 174.18091144 175.151553133 176.590338115 178.476929989 180.784670294 183.480961296 186.527733772 189.881992867 193.496434001
197.320119722 201.299207568 205.377718229 209.498332731 213.603206972 217.634791682 221.536645866 225.25423187 228.735680562 231.932515562
234.800326117 237.299379004 239.395160786 241.058842811 242.267662521 243.005215904 243.261657273 243.033803941 242.325144782 241.145753137
239.512105882 237.446811945 234.978254808 232.140154853 228.971058536 225.513762438 221.814681149 217.923168759 213.890804304 209.77065204
205.616507672 201.482141821 197.420551956 193.483233803 189.719482859 186.175736092 182.894963228 179.916116168 177.273644134 174.997081066
173.110710628 171.633312952 170.57799593 169.952112569 169.75726456 169.989390888 170.638939003 171.691114821 173.126206625 174.919976854
177.044114748 179.466741959 182.15296248 185.06544764 188.165046467 191.411411413 194.763629328 198.180847557 201.622885277 205.050820494
208.427543646 211.718269388 214.890998905 217.916926011 220.77078124 223.431109265 225.880476085 228.105603651 230.097430791 231.851100573
233.365875426 234.644982571 235.695393429 236.527541775 237.154986378 237.594024766 237.86326554 237.983167275 237.975552593 237.863106332
237.668866947 237.415720348 237.125905271 236.820539026 236.519172079 236.23937937 235.996395607 235.802800971 235.668262777 235.599337646
209.561364218 208.434302157 206.258332142 203.184903344 199.429337809 195.257418809 190.968806044 186.878286678 183.296002113 180.507851692
178.757262471 178.229429754 179.038981517 181.22181066 184.731565157 189.44100336 195.148127377 201.586719636 208.440644173 215.361050811
221.985450841 227.957527101 232.946505744 236.664953111 238.883966469 239.444894811 238.266944823 235.350283459 230.774526266 224.692782228
217.321693895 208.928149421 199.813536198 190.296542411 180.695584962 171.311945872 162.414634823 154.227867697 146.921868347 140.607475607
135.334784272 131.095783972 127.830700531 125.437507095 123.78387224 122.720662011 122.096021811 121.769037898 121.622018195 121.570535463
221.201299806 222.24438645 224.247852462 227.052294594 230.433159797 234.116914053 237.800563681 241.173008727 243.936585988 245.827174408
246.631384625 246.199622547 244.45417877 241.391918197 237.081589787 231.65620562 225.301314833 218.240290274 210.717931194 202.983751449
195.276268338 187.809441958 180.762158512 174.271330691 168.428836227 163.282166216 158.838340102 155.070392265 151.925566646 149.334282347
147.218956597 145.501883972 144.111555664 142.987036787 142.080275696 141.356468436 140.792816948 140.376179159 140.100197077 139.962498263
