227.010376147 227.185163303 227.53367493 228.0537917 228.7423497 229.595158429 230.607024644 231.771781907 233.082325693 234.530653831
236.107912084 237.804444594 239.609848918 241.513035347 243.502290177 245.565342584 247.689434716 249.861394634 252.067711665 254.294613783
256.528146542 258.754253165 260.958855305 263.12793405 265.247610702 267.30422689 269.284423564 271.175218423 272.964081347 274.639007407
276.188587044 277.602073017 278.869443753 279.981462727 280.92973354 281.706750397 282.305943668 282.721720304 282.949498848 282.98573886
282.827964565 282.474782606 281.925893771 281.182098634 280.245297073 279.118481646 277.805724856 276.312160373 274.643958297 272.808294605
270.813314915 268.668092793 266.382582791 263.967568496 261.434605843 258.79596202 256.064550281 253.253861017 250.377889477 247.451060516
244.488150774 241.504208741 238.514473102 235.534289845 232.579028568 229.663998445 226.804364312 224.015063347 221.310722781 218.705579113
216.213399262 213.847404099 211.620194782 209.543682294 207.629020591 205.886543715 204.325707238 202.955034354 201.782066929 200.813321779
200.054252427 199.509216562 199.181449377 199.073042949 199.184931779 199.516884589 200.067502418 200.834223056 201.813331782 202.999978373
204.388200293 205.97095196 207.740139912 209.686663731 211.800462475 214.070566394 216.485153659 219.031611789 221.69660347 224.466136393
227.325636764 230.260026068 233.253800697 236.291114001 239.355860325 242.431760593 245.502448947 248.551560016 251.562816302 254.520115249
257.407615491 260.209821836 262.911668519 265.498600261 267.956650712 270.272517842 272.433635867 274.428243325 276.245446926 277.875280834
279.308761042 280.537934561 281.555923135 282.356961252 282.936428242 283.290874265 283.418040073 283.316870407 282.987520963 282.431358884
281.650956771 280.650080225 279.433669007 278.00781189 276.379715338 274.557666188 272.550988515 270.369994912 268.025932452 265.530923603
262.897902426 260.140546382 257.273204117 254.310819618 251.268853124 248.163199242 245.010102683 241.826072083 238.62779236 235.432036092
232.255574366 229.115087611 226.027076855 223.007775914 220.073064965 217.238385974 214.518660439 211.928209872 209.480679472 207.188965375
205.065145894 203.120417095 201.365033083 199.808251293 198.458283096 197.322249986 196.406145568 195.714803574 195.251872062 195.019793944
