235.508043646 235.819733096 236.432445533 237.325131785 238.466920311 239.817939995 241.330384601 242.949792004 244.616505866 246.267282751
247.837004014 249.260449006 250.474084603 251.417825476 252.03672021 252.2825201 252.115090287 251.503626747 250.427647379 248.877731007
246.855984309 244.376223421 241.463864004 238.155520824 234.498325065 230.548974679 226.372539697 222.041050579 217.631903139 213.226118198
208.906497851 204.755722884 200.854437476 197.279367792 194.101520339 191.384504175 189.183018132 187.541540285 186.493252073 186.059223797
186.247881942 187.054771912 188.462622616 190.44171202 192.95052542 195.936691093 199.33817122 203.084679713 207.099293072 211.300215667
215.602657048 219.920776161 224.169645693 228.267189267 232.136044863 235.705309647 238.912124247 241.703058475 244.0352653 245.877375567
247.210112267 248.026610029 248.3324327 248.14528926 247.494455676 246.419917502 244.971254843 243.206297576 241.189584352 238.990663664
236.682279114 234.338483828 232.032730663 229.835985411 227.814909625 226.030157913 224.53483175 223.373127945 222.579215097 222.17636577
338.141059044 340.434024376 344.496808575 349.3606175 353.754489208 356.29350526 355.684035829 350.916126911 341.415487495 327.133995701
308.567140365 286.697811499 262.876606949 238.657670789 215.614707129 195.163460206 178.414521637 166.074383442 158.404315495 155.237369539
156.045152034 160.039345086 166.289268018 173.836487393 181.790418402 189.394279738 196.057526796 201.35766605 205.019875992 206.88614326
345.032394108 347.663049908 352.26944673 357.646789123 362.234054995 364.366070059 362.544843115 355.68827197 343.31821314 325.659714436
303.637292792 278.770181657 252.983870686 228.367562698 206.914478994 190.283212656 179.613534714 175.420174383 177.574912298 185.373131977
197.668155894 213.047326005 230.019296395 247.182925867 263.354074441 277.636244966 289.432480595 298.407075947 304.414453103 307.417446905
170.858434605 175.757825987 185.243095413 198.706891897 215.286144975 233.916236346 253.397829904 272.472172044 289.900143655 304.540110667
315.41969602 321.796977678 323.207280792 319.492635692 310.812060295 297.632027519 280.697720065 260.986878349 239.649137238 217.93465495
197.116506351 178.411700918 162.905768691 151.485630417 144.78494536 143.145344673 146.595959379 154.852502657 167.335938479 183.209539906
201.43198762 220.823154931 240.138432584 258.146914861 273.708531029 285.845277888 293.802085295 297.093503373 295.533296094 289.245104655
278.653537614 264.456277937 247.578992348 229.115910502 210.259842432 192.226065832 176.174898339 163.137850098 153.952023432 149.206903962
