208.900083768 206.963129172 203.534096579 199.438872809 195.758177416 193.646434281 194.114693436 197.811583621 204.848552504 214.718024053
226.340511047 238.249080354 248.88286156 256.926264569 261.60933708 262.886350437 261.436639575 258.478026164 255.435903428 253.554217766
396.229080212 393.17940106 387.185789381 378.455521977 367.289149342 354.068544486 339.241756515 323.305301249 306.784626971 290.21356778
274.113636732 258.974014458 245.233056129 233.262071891 223.352036389 215.703755859 210.421872206 207.51291885 206.887470055 208.36625144
211.689911897 216.532003317 222.514581057 229.225730503 236.238248042 243.128661406 249.495766395 254.977884723 259.268109642 262.126899401
263.39149922 262.981814876 260.902519079 257.24133838 252.163636296 245.903570176 238.752248065 231.043441021 223.137510362 215.404283745
208.20565568 201.878695294 196.720016749 192.972107049 190.812214738 190.344285448 191.594291657 194.509150441 198.959261536 204.744535555
211.603626193 219.225937399 227.265853261 235.358540043 243.136600855 250.246826724 256.366285081 261.217017823 264.578684794 266.298581907
247.319230246 245.508202914 242.071169891 237.36216175 231.8735756 226.193545516 220.954992344 216.780717498 214.229217103 213.745793161
215.623039925 219.973934795 226.719643857 235.592866286 246.156206595 257.833799551 269.953331283 281.794795008 292.641856936 301.831620756
308.79886534 313.111453528 314.494502638 312.841979268 308.215526703 300.831443779 291.037706609 279.283672679 266.085568338 251.991003144
237.54557782 223.264188126 209.608933828 196.974700696 185.682586777 175.980488332 168.049434618 162.013737455 157.952751112 155.912042461
321.365181334 320.73361478 319.476917897 317.607889935 315.145547648 312.114909191 308.54671002 304.477054196 299.947005256 295.002121538
289.691941509 284.069425214 278.19035851 272.112727155 265.896068174 259.600806178 253.287582482 247.016584901 240.846886108 234.835798281
229.038251538 223.506203381 218.288085916 213.42829717 208.966742258 204.938429509 201.37312599 198.295076114 195.722786255 193.668877446
192.140007427 191.136862454 190.65421843 190.681070072 191.200826021 192.191567014 193.626363475 195.473648192 197.697639119 200.25880673
203.114379894 206.218883787 209.524703019 212.982662919 216.542621732 220.154066436 223.766704893 227.331047161 230.798969008 234.124250946
237.263086463 240.174553623 242.821044656 245.168648801 247.187484272 248.851975906 250.141075779 251.038424837 251.532454331 251.61642667
251.288416029 250.551229872 249.412273247 247.883358465 245.980463411 243.723442397 241.135694015 238.243790955 235.077077206 231.667238396
228.047851337 224.253919011 220.321397382 216.286720419 212.18632968 208.056214671 203.93146994 199.845874628 195.831499761 191.918348177
188.134031453 184.503487644 181.048743059 177.788720629 174.739096769 171.912207941 169.317007416 166.959072025 164.840658007 162.960804366
161.3154815 159.897782259 158.698152002 157.704653702 156.903263698 156.27819327 155.812230914 155.487099896 155.283825536 155.183106527
155.165684603 155.212706918 155.306075647 155.428779531 155.56520238 155.701403918 155.825368756 155.927219807 155.999392943 156.036770308
