289.097979759 289.29192432 289.675894074 290.242103719 290.979008182 291.871460124 292.900916731 294.04569307 295.281258708 296.580573692
297.914459511 299.252000151 300.560968016 301.808269106 302.960401635 303.983922051 304.845912356 305.514442578 305.959022315 306.15103542
306.064152079 305.674712867 304.9620797 303.908949024 302.50162309 300.730235702 298.588929385 296.075981592 293.193878198 289.949333225
286.353254418 282.420655043 278.1705129 273.625578303 268.812133387 263.759705759 258.500740092 253.070231814 247.505327523 241.844897203
236.129083675 230.398835009 224.695425857 219.059973789 213.532956811 208.153738184 202.960104625 197.987823737 193.270226322 188.837818872
184.717931157 180.934403377 177.507316825 174.45277146 171.782713166 169.504812846 167.622398827 166.13444335 165.035603262 164.316314271
163.962937491 163.957956293 164.280220859 164.905237203 165.805496865 166.950842972 168.308867881 169.845337219 171.524634831 173.310222844
175.165110899 177.052328493 178.935394321 180.778776593 182.548338403 184.211762439 185.738949618 187.102386553 188.277477206 189.242834525
189.980528423 190.476287021 190.719648682 190.704063038 190.426939858 189.88964531 189.097445844 188.059400616 186.788204059 185.299980829
183.614036015 181.752564045 179.74032029 177.604259834 175.373148312 173.077150073 170.747399219 168.415559289 166.113377501 163.872239519
161.72273071 159.694209758 157.81440032 156.109006193 154.601355103 153.312075879 152.258813313 151.45598449 150.914579848 150.642011613
