290.557448837 290.530691482 290.476487326 290.393467473 290.279603444 290.132236686 289.948117356 289.723451934 289.453959079 289.13493306
288.761314008 288.327764134 287.828748995 287.25862283 286.611716928 285.882429948 285.065319105 284.155191084 283.147191578 282.036892329
280.820374598 279.494308005 278.05602374 276.503581207 274.835827224 273.052446991 271.154006129 269.141983192 267.018792139 264.787794413
262.453300334 260.020559674 257.495741392 254.885902623 252.198947146 249.443573685 246.629214489 243.76596478 240.864503749 237.936007867
234.992057415 232.04453716 229.105532222 226.187220219 223.301760823 220.461183918 217.677277536 214.96147681 212.324755125 209.777518682
207.329505625 204.989690856 202.766197606 200.666216761 198.695934869 196.860471653 195.163827782 193.608843513 192.197168734 190.929244797
189.804298416 188.82034778 187.974220873 187.26158592 186.676993673 186.213931192 185.864886599 185.621424203 185.474269245 185.413401447
185.428156399 185.507333793 185.639311372 185.812163457 186.013782807 186.232004576 186.454731061 186.670055964 186.866386847 187.032564522
187.157978098 187.232674492 187.247461239 187.194001513 187.064900347 186.85378114 186.555351628 186.165458608 185.68113083 185.100609583
184.423366645 183.650109378 182.782772914 181.824499485 180.779605114 179.653533981 178.452800961 177.184922901 175.858339361 174.48232365
173.066885068 171.622663401 170.160816747 168.692903883 167.23076238 165.786383766 164.371787053 162.998891949 161.679393106 160.42463672
159.2455008 158.152280358 157.154578741 156.261206258 155.480087161 154.818175983 154.281384104 153.874517327 153.601225128 153.463962119
