214.426064639 214.752063036 215.396796706 216.345886618 217.578129351 219.065927171 220.775848178 222.669305466 224.70334188 226.831504885
229.004794253 231.172663828 233.284057569 235.288459341 237.136935679 238.783150811 240.184333806 241.302178574 242.103658788 242.561741412
242.655984496 242.373007173 241.706822227 240.659024342 239.23882992 237.462967258 235.355418816 232.94702019 230.274923212 227.381933271
224.315733413 221.128010014 217.873496754 214.608955242 211.392111919 208.280571707 205.330729417 202.596699941 200.129287964 197.975017178
196.175237852 194.765330125 193.774018551 193.222811286 193.125574929 193.488253379 194.308736338 195.576880163 197.274680839 199.376595917
201.850009369 204.655830531 207.749215743 211.080398892 214.595614958 218.238098872 221.949140522 225.669175655 229.338891738 232.900327528
236.297945237 239.479654708 242.39776993 245.009879553 247.2796147 249.177299397 250.680471194 251.774262055 252.451632338 252.713453499
252.568438107 252.032918693 251.130479922 249.891451376 248.352270966 246.55473149 244.545125106 242.373302474 240.09166498 237.754109713
235.414947826 233.127817368 230.944611821 228.914445229 227.0826741 225.489995154 224.171636501 223.156658018 222.467374545 222.118913166
248.387891456 247.972033999 247.141902969 245.900986014 244.255290805 242.214211937 239.791582956 237.006831764 233.88614587 230.46354732
226.781776094 222.892885466 218.858463179 214.749407876 210.645210407 206.632713495 202.804349664 199.255885142 196.083725185 193.381862735
191.238575987 189.733000253 188.931714274 188.88548998 189.626357092 191.165129439 193.489528541 196.563021983 200.324470174 204.68864591
209.547658033 214.773274606 220.220103943 225.729555111 231.134464692 236.264245295 240.950384815 245.032105189 248.361976207 250.811274677
252.274882245 252.675526552 251.967189817 250.137535856 247.209239937 243.240144552 238.322206711 232.579247047 226.16355615 219.251457302
212.03796541 204.730717803 197.543382154 190.688768876 184.371889042 178.783203446 174.09230374 170.44225268 167.944787874 166.67656297
