254.488945962 254.28680012 253.884320539 253.285113335 252.49454264 251.519677091 250.369219382 249.053419622 247.583973432 245.973905867
244.237442399 242.389868331 240.447378133 238.426916303 236.346011414 234.222605112 232.074877843 229.921073127 227.77932221 225.667470895
223.602910327 221.602413466 219.68197887 217.85668338 216.140545123 214.546398196 213.085780188 211.76883362 210.604222158 209.599062335
208.758871317 208.08753109 207.587269231 207.2586563 207.100619642 207.110473288 207.283963396 207.615328591 208.09737434 208.721560417
209.478100333 210.356071544 211.343535103 212.427663378 213.594874373 214.830971143 216.121284778 217.450819398 218.804397627 220.166805033
221.522932044 222.857911945 224.157253591 225.406967586 226.593684774 227.704765987 228.728402126 229.653703786 230.47077975 231.170803853
231.746069822 232.190033876 232.497344996 232.66386292 232.68666407 232.56403572 232.295458878 231.881580441 231.324175295 230.626099147
229.791232916 228.824419637 227.731394832 226.51871138 225.193659943 223.764185992 222.238804515 220.62651344 218.9367068 217.179088623
215.363588463 213.500279444 211.59929961 209.670777281 207.72476105 205.771154932 203.819659115 201.879716619 199.960466106 198.070700958
196.218834645 194.412872323 192.660388473 190.968510365 189.343906978 187.792783013 186.320877505 184.933466543 183.635369526 182.430958374
181.324169096 180.31851509 179.417101561 178.622640485 177.937465517 177.363546332 176.90250189 176.555612205 176.323828221 176.207779504
196.208932284 197.570464181 200.036887143 203.147238944 206.330688927 209.024642373 210.793157376 211.421847581 210.969464742 209.764203314
208.343059742 207.343464165 207.365897885 208.83254857 211.869004262 216.233075499 221.307447793 226.162191763 229.680989177 230.733365543
228.366290424 221.983838196 211.484115852 197.328410848 180.527647902 162.544164738 145.120420169 130.058283475 118.981003239 113.113372394
329.053161287 325.100463185 319.297685805 314.861152194 314.551561463 319.179836636 326.830688931 333.175745843 332.822957469 321.233895451
296.497935307 260.279708872 217.54801932 175.143051763 139.675019706 115.504880914 103.536336014 101.253014255 103.974572017 106.85263968
