316.130870147 316.767276315 317.982010526 319.662322582 321.64740505 323.737833994 325.707289853 327.315882089 328.324310623 328.508051655
327.670757751 325.656111793 322.357468224 317.724747229 311.768209921 304.558925408 296.225932717 286.950290473 276.956383675 266.501009415
255.860883242 245.319288119 235.15262441 225.617610296 216.939828792 209.304223831 202.8480201 197.65638775 193.761003465 191.141484447
189.729502387 189.415230852 190.055650952 191.484144156 193.520743106 195.982394184 198.692609567 201.489949469 204.234872149 206.814613496
209.145900751 211.175456792 212.878402172 214.254801889 215.324723617 216.122266198 216.689075712 217.067888034 217.296620318 217.403480811
277.092659243 276.779769183 276.157100592 275.230842888 274.010196504 272.507273516 270.736966938 268.716790165 266.466688402 264.008824236
261.367339798 258.568098219 255.638407325 252.606728703 249.502375439 246.355201923 243.195289238 240.052629631 236.956813624 233.936723205
231.020234525 228.233933335 225.602846288 223.150190988 220.897147465 218.862653462 217.06322567 215.512808686 214.222653177 213.201224349
212.454141494 211.984149001 211.791118842 211.872084215 212.221303614 212.830354306 213.688253806 214.781607682 216.094781689 217.610095999
219.308039033 221.167498226 223.166004868 225.27999004 227.485048581 229.756207937 232.06819876 234.395724129 236.713724319 238.997634151
241.223630091 243.36886441 245.411683941 247.331831161 249.11062561 250.731123895 252.178256842 253.438942647 254.502175188 255.359086996
256.00298669 256.429370988 256.635911755 256.622418814 256.390779552 255.944876627 255.290485321 254.435152319 253.388057889 252.159863614
250.762547959 249.20923207 247.513998288 245.691703868 243.757792441 241.728105703 239.618697769 237.445654524 235.224920207 232.972133282
230.702473505 228.430521875 226.170134959 223.934334813 221.735215523 219.58386707 217.490317016 215.463490195 213.511186352 211.640075407
209.855709763 208.162552838 206.564022776 205.062550097 203.659647825 202.355992525 201.15151448 200.045495192 199.036670265 198.123335687
197.303455541 196.574769126 195.934895568 195.381434026 194.912057728 194.524600165 194.217131957 193.988027038 193.836017028 193.760232842
160.695759651 162.881080201 166.01941341 169.700437356 174.001357048 175.902703434 168.360450187 146.649394777 116.695658335 94.5789599345
