255.943545919 256.009197113 256.140098613 256.335450585 256.594058094 256.914336878 257.294320989 257.731672282 258.223691708 258.767332356
259.359214184 259.995640378 260.672615253 261.385863622 262.130851548 262.902808367 263.696749904 264.507502755 265.329729539 266.157954987
266.98659277 267.809972922 268.622369746 269.41803006 270.191201675 270.936161944 271.647246278 272.318876479 272.945588763 273.522061348
274.043141473 274.50387172 274.899515525 275.225581747 275.477848195 275.652383979 275.745570606 275.754121696 275.675101247 275.505940338
275.244452206 274.888845621 274.437736485 273.8901576 273.245566561 272.503851726 271.665336227 270.730780013 269.701379882 268.578767528
267.36500558 266.062581654 264.67440044 263.203773851 261.654409272 260.030395954 258.336189609 256.576595277 254.756748515 252.882095015
250.958368714 248.991568498 246.987933605 244.953917817 242.896162568 240.821469078 238.736769628 236.649098112 234.565559985 232.493301747
230.43948009 228.411230843 226.415637861 224.459701989 222.550310234 220.694205297 218.897955581 217.16792583 215.51024851 213.930796083
212.435154275 211.02859648 209.716059405 208.502120068 207.390974262 206.386416573 205.491822055 204.710129645 204.043827388 203.494939561
203.06501574 202.755121873 202.565833409 202.497230503 202.548895352 202.71991165 203.008866198 203.413852646 203.932477379 204.561867515
205.298680986 206.139118674 207.078938554 208.11347178 209.237640661 210.445978454 211.732650884 213.091479321 214.515965503 215.999317708
217.534478277 219.114152358 220.730837758 222.376855782 224.044382925 225.725483281 227.41214154 229.096296425 230.769874433 232.424823737
234.053148094 235.646940633 237.198417358 238.699950239 240.144099736 241.52364663 242.831623003 244.061342261 245.206428042 246.260841899
247.218909641 248.075346201 248.825278939 249.464269262 249.988332486 250.393955823 250.678114448 250.838285538 250.872460249 250.779153558
250.557411933 250.206818787 249.7274977 249.120113375 248.385870341 247.526509382 246.544301718 245.442040957 244.223032842 242.891082835
241.450481598 239.905988405 238.262812579 236.526593007 234.703375834 232.799590411 230.822023612 228.777792614 226.674316257 224.519285105
222.320630324 220.086491524 217.825183676 215.545163257 213.254993766 210.963310744 208.678786458 206.410094379 204.16587363 201.954693522
199.785018351 197.665172596 195.603306659 193.6073633 191.685044906 189.843781724 188.090701205 186.43259858 184.875908791 183.426679904
182.090548105 180.872714393 179.777923065 178.810442084 177.974045417 177.271997408 176.707039263 176.281377698 175.996675799 175.85404613
