330.885597574 333.00103524 336.924705565 342.073816917 347.650103218 352.722487097 356.324115755 357.55415788 355.674259474 350.190057389
340.909593032 327.972714429 311.84838291 293.299934898 273.321482829 253.051465862 233.671603883 216.300948085 201.895216862 191.161108332
184.493838741 181.943910024 183.216279223 187.701963564 194.538974338 202.696636864 211.075099337 218.610380109 224.374792178 227.663064422
228.05590358 225.45496884 220.086043532 212.470309956 203.366757944 193.691579353 184.422643194 176.498590201 170.722590459 167.680324434
194.202707265 195.769497144 198.840988195 203.295641974 208.957634364 215.604321935 222.975688537 230.785364786 238.7327455 246.51568315
253.843211031 260.447749169 266.096269041 270.599938852 273.821837556 275.682409943 276.162433449 275.303375426 273.205132878 270.021260083
265.951898206 261.234720214 256.134289892 250.930301667 245.905215555 241.331826612 237.461309847 234.51225958 232.661197621 232.034959532
232.705285289 234.685843711 237.931813186 242.342029231 247.763597219 253.998760964 260.813719635 267.949000815 275.130930228 282.083691521
288.541444719 294.259970438 299.027328821 302.673066409 305.075568823 306.167239353 305.937279683 304.431954869 301.752335565 298.049621591
293.518257312 288.387146338 282.909356444 277.350771755 271.978195231 267.047428255 262.791854772 259.412034756 257.066767004 255.866016112
363.38934381 359.770925437 353.972862226 348.277161324 344.844329967 344.747377987 347.376400144 350.450595033 350.651437067 344.662877883
330.256561305 307.046146606 276.658365543 242.281386658 207.772655547 176.655965568 151.357839565 132.922322032 121.246992868 115.679177603
178.244646789 180.507453881 185.036340939 191.802186148 200.681486809 211.384836616 223.396610226 235.946188302 248.02620393 258.464784475
266.04811426 269.678824954 268.546809856 262.28385909 251.0732174 235.690120899 217.458985571 198.125751532 179.657857137 163.997066183
152.79965983 147.202602988 147.652296206 153.824520794 164.651277739 178.454356694 193.169134328 206.627909323 216.862353267 222.38102462
201.755522084 201.189084253 200.228520637 199.247075634 198.842663076 199.807469262 203.006073162 209.161691741 218.597653343 231.018427976
245.422930538 260.214069592 273.508901083 283.582713026 289.323844781 290.556801802 288.119914587 283.654153385 279.149950094 276.378874172
328.626628813 326.932097677 323.770259511 319.555163576 314.815450292 310.105346984 305.916885396 302.610117798 300.373241684 299.217394244
299.003283453 299.490575489 300.397351438 301.45649849 302.458320562 303.273023844 303.851833519 304.21014778 304.399457222 304.476304863
