237.196212598 237.125320125 236.983912331 236.772740604 236.492924754 236.145944354 235.733627313 235.25813576 234.721949383 234.127846333
233.478881877 232.778364961 232.02983289 231.237024328 230.403850852 229.534367289 228.632741092 227.703221 226.750105259 225.777709651
224.790335621 223.792238739 222.787597793 221.78048474 220.774835795 219.774423873 218.782832632 217.803432331 216.839357696 215.893487982
214.968429409 214.066500093 213.189717628 212.339789387 211.518105653 210.725735619 209.963426282 209.23160426 208.530380488 207.859557767
207.218641096 206.606850683 206.023137544 205.466201529 204.934511629 204.426328395 203.939728248 203.472629493 203.022819795 202.587984872
202.16573817 201.753651234 201.349284527 200.950218412 200.554084026 200.158593759 199.76157108 199.360979431 198.95494992 198.541807568
198.120095863 197.688599392 197.246364328 196.792716587 196.32727746 195.849976576 195.361062042 194.861107658 194.351017112 193.832025077
193.305695196 192.773914905 192.238887141 191.703118939 191.169407013 190.64082038 190.120680169 189.612536732 189.120144233 188.647432891
188.198479085 187.777473546 187.388687874 187.036439644 186.725056356 186.458838537 186.242022262 186.078741401 185.972989906 185.928584424
185.949127561 186.037972083 186.198186366 186.432521375 186.743379457 187.13278522 187.602358744 188.153291371 188.786324286 189.5017301
190.299297595 191.178319801 192.137585538 193.175374505 194.289456016 195.477091427 196.73504027 198.059570093 199.446469968 200.891067613
202.388250024 203.932487512 205.517860985 207.138092326 208.786577657 210.456423267 212.14048399 213.831403746 215.521657993 217.203597776
218.869495092 220.511589238 222.122133818 223.69344409 225.217944302 226.688214697 228.097037832 229.437443899 230.702754713 231.886626048
232.983088026 233.986583254 234.892002442 235.694717247 236.390610096 236.976100767 237.448169558 237.804376844 238.042878907 238.162439907
287.432643735 286.52770593 284.742891835 282.127662668 278.754572574 274.717350162 270.128417235 265.115907943 259.820264394 254.390495624
248.980195545 243.74342176 238.830540918 234.384147323 230.535159968 227.399198871 225.073334826 223.63329752 223.13121562 223.593949261
225.022060619 227.389452314 230.6436867 234.706981991 239.477864164 244.833437014 250.632217079 256.717465777 262.920938354 269.066958471
274.976718739 280.472701374 285.383109741 289.546200699 292.814409684 295.058165045 296.169295403 296.063943382 294.684910905 292.003374866
288.019927266 282.764910309 276.298034123 268.70728237 260.107128452 250.636102014 240.45376152 229.737143382 218.676771203 207.472319744
196.328036972 185.44803381 175.031554836 165.268343968 156.33421729 148.386950438 141.562580701 135.972214181 131.699416391 128.798250722
127.292013695 127.172699166 128.401206068 130.908286362 134.596211923 139.3411217 144.99599398 151.394173373 158.35336866 165.680026122
173.173973801 180.633225462 187.858829047 194.659643214 200.856927186 206.288633551 210.813300695 214.313451207 216.698414382 217.906504854
