258.967264682 259.063466295 259.255401458 259.542136335 259.922275897 260.393970753 260.954926208 261.602413495 262.333283125 263.143980289
264.030562223 264.988717458 266.013786847 267.100786264 268.244430858 269.439160739 270.67916795 271.958424612 273.270712068 274.609650904
275.968731664 277.341346128 278.720818979 280.100439695 281.473494509 282.833298277 284.17322608 285.486744411 286.767441785 288.009058612
289.205516196 290.350944692 291.439709911 292.466438812 293.426043567 294.313744084 295.125088871 295.855974137 296.502661052 297.061791069
297.530399244 297.905925492 298.186223735 298.369568891 298.454661689 298.440631286 298.327035695 298.113860015 297.801512494 297.390818457
296.88301213 296.279726428 295.582980758 294.795166922 293.919033192 292.957666668 291.914473999 290.793160597 289.597708458 288.332352702
287.001556988 285.609987918 284.162488589 282.664051429 281.119790476 279.534913242 277.914692328 276.264436932 274.589464414 272.89507207
271.186509267 269.468950081 267.747466602 266.027003026 264.312350697 262.608124202 260.918738667 259.248388371 257.601026764 255.980348035
254.389770275 252.832420364 251.311120625 249.828377329 248.386371092 246.986949225 245.63162005 244.321549221 243.057558049 241.840123844
240.669382244 239.545131529 238.466838872 237.433648486 236.444391627 235.497598358 234.591511036 233.72409941 232.893077251 232.095920416
231.329886227 230.59203406 229.879247016 229.188254548 228.515655916 227.857944326 227.211531615 226.572773346 225.937994156 225.303513222
224.665669688 224.020847919 223.365502428 222.696182336 222.009555232 221.302430284 220.571780479 219.814763869 219.02874369 218.211307254
217.360283493 216.473759068 215.550092952 214.587929389 213.586209177 212.544179199 211.461400151 210.337752429 209.173440129 207.96899316
206.725267432 205.443443143 204.12502116 202.771817514 201.385956058 199.969859302 198.526237511 197.058076089 195.568621359 194.061364788
192.540025769 191.00853304 189.471004858 187.931728027 186.395135917 184.865785572 183.348334057 181.847514172 180.368109662 178.914930069
177.492785367 176.106460522 174.760690116 173.460133183 172.209348396 171.012769743 169.874682829 168.799201941 167.790247995 166.8515275
165.986512649 165.198422654 164.49020642 163.864526671 163.323745604 162.869912152 162.504750932 162.229652946 162.04566807 161.953499386
