312.657647547 311.893369589 310.292132488 307.720429994 304.006275301 298.969442622 292.456064599 284.373469772 274.72100851 263.612937372
251.290182468 238.118909388 224.575180812 211.216446797 198.642037877 187.446070474 178.167097744 171.239346664 166.950414523 165.409841972
166.532071312 170.036018865 175.461958332 182.204773851 189.56105528 196.786129664 203.156089101 208.029292025 210.901745463 211.451234458
209.566015217 205.355246561 199.139975896 191.425268875 182.855809956 174.158839982 166.079490195 159.314305166 154.448948255 151.90573081
173.725839005 174.506987824 176.055981745 178.346460487 181.33949675 184.984318768 189.219251983 193.972861762 199.165275232 204.70965686
210.513809495 216.481870178 222.516068242 228.518512064 234.392970316 240.046613701 245.391683979 250.347058544 254.839680851 258.805829658
262.192203194 264.956797976 267.069566028 268.512838568 269.281508761 269.382970873 268.836817828 267.674303942 265.937584096 263.67874499
260.958648119 257.845607772 254.413930506 250.742345253 246.912355259 243.006544581 239.106872674 235.292990818 231.640613623 228.219977762
225.094418313 222.31909075 219.939863725 217.992404423 216.501474435 215.480449963 214.931075734 214.843457381 215.196292383 215.957334913
217.084085355 218.524690824 220.219038858 222.100022621 224.094952593 226.127086813 228.117249376 229.985505129 231.652857395 233.042935029
234.083635326 234.708690085 234.859123635 234.484573694 233.544448566 232.008897381 229.859573663 227.090176581 223.706758493 219.727791993
215.183994329 210.117911778 204.583271271 198.644111078 192.373706694 185.85331206 179.170739892 172.418808007 165.69368123 159.093140461
152.714812006 146.654391022 141.003893122 135.849967662 131.272305087 127.342168908 124.121080532 121.659682212 119.996799999 119.1587247
