374.990811809 373.682932852 371.08638122 367.239254615 362.197917932 356.036080555 348.843591276 340.724971821 331.797714506 322.190373604
312.04048352 301.492339793 290.694681234 279.798313049 268.953711704 258.308652368 248.005899205 238.180997438 228.960204092 220.458591673
212.778355749 206.007353601 200.217896844 195.465816247 191.789812024 189.211097727 187.733340579 187.342895807 188.00932735 189.686202301
192.312141689 195.81210584 200.098888615 205.074791356 210.633444552 216.661742935 223.041858154 229.653292228 236.374934761 243.087087365
249.673419834 256.022824439 262.031137032 267.602696645 272.651718661 277.103460499 280.895162973 283.976754932 286.311313443 287.875276513
288.658410034 288.663535311 287.906027911 286.413102797 284.222904472 281.383424317 277.951270173 273.990315659 269.570258488 264.76511828
259.651704966 254.308088821 248.812102543 243.239904519 237.664630612 232.155159464 226.775013486 221.581414483 216.624509294 211.946776987
207.582625134 203.558178551 199.891259779 196.591556463 193.660966903 191.094111339 188.878993138 186.997791059 185.427761154 184.142224799
183.111617734 182.304574001 181.689018186 181.233239513 180.906922023 180.682106333 180.53406023 180.442037628 180.389908121 180.366642428
200.535588772 201.335188211 202.918239631 205.252782858 208.291707087 211.973725692 216.224642264 220.958879979 226.081240652 231.488854864
237.073280461 242.722703611 248.324194559 253.765969253 258.939608145 263.742184756 268.078258887 271.861692709 275.017252231 277.48196174
279.206184591 280.154410115 280.305733156 279.654019819 278.207760089 275.989615054 273.035673233 269.394436938 265.125565413 260.298406682
254.990354403 249.285069502 243.270608873 237.03750491 230.676840112 224.278360376 217.928668991 211.709540757 205.69639216 199.956939239
194.550069791 189.524951003 184.920387606 180.764439392 177.074300546 173.85643688 171.106970929 168.812298991 166.9499189 165.48944254
164.393763096 163.620343803 163.122592615 162.851285793 162.756002921 162.786536373 162.894239618 163.033281084 163.161773379 163.242751517
163.244978251 163.143559591 162.920358885 162.564203449 162.070883349 161.442947538 160.689307931 159.824667048 158.868789413 157.845640885
156.782423384 155.708535021 154.654487312 153.650812002 152.726989972 151.910433737 151.225553299 150.692932486 150.328639624 150.143692412
