346.88543776 346.713201836 346.369360157 345.855170141 345.172510646 344.323873273 343.312350852 342.141623153 340.815939895 339.340101147
337.719435199 335.95977404 334.067426545 332.049149506 329.912116664 327.663885886 325.312364645 322.865773993 320.332611182 317.721611138
315.041706966 312.301989687 309.511667401 306.680024084 303.816378208 300.930041409 298.030277373 295.126261177 292.227039247 289.341490156
286.478286432 283.645857568 280.85235441 278.105615085 275.413132644 272.782024561 270.219004225 267.730354574 265.321903975 262.999004463
260.766512437 258.62877189 256.589600252 254.652276893 252.819534328 251.093552163 249.475953784 247.967805791 246.569620176 245.281359195
244.10244291 243.031759342 242.067677158 241.208060825 240.450288126 239.791269935 239.227472147 238.754939613 238.369321969 238.065901196
237.839620764 237.6851162 237.596746909 237.568629078 237.594669484 237.668600026 237.784012791 237.934395481 238.113167 238.313713021
238.529421354 238.75371692 238.98009616 239.202160705 239.413650122 239.608473595 239.780740363 239.924788769 240.035213793 240.106892911
240.135010178 240.115078417 240.042959399 239.914881949 239.727457873 239.477695658 239.163011883 238.781240302 238.33063857 237.809892594
237.218118518 236.554862333 235.820097153 235.01421819 234.138035462 233.192764315 232.180013813 231.101773098 229.960395788 228.758582545
227.499361906 226.186069505 224.822325822 223.412012589 221.959247994 220.468360852 218.943863867 217.390426169 215.812845278 214.216018656
212.604915013 210.984545537 209.359935207 207.736094351 206.117990611 204.51052148 202.918487544 201.346566595 199.799288754 198.281012721
196.795903314 195.347910376 193.940749195 192.577882518 191.262504262 189.997524994 188.785559259 187.628914811 186.529583798 185.489235935
184.509213689 183.590529499 182.73386501 181.939572342 181.207677343 180.537884803 179.92958559 179.381865643 178.893516756 178.463049079
178.088705251 177.768476057 177.500117525 177.281169323 177.108974369 176.98069949 176.893357035 176.843827273 176.828881457 176.845205391
176.889423369 176.958122327 177.047876053 177.15526932 177.276921778 177.409511473 177.549797826 177.694643957 177.841038201 177.986114683
178.127172842 178.26169577 178.387367253 178.502087427 178.603986942 178.691439538 178.763072988 178.817778301 178.854717169 178.873327577
