335.863003437 335.62777657 335.158073366 334.455392855 333.521978509 332.360812151 330.975605813 329.370791554 327.551509208 325.523592072
323.293550499 320.868553413 318.256407718 315.465535605 312.504949755 309.38422644 306.11347653 302.703314418 299.164824903 295.509528032
291.749341984 287.896544008 283.963729508 279.963769344 275.909765433 271.815004761 267.692911924 263.55700033 259.420822208 255.297917588
251.201762431 247.145716098 243.142968367 239.206486212 235.348960583 231.582753418 227.919845159 224.371783013 220.949630241 217.663916756
214.52459129 211.540975435 208.721719823 206.074762742 203.607291449 201.325706467 199.235589108 197.341672505 195.647816357 194.156985634
192.871233451 191.791688271 190.91854564 190.251064565 189.787568667 189.5254522 189.461190984 189.5903583 189.907645738 190.406888964
191.081098351 191.922494376 192.922547641 194.072023372 195.361030192 196.779072943 198.315109293 199.957609846 201.694621443 203.51383329
205.402645569 207.348240119 209.337652795 211.357847053 213.395788331 215.438518768 217.473231785 219.487346065 221.46857845 223.405015285
225.285181743 227.098108653 228.833396401 230.48127545 232.03266307 233.479215879 234.813377816 236.028423214 237.118494638 238.078635229
238.904815282 239.59395287 240.143928333 240.553592502 240.822768573 240.9522476 240.943777581 240.800046216 240.524657398 240.122101592
239.597720273 238.957664644 238.2088489 237.358898342 236.416092675 235.389304879 234.287936054 233.121846681 231.901284775 230.636811407
229.339224131 228.019478817 226.688610464 225.357653521 224.037562288 222.739131956 221.472920828 220.249174294 219.077751076 217.968052281
216.92895376 215.968742257 215.095055803 214.314828777 213.634242038 213.058678473 212.592684285 212.239936302 212.003215532 211.884387166
