259.812451351 259.883328334 260.024591053 260.235259813 260.51387206 260.858490725 261.266715264 261.735695342 262.262147073 262.842371718
263.472276742 264.147399089 264.862930555 265.613745093 266.39442791 267.199306164 268.022481093 268.857861393 269.699197634 270.54011753
271.374161849 272.194820755 272.995570379 273.7699094 274.511395428 275.213680991 275.8705489 276.475946817 277.024020806 277.509147703
277.925966104 278.269405814 278.534715588 278.717489016 278.813688417 278.819666608 278.732186441 278.548438014 278.266053451 277.883119211
277.39818585 276.810275197 276.118884935 275.323990565 274.426044772 273.425974197 272.325173681 271.125498007 269.829251226 268.439173632
266.958426498 265.390574665 263.739567109 262.009715613 260.205671684 258.332401869 256.395161612 254.399467835 252.351070397 250.255922608
248.120150984 245.950024419 243.751922945 241.532306288 239.297682369 237.054575957 234.809497635 232.568913252 230.339214037 228.126687515
225.93748941 223.777616645 221.6528816 219.568887746 217.531006768 215.544357291 213.61378529 211.743846285 209.938789369 208.20254314
206.538703581 204.950523915 203.440906452 202.012396444 200.667177929 199.407071556 198.23353435 197.147661388 196.150189315 195.241501646
194.421635786 193.690291666 193.046841922 192.4903435 192.019550595 191.632928799 191.328670347 191.104710334 190.958743778 190.888243398
190.890477985 190.962531222 191.101320836 191.303617938 191.566066443 191.885202429 192.257473316 192.679256771 193.146879191 193.656633703
194.204797547 194.787648774 195.401482171 196.042624338 196.707447852 197.392384463 198.093937274 198.808691873 199.533326377 200.264620382
200.999462802 201.734858599 202.467934419 203.195943139 203.916267366 204.626421907 205.324055276 206.006950251 206.673023578 207.320324848
207.947034639 208.551461975 209.132041193 209.687328289 210.215996822 210.716833457 211.18873324 211.630694678 212.041814704 212.421283621
212.768380087 213.082466227 213.362982946 213.609445493 213.821439362 213.998616568 214.14069236 214.247442411 214.318700525 214.354356888
