348.590196151 347.678602135 345.866358766 343.175203413 339.637364544 335.29511508 330.200187488 324.413059519 318.002121414 311.042737186
303.616214129 295.808696059 287.70999684 279.412391597 271.009383488 262.594464214 254.259886343 246.095465214 238.187427564 230.617323139
223.461014405 216.78775814 210.659391076 205.129630067 200.243495326 196.036863301 192.536153654 189.758152723 187.709973669 186.389151457
185.783868745 185.873306858 186.628114171 188.010982606 189.977321465 192.476016538 195.450261414 198.838447075 202.575095313 206.591821181
210.818309625 215.18329162 219.615505554 224.044630238 228.402176779 232.622327569 236.642711882 240.405108869 243.856070257 246.947456533
249.636882062 251.88806614 253.67108867 254.962550674 255.745641414 256.010115301 255.752183127 254.974323305 253.685019883 251.898434929
249.634023635 246.916100959 243.773368972 240.238414247 236.347184528 232.138453784 227.653284296 222.934493982 218.026136426 212.973000378
207.820134578 202.612402834 197.394073316 192.208445 187.09751319 182.101675063 177.259475244 172.607390511 168.179651971 164.008102299
160.122085091 156.548362872 153.311059983 150.431626364 147.928818161 145.818691164 144.114603258 142.827222368 141.964536801 141.531865387
176.15598968 177.137420741 179.078838078 181.937867035 185.652219079 190.141181678 195.307542238 201.039894852 207.215268738 213.702009068
220.362834844 227.057994522 233.648438438 239.998927739 245.981002398 251.475735881 256.376210982 260.589659989 264.03922235 266.665284192
268.426375883 269.299616069 269.280702876 268.383464861 266.638995479 264.094405097 260.811233494 256.863573337 252.335960935 247.321094741
241.917444381 236.226813538 230.351918868 224.394044325 218.450826025 212.614217266 206.96867674 201.589615583 196.542130914 191.880045238
187.645262688 183.867444835 180.564000894 177.740379822 175.390645072 173.498306959 172.037382582 170.973649247 170.266054309 169.868242281
169.730158976 169.799692249 170.024309549 170.352653914 170.736062134 171.129971516 171.495184852 171.798966871 172.015949384 172.12882661
