381.752522542 379.283979615 374.421605009 367.312127046 358.169008246 347.264780383 334.921296798 321.498281719 307.38062124 292.964887388
278.64561347 264.801844647 251.784472274 239.904824741 229.424932937 220.549817377 213.422059592 208.118826091 204.651413153 202.967278945
202.954430392 204.447939811 207.238284409 211.081133641 215.708157828 220.83839828 226.189725703 231.489920173 236.486931893 240.957926018
244.716774853 247.619733993 249.569122095 250.514913282 250.454242758 249.42891598 247.521095953 244.847418137 241.5518451 237.7976207
233.758714445 229.611159596 225.524683231 221.65500335 218.137128487 215.07994115 212.562280431 210.630664344 209.298712494 208.548248115
208.331979176 208.577584751 209.192968415 210.072388064 211.103133511 212.1724011 213.174009437 214.014612143 214.619091744 214.934861994
258.058759227 256.754215265 254.229492524 250.64705053 246.235433996 241.272541954 236.065583528 230.929392864 226.16488916 222.039421261
218.77053572 216.5143727 215.359458029 215.326163656 216.371599469 218.399224361 221.272067132 224.828163978 228.896673364 233.313131943
237.932463359 242.638628089 247.350177435 252.021410039 256.639281211 261.216639285 265.78271817 270.372067372 275.013227139 279.718446599
284.475600425 289.243201054 293.949056993 298.492729632 302.751532626 306.589441127 309.867971341 312.457884834 314.250487258 315.167335494
337.648540339 334.525024238 328.41296435 319.576256593 308.395910581 295.353038823 281.007449647 265.97285184 250.889831435 236.397855191
223.107586908 211.574770924 202.276844479 195.593292693 191.79056534 191.012144002 193.274094315 198.46617415 206.358308542 216.611999051
228.79602099 242.405586545 256.884022846 271.645936527 286.100811944 299.67601829 311.838277201 322.11276109 330.099144814 335.484109703
338.049988683 337.679433488 334.356169182 328.162068282 319.270918642 307.939370325 294.495623111 279.326456957 262.863213475 245.567310486
227.91581882 210.387556886 193.450071382 177.54777914 163.091452834 150.449148591 139.938601863 131.821063094 126.296509024 123.500149201
257.077639116 255.988834894 253.878624549 250.879882903 247.186979058 243.049487001 238.763299923 234.658898801 231.086658605 228.399297523
226.931869041 226.980034824 228.777700371 232.475402241 238.121062012 245.644828999 254.84969171 265.409330464 276.87431045 288.687192313
300.206499851 310.738779283 319.577270396 326.045050421 329.539970302 329.578336968 325.834148931 318.17079359 306.662470068 291.603196249
273.502056241 253.064288893 231.158838291 208.774003399 186.963753521 166.788041354 149.250979687 135.241002754 125.477082198 120.46470888
178.075133151 178.333159042 178.861956652 179.68539302 180.835333318 182.347262941 184.254999071 186.584912808 189.350130571 192.545198207
196.141671966 200.085047913 204.293358834 208.657660257 213.044501756 217.300344506 221.257749752 224.743034752 227.584981307 229.624094931
230.721856236 230.769384435 229.694948129 227.469810499 224.111982009 219.687568985 214.309544173 208.13391734 201.353440898 194.189137654
186.880075601 179.671929324 172.804951749 166.502027863 160.957490248 156.327343772 152.721474978 150.19831441 148.762283569 148.364200089
148.904644609 150.240120662 152.191675072 154.555500765 157.11492541 159.653105085 161.965697651 163.872788283 165.22938031 165.933845586
