371.710141567 368.817959097 363.187334209 355.113130195 345.007485206 333.367319571 320.736648727 307.667568693 294.683711017 282.24943539
270.747132733 260.463889631 251.58758245 244.211391475 238.344892311 233.929388128 230.855029555 228.977506531 228.132613125 228.147670084
228.849512048 230.069384538 231.645553374 233.424650365 235.262755332 237.026982667 238.597972897 239.873277958 240.771265807 241.234931393
384.818683755 380.983684328 373.41265377 362.306529979 347.973275196 330.833216321 311.422324273 290.39083455 268.494736027 246.578161257
225.545559541 206.323642533 189.814346292 176.841316409 168.093549242 164.070675053 165.034832804 170.974082146 181.581791114 196.255444161
214.116901 234.054414632 254.784835606 274.932560342 293.120102416 308.063844564 318.66770632 324.107236586 323.897058743 317.935646722
306.523023496 290.349024922 270.452094462 248.150971784 224.953902982 202.451931821 182.204255682 165.624414182 153.876145296 147.787077662
252.320051433 252.351879097 252.415032471 252.508513298 252.630838262 252.780055705 252.953767643 253.14915685 253.363018721 253.591797584
253.831627076 254.078374155 254.327686284 254.575041287 254.815799349 255.045256604 255.25869974 255.451461036 255.618973238 255.756823686
255.860807098 255.926976438 255.95169131 255.931663335 255.863998015 255.74623259 255.576369478 255.352904872 255.074852182 254.741760003
254.353724373 253.911395151 253.415976371 252.86922052 252.273416738 251.631372993 250.946392361 250.222243587 249.463126179 248.673630319
247.858691972 247.023543576 246.173660779 245.314705728 244.452467443 243.59279985 242.741558077 241.904533651 241.087389214 240.295593445
239.534356829 238.808568932 238.122737851 237.480932455 236.886728051 236.343156056 235.852658241 235.417046059 235.037465543 234.714368196
234.447488252 234.23582663 234.077641827 233.970447972 233.911020134 233.895406983 233.918950772 233.976314574 234.06151663 234.167971598
234.288538406 234.41557439 234.540995289 234.656340639 234.752844048 234.82150777 234.85318097 234.838641016 234.768677105 234.6341755
234.42620564 234.136106345 233.755571365 233.276733496 232.692246478 231.995363955 231.180014721 230.24087357 229.173427058 227.974033539
226.639976878 225.1695133 223.561910873 221.817481214 219.937603027 217.924737197 215.782433206 213.515326706 211.129128193 208.630602762
206.027541024 203.328721349 200.543863641 197.683574966 194.759287405 191.783188566 188.768145271 185.727620995 182.675587672 179.626432553
176.594860846 173.595794893 170.644270689 167.755332569 164.943926894 162.224795615 159.612370551 157.120669261 154.763193341 152.552829991
150.501757654 148.621356495 146.922124469 145.413599663 144.104289555 143.001607772 142.111818882 141.43999166 140.989961231 140.764300399
