289.446941868 289.512771916 289.638849419 289.81414069 290.022421246 290.242659574 290.449516485 290.613949808 290.703911983 290.685126204
290.521925093 290.178134574 289.617984636 288.807028025 287.713047716 286.306934088 284.563513312 282.462309293 279.988222794 277.132112918
273.891267992 270.269755056 266.278639482 261.936068796 257.267217438 252.304091898 247.08519844 241.655078342 236.06371818 230.365845219
224.620120242 218.888242234 213.233981143 207.722156402 202.417580085 197.383984304 192.682952926 188.372877642 184.507958118 181.137265157
178.303884724 176.044159194 174.387040421 173.353567143 172.956476939 173.199960424 174.079562709 175.582234393 177.686531505 180.362961047
183.574465992 187.277040995 191.420467571 195.949155249 200.803073206 205.918755177 211.230359048 216.670761524 222.172667619 227.669714424
233.097548789 238.394859029 243.504341695 248.373585708 252.955857768 257.210774839 261.104851739 264.611914226 267.713370611 270.398337628
272.663619117 274.513538896 275.959632006 277.02020124 277.719748433 278.0882924 278.160587571 277.975259253 277.573873037 276.999957102
276.297997028 275.512423238 274.686611272 273.861914806 273.07675064 272.365753828 271.759019713 271.281447878 270.952201023 270.784289459
149.320149152 157.710996264 163.068670194 157.700195292 148.082138702 147.171398048 158.940608066 174.787611783 184.810004861 187.80842722
177.452430079 181.681059913 189.880385062 201.550374802 215.979567065 232.28860517 249.483881381 266.517898539 282.352564445 296.02148817
306.687459351 313.691648624 316.591640984 315.186160814 309.525213557 299.905293919 286.850231386 271.079100647 253.463363974 234.975991692
216.635695511 199.449591929 184.357588097 172.181563138 163.582028749 159.024427996 158.756611006 162.798353987 170.943106529 182.771501091
197.675571717 214.892132969 233.543382879 252.682525398 271.342060291 288.582357225 303.538206046 315.461203776 323.756085589 328.00941636
201.874366557 197.290045068 188.92456423 178.26904444 167.288670624 158.140662389 152.86414116 153.085474369 159.779841926 173.121087639
192.438806881 216.286147923 242.606343168 268.972840871 292.868947179 311.969264884 324.38720609 328.859849915 324.852048027 312.574084041
292.919327763 267.33832357 237.67221872 205.970661446 174.317337853 144.680945408 118.80193433 98.1173779351 83.7194218232 76.3381554568
