263.197763159 262.737432549 261.825410669 260.478831506 258.72303662 256.591150365 254.123524239 251.367059364 248.374418048 245.203137181
241.914657824 238.573286704 235.245106448 231.996852242 228.894773148 226.003496618 223.38491467 221.097109922 219.193339037 217.72109026
216.721230546 216.227256388 216.264660822 216.850427217 217.992658492 219.690348221 221.933297835 224.702181819 227.96876043 231.696237097
235.839755368 240.347028022 245.159088829 250.21115549 255.433590466 260.75294483 266.093068921 271.376272455 276.524515961 281.460614819
286.10943696 290.399075339 294.261976617 297.636008166 300.465446416 302.701870764 304.304948724 305.243099663 305.494026348 305.0451056
303.893631513 302.046907019 299.522181949 296.346438128 292.556024453 288.196147253 283.320223508 277.989106665 272.270196789 266.236448632
259.965292807 253.537486642 247.035912415 240.544341516 234.146183628 227.923240311 221.954482288 216.31486942 211.074231691 206.296228601
202.037403169 198.346345262 195.262977312 192.817973551 191.032321842 189.917034965 189.473015886 189.691079136 190.552128018 192.027484889
194.079369417 196.661517377 199.719930367 203.193744766 207.016206413 211.115735808 215.417067241 219.842444077 224.312851565 228.749267926
233.073914209 237.2114834 241.090329607 244.643598751 247.810283111 250.536183253 252.774762333 254.48787942 255.646390388 256.230606999
313.532603775 313.436086685 313.236238189 312.919680685 312.466968181 311.853310931 311.049509088 310.023068585 308.739467142 307.163533774
305.260901686 302.99949196 300.350984145 297.292229712 293.806565367 289.884985451 285.527135931 280.742096892 275.548925647 269.976938721
264.065717607 257.864830437 251.433269124 244.838609144 238.155906576 231.466354224 224.855725332 218.41263949 212.226690551 206.386480705
200.977608047 196.080657067 191.769242325 188.108155123 185.151661364 182.941995821 181.508093997 180.864597597 181.01116351 181.932099275
183.596340422 185.957777014 188.955928402 192.516956763 196.555001759 200.973810673 205.668630975 210.528325593 215.437665337 220.279748142
224.938491205 229.301139702 233.260734735 236.71848349 239.585976243 241.787197864 243.260285735 243.958991447 243.853810124 242.932748616
241.20171194 238.684496001 235.422383629 231.473350115 226.910893455 221.822513255 216.307870479 210.476667741 204.446296455 198.339302754
192.280728469 186.395386568 180.805132167 175.626190583 170.966602723 166.923845674 163.582682411 161.0132895 159.269705362 158.388634426
