246.336608005 246.336329059 246.335613082 246.334145453 246.331458098 246.326934086 246.319813688 246.309201862 246.294077083 246.273301459
246.245632032 246.209733173 246.164189972 246.107522487 246.038200754 245.954660412 245.855318808 245.738591456 245.602908691 245.446732381
245.268572556 245.067003793 244.840681234 244.588356073 244.308890397 244.00127123 243.664623666 243.298222968 242.901505518 242.474078529
242.015728412 241.52642773 241.006340659 240.455826915 239.875444083 239.265948331 238.628293485 237.963628463 237.273293076 236.558812217
235.821888475 235.064393228 234.288356264 233.495954021 232.689496521 231.871413091 231.044236995 230.210589073 229.373160532 228.534695002
227.697970013 226.865778031 226.040907199 225.226121936 224.424143553 223.637631034 222.869162141 222.121214982 221.396150211 220.696193987
220.023421835 219.379743542 218.766889217 218.18639662 217.639599869 217.127619627 216.651354848 216.211476144 215.808420847 215.442389807
215.113345952 214.82101463 214.564885745 214.344217668 214.1580429 214.005175455 213.884219903 213.793582014 213.731480921 213.695962716
213.684915374 213.696084896 213.727092543 213.775453039 213.838593592 213.913873604 213.998604895 214.090072317 214.185554561 214.282345032
214.377772605 214.469222113 214.554154402 214.630125805 214.694806868 214.7460002 214.781657295 214.799894194 214.799005876 214.777479249
214.734004653 214.667485773 214.577047894 214.462044424 214.32206164 214.156921614 213.966683298 213.751641763 213.512325586 213.249492417
212.964122755 212.657411979 212.330760701 211.985763512 211.624196214 211.248001636 210.859274134 210.460242922 210.05325434 209.640753207
209.225263411 208.809367885 208.395688117 207.98686337 207.585529772 207.194299427 206.815739732 206.452353048 206.10655689 205.780664793
205.476868002 205.197218138 204.943610958 204.717771365 204.521239759 204.355359852 204.221268043 204.119884427 204.051905519 204.017798744
