206.43665988 206.691178236 207.196819852 207.946835315 208.931201992 210.1367445 211.547293175 213.143878702 214.90496067 216.806687422
218.823184192 220.926866214 223.088773175 225.278921161 227.466668004 229.621087802 231.711350274 233.707100521 235.578834778 237.298267771
238.838687366 240.175292349 241.285509349 242.149285148 242.749350892 243.071455019 243.104562087 242.841015048 242.276658923 241.410924282
240.246869364 238.791180152 237.054128185 235.049486382 232.794403599 230.309239156 227.617358977 224.74489548 221.720473718 218.574906712
215.340863239 212.052511691 208.745143882 205.454782939 202.217779603 199.070401419 196.048419389 193.186696717 190.518784268 188.076527324
185.889688087 183.985588264 182.388775827 181.120719827 180.199536823 179.639752171 179.452099045 179.643357637 180.216236604 181.169298316
182.496929014 184.189354511 186.232701544 188.609104391 191.296855902 194.27060155 197.501574674 200.957870614 204.604756993 208.405017011
212.319322237 216.306631042 220.324608523 224.330063528 228.279398171 232.129065078 235.836027495 239.358217355 242.654986377 245.687545333
248.41938675 250.816686419 252.848679357 254.488006068 255.711025284 256.498089709 256.833781646 256.707105844 256.111637306 255.045622311
253.512031366 251.518563327 249.077600435 246.206114544 242.925525337 239.261511811 235.243778868 230.905781258 226.284407641 221.419627927
216.354107459 211.132791969 205.802467544 200.411300126 195.008359273 189.64313112 184.365025558 179.222882753 174.264484132 169.536072914
165.081889195 160.943724415 157.160499882 153.767873732 150.797880454 148.278606741 146.233907059 144.683161925 143.641081411 143.117555938
323.4126266 321.922112337 319.006290858 314.792612505 309.464975447 303.25535669 296.433242585 289.293330201 282.142048467 275.283501278
269.00546151 263.566043761 259.18165479 256.016765251 254.175966795 253.698678507 254.556750214 256.655082711 259.835251802 263.881990304
268.532255464 273.486494295 278.421621172 283.005144945 286.909830339 289.828252764 291.486608038 291.657168994 290.168838023 286.915325989
281.860590074 275.041281535 266.566083918 256.611957366 245.41743936 233.273280662 220.510811784 207.488534873 194.577514094 182.146191029
170.545277813 160.093378676 151.06396013 143.674232684 138.07642502 134.351828648 132.507871584 132.478348767 134.126800407 137.252893199
141.601529218 146.874289076 152.742714599 158.862856446 164.890457011 170.496111293 175.379749137 179.283811525 182.004550064 183.400960059
