207.183517431 208.559069722 211.26483026 215.211531811 220.268780911 226.269142863 233.013386179 240.276721404 247.815838069 255.376518501
262.701589251 269.538960506 275.649501333 280.814504096 284.842504662 287.575245657 288.892597362 288.716284033 287.012301361 283.791952284
279.111472082 273.070258267 265.80776475 257.499161779 248.349901831 238.589365803 228.463792385 218.228715521 208.141149687 198.451769876
189.397332479 181.19357467 174.028813866 168.058445685 163.4005095 160.132456008 158.289212407 157.862598978 158.802107563 161.01700882
164.37971288 168.730268195 173.881847464 179.627038565 185.744733402 192.007389346 198.188427027 204.069524943 209.447575833 214.141081799
217.995784385 220.889351546 222.734974897 223.483766694 223.125885567 221.690361768 219.243635278 215.886862135 211.75208445 206.997396477
201.801271584 196.356242002 190.862143941 185.519154358 180.520851983 176.047533819 172.260009493 169.294079595 167.25588125 166.21825527
270.243432332 270.597679103 271.301346301 272.344838315 273.713903736 275.389803844 277.349534084 279.566095867 282.008815406 284.643705767
287.433867766 290.339924902 293.32048709 296.332637665 299.332437778 302.275442212 305.117220408 307.813876551 310.322562503 312.601977537
314.612848964 316.318388027 317.684715711 318.68125355 319.281074919 319.461212793 319.202920534 318.491882806 317.318374358 315.677365061
313.568570235 310.99644596 307.970129766 304.50332772 300.614149607 296.324894495 291.661789578 286.654685746 281.336713823 275.743905875
269.914786372 263.889938356 257.71154999 251.422947085 245.068117345 238.691232082 232.336171183 226.046056987 219.862802592 213.826679858
207.975912128 202.34629626 196.970858244 191.879546132 187.098963571 182.652146651 178.558386227 174.833097258 171.487736141 168.529766342
165.962672064 163.786019063 161.99556113 160.583390202 159.538127531 158.845152843 158.486867962 158.442990983 158.690876728 159.205858931
159.961609372 160.930509018 162.084026152 163.393096414 164.828499751 166.361229357 167.962847871 169.605826316 171.263861584 172.912168566
174.527743493 176.089595402 177.578943202 178.979376259 180.276976968 181.460404332 182.520938113 183.452483673 184.251538169 184.917119317
185.450658433 185.855859962 186.138530142 186.306377877 186.368791246 186.336593407 186.221781893 186.037255515 185.796533231 185.513469415
185.20196997 184.875713696 184.547883209 184.230909541 183.936234309 183.674093084 183.453323247 183.281199219 183.163297576 183.103394061
