340.420182323 337.77679515 332.655281147 325.375112669 316.388655579 306.251078142 295.583591412 285.032574143 275.227394305 266.739791569
260.047530098 255.50468418 253.320410959 253.547436814 256.080787077 260.666576789 266.920006652 274.351121532 282.396428664 290.454167027
297.920882855 304.226999503 308.869260085 311.438244125 311.639581748 309.307971934 304.413614621 297.06115118 287.481640214 276.018449647
263.108204613 249.258086791 235.020837125 220.968781309 207.668093407 195.654358811 185.410315886 177.346467316 171.785074681 168.947895358
233.851537717 233.805810433 233.712721961 233.569042588 233.370022319 233.1095025 232.78006159 232.373192504 231.879508419 231.288973385
230.591153682 229.775485434 228.831553713 227.749378129 226.519699739 225.134264067 223.586095044 221.869754771 219.98158423 217.919920334
215.685285047 213.280542755 210.711022554 207.984602655 205.111754735 202.105546669 198.981602767 195.758021323 192.455249968 189.095920016
185.704641672 182.307762603 178.933093017 175.609600932 172.367081853 169.23580751 166.246158702 163.428247571 160.811534887 158.424448
156.294005223 154.445452309 152.901916591 151.684084091 150.809904639 150.294329619 150.149086514 150.382493897 150.999319911 152.000686663
153.384022259 155.143061504 157.267895584 159.745070274 162.557731518 165.6858165 169.106287626 172.793406203 176.719041984 180.853014194
185.163459203 189.617219553 194.180248759 198.818026048 203.495975027 208.179880237 212.836295563 217.432938579 221.939065162 226.325818949
230.566550654 234.637102671 238.516054962 242.184928786 245.628345488 248.834138258 251.793415476 254.500575017 256.953269614 259.152324166
261.101606578 262.807854441 264.280460544 265.531220827 266.574048957 267.424662223 268.100243861 268.619087304 269.000228081 269.26306931
269.427006778 269.511059617 269.533512485 269.511574951 269.461063521 269.396111355 269.328910311 269.269489397 269.225533162 269.202242905
