231.148045059 232.01538705 233.763524067 236.41633779 240.002348074 244.54665457 250.061312659 256.534999475 263.922917193 272.137902962
281.04366507 290.450945615 300.117228135 309.750375725 319.016316288 327.550604289 334.973402141 340.9071584 344.996033017 346.925948051
346.444038538 343.376251276 337.64189305 329.264062984 318.375109855 305.216523075 290.132980271 273.560616302 256.009927395 238.044058293
220.253518756 203.228619377 187.531089089 173.666426177 162.058533793 153.028098254 146.775987809 143.372690186 142.75448358 144.726665859
148.973772174 155.076314758 162.533203977 170.788678957 179.262309209 187.380441956 194.607374848 200.474536681 204.6060601 206.7393246
217.996778986 221.082009084 216.804182606 200.404917593 181.885336587 174.298999982 176.783543421 175.968274861 164.52907492 151.815647854
312.920098108 312.452721054 311.524078007 310.146301683 308.337368979 306.120838104 303.525504253 300.584979008 297.337199764 293.823876543
290.089884492 286.182611154 282.151268289 278.046178517 273.918047448 269.81723213 265.793016708 261.892906041 258.161947738 254.642092628
251.371603045 248.384517618 245.710180325 243.372840621 241.391330329 239.778821834 238.542670843 237.684345731 237.199444132 237.077796152
237.30365224 237.855952516 238.708673094 239.831243843 241.189030905 242.743876416 244.454686973 246.27806173 248.168950457 250.081331459
251.968899022 253.78574999 255.487059086 257.029732903 258.373032805 259.479157569 260.313777236 260.84651047 261.051338625 260.906950745
260.39701484 259.510371919 258.24115052 256.588800696 254.558047677 252.158766694 249.405781639 246.318591423 242.921028984 239.24085892
235.309320628 231.16062464 226.831410517 222.360175213 217.786681193 213.151353865 208.494677946 203.85660235 199.27596295 194.789932217
190.433504228 186.239022898 182.235760541 178.449552975 174.902496458 171.61271064 168.594170677 165.856610445 163.405497651 161.24208043
159.363503869 157.762993737 156.430103621 155.351020654 154.508924048 153.884389853 153.455834582 153.199989776 153.092399086 153.107929132
153.221285188 153.407522734 153.642546 153.903584887 154.169642065 154.421902542 154.644098708 154.822824584 154.947793909 155.012037667
239.936866975 237.356838634 232.414319966 225.525293849 217.267712048 208.330899506 199.455354536 191.368298339 184.720675051 180.031131646
177.641834879 177.689875578 180.096575054 184.57537976 190.657361431 197.731785441 205.097912813 212.02327764 217.803211873 221.816409549
223.571821811 222.743096576 219.188026808 212.951923966 204.255345717 193.468033606 181.072122067 167.61855386 153.681101955 139.812418701
126.506118946 114.168106365 103.099260798 93.4903357416 85.4286020922 78.9145519861 73.8859690953 70.2459793639 67.8913857957 66.73768932
