349.016543377 350.676712574 353.431707466 356.209582461 357.56601119 355.912272882 349.834192393 338.460131664 321.794776488 300.912485617
277.915983125 255.617710445 236.980934356 224.441107883 219.28514795 221.273089451 228.634284251 238.470286699 247.477753876 252.80458678
348.738482195 348.244065704 347.261344053 345.802456754 343.885406367 341.533813713 338.776596874 335.6475785 332.185026931 328.431137588
324.431461891 320.234291709 315.890007936 311.450402283 306.967981723 302.495265228 298.084082542 293.784884634 289.646075306 285.713373061
282.029211898 278.632189087 275.556567294 272.831837595 270.482349067 268.527009608 266.979061666 265.845935446 265.129181044 264.824479871
264.921734559 265.405235489 266.25390098 267.441587171 268.937462703 270.706442389 272.709673343 274.905066305 277.247864384 279.691240961
282.186918199 284.685797397 287.138592378 289.49645717 291.711599424 293.737871341 295.531330336 297.050762173 298.258160002 299.119153429
299.603382594 299.684813087 299.341988485 298.558218235 297.321699624 295.625573524 293.467914631 290.851657823 287.784463205 284.278523265
280.350316347 276.020311379 271.312629406 266.254668013 260.876695169 255.211419292 249.293542597 243.159304836 236.846024519 230.391644585
223.834289225 217.211838202 210.561524595 203.919561308 197.320801125 190.798434355 184.383727418 178.105804914 171.991476925 166.065112465
160.348559183 154.861108594 149.619505354 144.637998318 139.928430469 135.500364122 131.361237315 127.516546756 123.970052379 120.723998203
117.779344062 115.136002645 112.793076302 110.749088222 109.002202758 107.550430015 106.391810222 105.524573847 104.947274026 104.658888434
