241.249125662 242.837778777 245.93322453 250.376399442 255.940069286 262.341688209 269.259305701 276.349559487 283.26666921 289.681289763
295.298097659 299.871067946 303.21554749 305.21643355 305.832011714 305.093279109 303.098860172 300.005895726 296.017534462 291.367863724
286.305270861 281.075317748 275.904233862 270.984086269 266.46057114 262.424198334 258.905419156 255.873991745 253.242604821 250.874506066
248.594623603 246.2034441 243.492733209 240.262064504 236.335069424 231.574336184 225.893969396 219.268968683 211.740784912 203.418653846
194.476574118 185.146072312 175.705165411 166.464172933 157.749232493 149.884520532 143.174265301 137.885656281 134.233702135 132.36897112
265.734279261 265.58671558 265.292836851 264.855128976 264.277292527 263.564209087 262.721896858 261.757455933 260.679003732 259.495601198
258.217170414 256.854404396 255.418669898 253.921904087 252.376506061 250.795224173 249.1910402 247.577051409 245.966351591 244.371912147
242.806464303 241.282383536 239.811577237 238.405376662 237.074434113 235.82862632 234.676964859 233.627514446 232.687319825 231.862341913
231.157403775 230.576146912 230.120998246 229.793148098 229.59253934 229.517867819 229.566594025 229.7349659 230.018052553 230.409788571
230.903028518 231.489611099 232.160432407 232.90552757 233.714160058 234.574917812 235.475815331 236.40440077 237.347867082 238.293166184
239.227125111 240.136563109 241.008408593 241.829814927 242.588273975 243.271726404 243.868667744 244.36824927 244.760372793 245.035778531
245.186125275 245.204062168 245.083291443 244.818621612 244.406010638 243.842598742 243.126730585 242.257966653 241.237083808 240.066065014
238.7480784 237.28744588 235.689601673 233.961041139 232.109260445 230.142687653 228.070605912 225.903069482 223.650813406 221.325157688
218.93790689 216.501246094 214.027634213 211.529695644 209.020111282 206.511509903 204.016360926 201.546869548 199.114875196 196.731754252
194.408327914 192.154776029 189.980557684 187.894339238 185.903930453 184.016229256 182.237175613 180.571714896 179.023771028 177.596229605
176.290931091 175.108674095 174.049228634 173.111359188 172.292857276 171.590583174 171.000516322 170.517813874 170.13687678 169.851422709
169.654565066 169.538897293 169.496581594 169.5194412 169.599055233 169.726855217 169.894222291 170.09258413 170.313510628 170.548807379
170.790606051 171.031450737 171.264379435 171.482999872 171.681558894 171.855004764 171.999041738 172.110176397 172.185755267 172.223993359
254.665486688 259.078354498 267.440225005 278.867280804 292.139387703 305.815476499 318.36967694 328.335250748 334.442657814 335.738689773
331.675457855 322.160945529 307.566546333 288.691142875 266.685443615 242.944077524 218.975988517 196.265680347 176.138648107 159.64382398
147.46411768 139.863321855 136.674058083 137.327414022 140.920861313 146.317343628 152.265444631 157.528574372 161.010338011 161.863742583
159.573601462 154.004238736 145.408102077 134.39481362 121.864134972 108.909904413 96.7048682564 86.3781927006 78.8981251169 74.9717096446
