368.000139241 366.435986599 363.340714069 358.779613672 352.848708404 345.672506047 337.401089322 328.206612617 318.279289817 307.822969982
297.050407489 286.178340514 275.42249622 264.992642617 255.08780574 245.89176659 237.568945288 230.26077028 224.082618476 219.121398138
215.433830553 213.045469383 211.950478536 212.112170881 213.464291506 215.913011164 219.339578207 223.603561375 228.546601533 233.996578138
239.772086355 245.687113353 251.555797713 257.197154149 262.439646887 267.12549908 271.114632409 274.288140429 276.551210923 277.835426391
278.100387277 277.334619475 275.555745428 272.809916415 269.170521987 264.736210356 259.628270639 253.987443584 247.970241537 241.744870446
235.486856531 229.3744874 223.584181973 218.285905145 213.638741996 209.786742241 206.855138851 204.94703541 204.14064507 204.487150232
206.009236614 208.700338626 212.524615276 217.417657678 223.287911096 230.018776701 237.471341359 245.48766818 253.894566658 262.507749327
271.13627226 279.587149715 287.670028864 295.201809089 302.011091635 307.942349624 312.859715334 316.6502911 319.226901975 320.530222081
225.615821249 225.634000122 225.670261395 225.724412654 225.796166608 225.885142678 225.990869094 226.1127855 226.250246041 226.402522918
226.568810389 226.748229187 226.939831342 227.142605356 227.355481724 227.577338746 227.807008616 228.043283728 228.284923183 228.530659444
228.779205104 229.029259727 229.279516719 229.52867019 229.775421762 230.018487288 230.256603442 230.488534133 230.713076714 230.929067949
231.135389691 231.330974261 231.514809471 231.685943278 231.843488043 231.986624362 232.114604452 232.226755075 232.322479987 232.40126189
232.462663883 232.506330414 232.531987712 232.539443716 232.528587492 232.499388155 232.451893295 232.386226931 232.302586999 232.201242394
232.082529598 231.946848902 231.794660259 231.626478798 231.442870017 231.244444709 231.031853635 230.805781991 230.566943705 230.316075604
230.053931487 229.78127614 229.498879346 229.207509919 228.907929807 228.600888295 228.28711637 227.967321249 227.642181146 227.312340285
226.978404202 226.640935377 226.300449205 225.957410356 225.612229532 225.265260652 224.916798483 224.567076731 224.216266611 223.864475902
223.511748497 223.158064453 222.803340535 222.447431269 222.090130474 221.731173291 221.370238675 221.006952348 220.640890193 220.271582062
219.898515987 219.521142755 219.138880824 218.751121552 218.357234699 217.956574174 217.548483988 217.132304369 216.707378012 216.27305641
215.828706236 215.373715729 214.90750104 214.429512504 213.939240786 213.436222873 212.920047856 212.39036248 211.84687641 211.289367181
210.717684805 210.131755993 209.53158796 208.917271799 208.288985384 207.646995784 206.991661171 206.323432203 205.642852871 204.950560787
204.247286931 203.533854823 202.811179148 202.08026381 201.342199447 200.598160393 199.849401124 199.097252177 198.343115587 197.588459852
196.834814441 196.083763902 195.336941569 194.596022923 193.862718629 193.138767296 192.425927996 191.725972577 191.040677816 190.371817469
189.721154228 189.09043167 188.481366211 187.895639132 187.334888701 186.800702457 186.294609685 185.818074124 185.372486964 184.959160152
184.579320057 184.234101531 183.92454239 183.651578361 183.416038505 183.218641162 183.059990427 182.940573182 182.860756701 182.820786844
