184.577179122 186.729971399 190.969088396 197.163988221 205.124746582 214.60886228 225.329908208 236.967687895 249.1794998 261.61207015
273.913691691 285.746101293 296.795644017 306.783304163 315.473233787 322.679473668 328.270638308 332.172421646 334.367870419 334.895463474
333.845124115 331.352375029 327.59091795 322.763980208 317.094815048 310.816770518 304.16335166 297.35869257 290.608829094 284.094120805
277.963114487 272.328073157 267.262317861 262.799447398 258.934417473 255.626379191 252.803100799 250.366729473 248.200594566 246.176712375
244.163626891 242.034212063 239.673069114 236.983176846 233.891492439 230.353253024 226.354791866 221.91475433 217.083674679 211.941951653
206.596335278 201.175106041 195.822187391 190.690480768 185.934746982 181.704377136 178.136399683 175.349057486 173.436260587 172.463178087
230.738075039 229.724050385 227.747440442 224.908788893 221.353177175 217.263628942 212.852778147 208.353170538 204.006629303 200.053157531
196.719871305 194.210456639 192.695621085 192.304967709 193.120657093 195.173144808 198.439190807 202.842237438 208.255148615 214.505198666
221.381100138 228.64176963 236.026453626 243.265775606 250.093224214 256.256581664 261.528792938 265.717799539 268.674905645 270.30130763
270.552497168 269.440340339 267.032735962 263.450861733 258.864121773 253.483009473 247.550190617 241.330189655 235.098123368 229.127968181
223.680868337 218.99399099 215.270411111 212.67046488 211.304946898 211.230446819 212.447028318 214.898351789 218.474236088 223.015548743
228.321212906 234.157027268 240.26591637 246.379166438 252.228158992 257.556092715 262.129184481 265.74686301 268.250512294 269.530384922
342.868142516 341.984291217 340.227922013 337.621591051 334.198849391 330.003885599 325.091022218 319.524047429 313.375363747 306.724938923
299.659050402 292.268823476 284.648574171 276.893980335 269.100117442 261.359408412 253.759548295 246.381474019 239.297455681 232.569388407
226.247362097 220.368580134 214.956687509 210.021553971 205.559539513 201.554248485 197.977756031 194.792267516 191.952149529 189.406251089
187.100417189 184.980084722 182.992844097 181.090848933 179.23296143 177.386532192 175.528730031 173.647358758 171.741123189 169.819334192
167.901071144 166.013848135 164.191856057 162.473875006 160.900968847 159.5140854 158.351690839 157.447565142 156.828876881 156.514640752
