251.39637788 250.852338662 249.986435089 249.194561535 248.958751196 249.737424218 251.854935155 255.412451503 260.23866165 265.891778441
271.715004434 276.937707091 280.805797789 282.718814699 282.349105196 279.72074486 275.232113361 269.615352391 263.836691111 258.951994604
255.940062962 255.540727595 258.124809681 263.618437017 271.495757453 280.843109755 290.486030909 299.160046223 305.698766567 309.209674355
289.332099888 289.034247591 288.441376117 287.559121062 286.395859569 284.962619803 283.272961871 281.342831558 279.19038854 276.83581105
274.301079221 271.609739577 268.786653358 265.857731525 262.849659468 259.789614507 256.704979389 253.623054979 250.570775376 247.574428613
244.659386033 241.849843326 239.168576049 236.636712263 234.273524738 232.096244903 230.119900463 228.357178339 226.818314253 225.511009974
224.440378928 223.608920513 223.016523151 222.660495755 222.535626971 222.634271249 222.946460468 223.460039573 224.160824424 225.032779791
226.058215239 227.217996462 228.491769447 229.858194764 231.295189166 232.780171639 234.290311035 235.80277243 237.294959403 238.744749526
240.130720468 241.432364276 242.630287556 243.706395501 244.644057921 245.428255704 246.045706354 246.484967586 246.736518187 246.792815689
246.648330658 246.299557716 245.745003691 244.985153562 244.022415133 242.861043621 241.507047565 239.968077674 238.253300413 236.37325828
234.339718864 232.16551487 229.864377347 227.450764435 224.939687908 222.346539798 219.686921324 216.97647625 214.230730724 211.464941472
208.693954087 205.932072976 203.192944309 200.489453119 197.83363547 195.236606368 192.708503853 190.258449485 187.894525149 185.623765923
183.452168472 181.384714251 179.42540657 177.577320391 175.842663565 174.222848064 172.718569636 171.329894208 170.056349307 168.897018697
167.85063843 166.915692506 166.090506389 165.373336656 164.762455197 164.256226431 163.853176203 163.552051126 163.351867351 163.251947893
