346.279901841 345.849709236 344.991909908 343.71165795 342.016640474 339.917025137 337.425390781 334.556641715 331.327906242 327.758420216
323.869396459 319.683881021 315.226597326 310.523779361 305.602995117 300.492961584 295.223352641 289.82460124 284.327697314 278.763982872
273.164945743 267.562013452 261.986348695 256.468647842 251.03894391 245.726415348 240.559201978 235.56422934 230.76704263 226.191651335
221.860385591 217.793765183 214.010382008 210.526796721 207.357450165 204.514590067 202.008213387 199.846024543 198.033409666 196.573426877
195.466812479 194.71200284 194.305171616 194.240281861 194.509152475 195.10153832 196.00522325 197.206125232 198.688412618 200.434630597
202.425836771 204.641744746 207.060874601 209.660709054 212.417854111 215.308202996 218.30710213 221.389517949 224.530203356 227.703862636
230.885313694 234.049646513 237.172376779 240.229593696 243.198101054 246.055550689 248.780567581 251.352865862 253.753355141 255.964236627
257.9690886 259.752940906 261.302338222 262.605391944 263.651820627 264.432979025 264.941875828 265.173180312 265.123218192 264.789957017
264.172981567 263.273459726 262.094099409 260.63909714 258.914078945 256.92603426 254.68324358 252.195200596 249.472529608 246.526898976
243.370931404 240.01811183 236.482693686 232.779604279 228.924350014 224.932922142 220.821703705 216.60737827 212.306841035 207.937112813
203.515257373 199.058302525 194.583165323 190.106581666 185.645040527 181.214722995 176.831446239 172.510612443 168.26716273 164.115536009
160.069632653 156.142782849 152.347719441 148.696555021 145.200763022 141.871162498 138.717906294 135.75047226 132.977657163 130.40757294
128.047644936 125.904611769 123.984526484 122.292758649 120.833997092 119.612252983 118.630862997 117.892492315 117.399137285 117.15212755
