235.172097287 235.976471548 237.546585252 239.806990743 242.648987359 245.935754696 249.508821971 253.195574023 256.817445901 260.198425179
263.173465589 265.596418125 267.347106175 268.337208875 268.514669856 267.866414718 266.41923693 264.238794959 261.426749717 258.116156856
254.465309338 250.650298292 246.856621258 243.270213607 240.068309106 237.410547808 235.430743003 234.229694064 233.869389611 234.368887282
235.702084982 237.797516861 240.54021894 243.775618171 247.315308678 250.944493996 254.430798076 257.534083968 260.016870421 261.65490522
262.247441605 261.626771067 259.666592122 256.288839356 251.468658173 245.237285875 237.682685729 228.947873914 219.226975753 208.759143323
197.820557244 186.714817348 175.762096484 165.28748585 155.608996687 147.025700248 139.806484888 134.17988604 130.325402555 128.366653294
200.757035364 201.83276857 203.957802271 207.079917692 211.122387326 215.985851518 221.550748015 227.680234652 234.223533133 241.019611546
247.901114874 254.698446683 261.243901469 267.375745874 272.94214832 277.804860313 281.842558858 284.953767801 287.05928629 288.104064796
288.058482722 286.918996476 284.708142393 281.473894884 277.288396083 272.246088848 266.461299669 260.065331705 253.203140227 246.029673123
238.705967412 231.395098734 224.25808448 217.449842365 211.115304921 205.385786547 200.375693531 196.179659031 192.870174481 190.49577665
189.079835878 188.619976107 189.088141754 190.431310436 192.572834575 195.414379344 198.838409601 202.71116485 206.886049104 211.20735222
215.514210922 219.644711767 223.440034595 226.748533929 229.429657155 231.357602187 232.424623617 232.543904879 231.65192451 229.710256938
226.706762057 222.656132789 217.599785581 211.60509487 204.763988685 197.190938206 189.020389028 180.403695612 171.505632634 162.500567406
153.568385911 144.890271131 136.644436052 129.001914932 122.122515101 116.151027698 111.213789527 107.415679703 104.837624191 103.534669009
