346.424705338 346.443016841 346.478365281 346.528215314 346.588798266 346.655152999 346.721179818 346.779706942 346.822568921 346.84069631
346.824215764 346.762559663 346.644584257 346.458695259 346.19297974 345.835343112 345.373649939 344.795867292 344.090209302 343.245281575
342.250224127 341.094851482 339.769788622 338.26660148 336.577920731 334.697557668 332.620611032 330.343563716 327.86436836 325.18252094
322.299121549 319.216921677 315.940357412 312.475568095 308.830400089 305.014395443 301.03876537 296.91634858 292.661554628 288.290292597
283.819885531 279.268971174 274.657389693 270.006059169 265.336839755 260.672387508 256.035998979 251.451447765 246.942814259 242.534309942
238.250097597 234.114108868 230.14986064 226.380271711 222.827481261 219.512670612 216.45588975 213.675890072 211.189964763 209.013798169
207.161325476 205.644603907 204.473696604 203.656570227 203.199007241 203.104533716 203.374363373 204.007358476 205.000008031 206.346423634
208.038353168 210.0652124 212.414134403 215.070036567 218.015704851 221.231894748 224.697448357 228.389426763 232.283256852 236.352891536
240.570982272 244.909062648 249.337741707 253.826905616 258.345926193 262.863874763 267.349739736 271.772646301 276.102076565 280.308088485
284.361531914 288.234260127 291.899335189 295.331225584 298.50599457 301.401477796 303.99744878 306.275770948 308.220535012 309.818180604
311.057601159 311.930231201 312.430115287 312.553958029 312.301154727 311.673802324 310.676690513 309.317272998 307.605619057 305.554345693
303.178530829 300.495608137 297.525244224 294.289199058 290.811170613 287.116624881 283.232612453 279.187573046 275.011129374 270.733871907
266.387136105 262.002773769 257.612920216 253.249759007 248.945286 244.731074463 240.638043032 236.696228239 232.934563327 229.380665004
226.060629745 222.998841179 220.217790009 217.737907814 215.577416007 213.752191068 212.27564708 211.15863646 210.409369619 210.033354177
367.50731534 368.807008066 370.813593177 372.453675141 372.377906045 369.221965569 361.877719019 349.726363308 332.791730347 311.785576555
288.035289987 263.304778146 239.53784303 218.566893999 201.836043877 190.185397737 183.733051119 181.874731108 183.400992676 186.711871622
190.092340852 192.001668844 191.327599439 187.562529162 180.872464248 172.048138433 162.348047471 153.261785848 146.235737831 142.409521553
