340.185935638 339.325641677 337.614892455 335.073223538 331.729586018 327.621930222 322.796661265 317.307975272 311.217087039 304.591361616
297.503363817 290.029840918 282.250654818 274.247680664 266.103689345 257.901231416 249.721539827 241.64346838 233.742482054 226.089714359
218.751105572 211.786634219 205.249652489 199.186334359 193.635243258 188.627023978 184.184221405 180.32122646 177.044347512 174.352003425
172.235032405 170.677108965 169.655259602 169.140466303 169.098345666 169.489890407 170.272259182 171.399600144 172.823893383 174.495797379
176.365484916 178.383454389 180.501303251 182.672451347 184.852803066 187.001338689 189.080626795 191.057251294 192.902148381 194.59085051
196.103636311 197.425587165 198.54655289 199.461030665 200.167962854 200.670460791 200.975462804 201.093335835 201.037430782 200.823602361
200.469704624 199.995073431 199.420007105 198.765256161 198.051532493 197.299047678 196.527089123 195.753641726 194.995061509 194.265806347
193.578227521 192.942424378 192.366162896 191.854857492 191.411614013 191.037330472 190.730850875 190.489166361 190.30765688 190.180365877
190.100299775 190.059743686 190.050584479 190.064632407 190.09393258 190.131058054 190.169376789 190.203285543 190.228404633 190.241728547
264.6325956 264.145737245 263.17655625 261.734082874 259.831759966 257.487320959 254.722628935 251.563478225 248.039360347 244.183196417
240.031038482 235.62174247 230.996615761 226.199042567 221.274090547 216.268102218 211.228274892 206.202232947 201.237596324 196.381549162
191.680412488 187.179224837 182.921334599 178.948007777 175.298054711 172.007479133 169.109152711 166.632518018 164.603322583 163.043386406
161.970405015 161.397789793 161.334546995 161.785196492 162.749730929 164.223615612 166.197829068 168.658943843 171.58924675 174.966897405
178.766123555 182.957451363 187.507968486 192.381617512 197.539517035 202.940307378 208.540517812 214.294951855 220.157087138 226.079486167
232.014214224 237.913260597 243.728959301 249.414405477 254.923863682 260.213164396 265.240085163 269.96471295 274.349784476 278.361001493
281.96731821 285.141198349 287.858839577 290.100363394 291.849968848 293.096048825 293.831267968 294.052601676 293.761335975 292.963028409
291.667430475 289.888372479 287.64361202 284.954647662 281.846499658 278.347459899 274.48881354 270.304534992 265.830961233 261.106445567
256.170995126 251.065895588 245.833326643 240.515971854 235.156626574 229.797807603 224.481368224 219.248122217 214.137480317 209.187102497
204.432569264 199.907074973 195.641145955 191.662386006 187.995251514 184.660858209 181.67682123 179.057129868 176.812058008 174.948110967
173.468009053 172.37070784 171.651454797 171.301881544 171.310130712 171.66101601 172.336213814 173.314484292 174.571919802 176.082218024
177.816977096 179.74600977 181.837673475 184.059212988 186.377112325 188.75745238 191.166270767 193.569920347 195.935422899 198.230814476
200.425479058 202.490467245 204.39879686 206.125732543 207.649041599 208.949223596 210.009711503 210.817042369 211.360995917 211.634699684
