280.601014174 280.530122431 280.388546112 280.17669897 279.895200209 279.544872757 279.126740988 278.642027863 278.092151515 277.478721274
276.803533131 276.068564664 275.27596941 274.428070708 273.527355017 272.576464709 271.578190371 270.535462596 269.451343311 268.329016627
267.171779249 265.983030457 264.76626167 263.525045629 262.263025214 260.983901917 259.691424008 258.38937442 257.081558369 255.771790772
254.463883464 253.161632277 251.868804007 250.589123303 249.326259541 248.0838137 246.865305308 245.674159482 244.513694134 243.387107367
242.297465127 241.247689154 240.24054528 239.278632134 238.364370293 237.499991934 236.687531043 235.928814218 235.225452125 234.578831647
233.990108776 233.460202285 232.989788231 232.579295317 232.22890116 231.938529489 231.707848307 231.536269053 231.422946763 231.366781278
231.366419495 231.420258673 231.526450814 231.682908103 231.88730941 232.137107859 232.429539424 232.761632558 233.130218821 233.531944477
233.963283032 234.420548669 234.899910539 235.397407857 235.90896576 236.430411845 236.957493355 237.485894926 238.011256823 238.529193611
239.035313162 239.525235927 239.99461439 240.439152619 240.854625824 241.236899834 241.581950403 241.88588226 242.144947802 242.355565351
242.514336874 242.618065093 242.663769879 242.648703865 242.570367183 242.426521249 242.215201533 241.934729218 241.583721711 241.161101921
240.666106259 240.098291306 239.457539104 238.744061033 237.958400239 237.101432584 236.174366111 235.178739002 234.116416021 232.989583464
231.800742598 230.552701637 229.248566256 227.891728689 226.485855441 225.034873677 223.54295632 222.014505935 220.454137461 218.866659862
217.257056777 215.630466257 213.992159671 212.347519885 210.7020188 209.061194367 207.430627167 205.815916677 204.222657327 202.656414461
201.122700311 199.626950106 198.174498417 196.770555866 195.420186291 194.1282845 192.899554691 191.738489679 190.649350992 189.636149961
188.702629886 187.852249356 187.088166825 186.413226496 185.829945597 185.340503111 184.946730005 184.650101019 184.451728043 184.352355125
