245.283110914 246.637323696 249.294538725 253.154200364 258.07006683 263.855521705 270.290333736 277.128605563 284.107607354 290.957158931
297.409204986 303.207223243 308.115114949 311.925250425 314.46537858 315.604156634 315.255112897 313.378918874 309.983914529 305.124899547
298.900270934 291.447650628 282.938203359 273.569892567 263.559958963 253.136930808 242.532486552 231.973488577 221.674491973 211.831005144
202.613741117 194.16405134 186.59067979 179.96791666 174.335170435 169.697917376 166.029930833 163.276641892 161.359439616 160.180685347
159.629192547 159.585912156 159.929563825 160.541965352 161.312835432 162.143877243 162.951990719 163.67150771 164.255394284 164.675415857
164.921311291 164.999069132 164.928440737 164.739859235 164.470958555 164.162902092 163.856735314 163.589970651 163.3935967 163.289678038
292.046976777 294.335005623 298.607002499 304.285565542 310.578400855 316.558809942 321.260376605 323.776626695 323.355941248 319.482452783
311.935001783 300.81834421 286.563475587 269.896912986 251.781764076 233.336122981 215.736503579 200.115443126 187.462946366 178.541043058
173.819441258 173.438202838 177.200748752 184.59757599 194.8581215 207.025527316 220.046905664 232.87028053 244.538828445 254.273405988
261.535594487 266.065487425 267.890993738 267.308277188 264.835816661 261.147171869 256.989617647 253.097164272 250.106979046 248.487819067
235.668614812 235.998657436 236.652908837 237.619792416 238.882169612 240.417607547 242.198729383 244.193641923 246.366433811 248.677736576
251.085339791 253.544850782 256.010388621 258.435301631 260.772897234 262.97717281 265.00353623 266.809504859 268.355372213 269.604831913
270.525549294 271.089671828 271.274270463 271.061705102 270.43990859 269.402584879 267.949318366 266.085592785 263.822719461 261.177676115
258.172858837 254.835751153 251.198515436 247.297513097 243.172761085 238.867333225 234.426715759 229.898127168 225.329812869 220.770325793
216.267804019 211.869256688 207.619869262 203.562338881 199.736250059 196.177500345 192.91778475 189.9841468 187.398603051 185.177846689
183.333034634 181.869661218 180.787520155 180.080755125 179.737997923 179.742591714 180.072895636 180.702665715 181.601505845 182.735381536
184.067188117 185.557364282 187.164541149 188.846216464 190.559443228 192.261521805 193.910684537 195.466762056 196.891820784 198.150761581
199.211870177 200.047310764 200.633555089 200.951740399 200.987950751 200.733417433 200.184635525 199.343394986 198.216726016 196.816759804
195.16050712 193.269558538 191.169711295 188.890528967 186.464841219 183.928191819 181.31824392 178.674152301 176.03591277 173.443699269
170.937199426 168.554959303 166.333747931 164.307951889 162.509009706 160.964895206 159.699658117 158.733029362 158.080097379 157.751060688
