384.930929034 382.575499873 377.923895097 371.092843331 362.25305185 351.62411099 339.467972015 326.081218544 311.786390934 296.922652793
281.836107974 266.870084341 252.355697192 238.602990574 225.892929713 214.470483258 204.538991655 196.255969259 189.730434806 185.02180965
182.140367826 181.049168685 181.667353459 183.874643539 187.516841939 192.41211158 198.357785569 205.137455934 212.528088385 220.306921281
228.257926311 236.177635448 243.880172076 251.201362358 258.001844108 264.169132846 269.618646687 274.293731333 278.164762325 281.227432395
283.500356221 285.02214236 285.848092103 286.046687511 285.696026035 284.880347614 283.686782723 282.20242771 280.511828077 278.694922665
276.825473335 274.969977174 273.187032904 271.52711112 270.032660354 268.738468431 267.672191638 266.85496311 266.301996311 266.023109234
303.251369854 302.588555964 301.165515325 298.803341912 295.27160827 290.32885299 283.76875649 275.466404159 265.418866776 253.774788135
240.848718626 227.117469419 213.197631893 199.805421527 187.70195804 177.628780614 170.239639229 166.03526342 165.30780749 168.100991346
174.190650996 183.088598171 194.0705328 206.226460125 218.529857883 229.91993532 239.38991573 246.073503885 249.321655114 248.762461427
244.338357933 236.316809186 225.272983409 212.045446933 197.668376522 183.285962025 170.05634972 159.053496774 151.175569545 147.067993348
231.933305804 232.683003949 234.049877256 235.835251641 237.867142639 240.059415643 242.387587491 244.770180945 246.895591556 248.075335516
247.215071738 242.965797898 234.055749774 219.729722545 200.164719361 176.713466276 151.861647127 128.863545391 111.120104526 101.450249757
263.78068442 263.667010807 263.440448891 263.102564156 262.655692011 262.102922503 261.448080081 260.695698544 259.850991334 258.919817345
257.908642494 256.824497262 255.674930502 254.467959792 253.212018651 251.915900948 250.588702868 249.239762783 247.878599433 246.514848785
245.15819999 243.818330839 242.504843118 241.227198293 239.994653915 238.816201165 237.700503931 236.655839807 235.690043396 234.810452274
234.023855969 233.336448286 232.753783274 232.280735138 231.921462349 231.67937618 231.557113901 231.55651678 231.67861307 231.923606079
232.290867427 232.778935527 233.385519334 234.10750733 234.940981717 235.88123774 236.922808023 238.059491791 239.284388806 240.589937804
241.967959228 243.409701989 244.905893967 246.446795972 248.022258816 249.621783161 251.234581785 252.849643872 254.455800949 256.041794058
257.596341758 259.108208533 260.566273193 261.959596845 263.277490008 264.509578473 265.645867488 266.676803874 267.593335689 268.386969069
269.049821886 269.574673901 269.955013084 270.185077815 270.259894707 270.175311802 269.928026934 269.515611071 268.936526495 268.19013969
267.276728853 266.197485974 264.954513467 263.550815352 261.990283041 260.277675811 258.418596061 256.419459504 254.287460465 252.030532493
249.657304509 247.177052761 244.599648865 241.935504242 239.195511292 236.39098164 233.533581838 230.635266913 227.708212143 224.764743485
221.817267081 218.878198242 215.959890369 213.074564221 210.234237957 207.450658393 204.735233868 202.098969141 199.552402704 197.105546899
194.767831195 192.548048967 190.454308114 188.493985796 186.673687578 184.999211221 183.475515349 182.106693167 180.8959514 179.845594585
178.957014791 178.230686847 177.666169105 177.262109712 177.016258385 176.925483583 176.985794992 177.192371177 177.539592229 178.021077214
178.629726185 179.357766506 180.196803209 181.137873054 182.171501993 183.287765658 184.476352516 185.726629303 187.027708339 188.368516298
189.737864033 191.12451701 192.517265934 193.904997122 195.276762201 196.621846704 197.92983714 199.190686122 200.394775179 201.532974828
202.596701581 203.577971499 204.46945 205.264497582 205.957211217 206.542461129 207.015922753 207.374103672 207.614365366 207.734939642
