296.269512903 295.899979841 295.163787861 294.06666368 292.617143613 290.826509487 288.708703929 286.280225617 283.560005274 280.569263282
277.331349969 273.87156971 270.216990118 266.396237732 262.439281658 258.377206757 254.241978031 250.06619792 245.882858288 241.725088923
237.625904374 233.617951018 229.733256193 226.002981269 222.457180477 219.124567303 216.032290168 213.205719101 210.668244992 208.441092949
206.543151188 204.990816758 203.797859307 202.975303946 202.531334149 202.47121548 202.797240781 203.508697309 204.601856159 206.069984114
207.903377963 210.089421077 212.612661968 215.4549143 218.595377735 222.010778798 225.675530806 229.561911779 233.64025909 237.879179485
242.245773015 246.705869274 251.22427426 255.765026095 260.291657752 264.767464888 269.155776833 273.420228751 277.525032979 281.435247539
285.117039824 288.537943513 291.667106782 294.475529944 296.936290723 299.02475546 300.718774622 301.998861111 302.848349996 303.253538402
303.203804452 302.691704298 301.713046436 300.266942665 298.355835234 295.985499859 293.165024524 289.906764103 286.22627106 282.142202646
277.676205183 272.852776211 267.699105423 262.244895495 256.52216405 250.565028149 244.409472839 238.093105395 231.654897029 225.134913916
218.574039469 212.01368989 205.49552505 199.061156809 192.751856898 186.608266507 180.670109703 174.975912776 169.562731592 164.465888933
159.718723795 155.352354458 151.39545711 147.874061638 144.811366107 142.227571309 140.139736587 138.561658022 137.503769886 136.973070069
246.17290657 245.908711766 245.385294565 244.612494426 243.604809504 242.381089917 240.964139478 239.380234727 237.658571957 235.830654462
233.929633576 231.989618027 230.044966784 228.129580884 226.27620968 224.515786526 222.876808209 221.38477134 220.061677572 218.925617897
217.990444404 217.265535886 216.755661488 216.460944384 216.376925187 216.49472255 216.801286261 217.279736106 217.90977788 218.668186328
219.529343351 220.465818752 221.448979962 222.449616733 223.438566625 224.387327301 225.268642186 226.057046822 226.729364412 227.26514037
227.647007316 227.860973707 227.896631216 227.747277956 227.409956702 226.885409268 226.177950199 225.295264756 224.248137941 223.050122777
221.717157388 220.26714146 218.719483413 217.094630103 215.413591026 213.697468872 211.96700784 210.242170416 208.541752364 206.883044435
205.281547947 203.750749795 202.301960774 200.944219348 199.684261214 198.526553221 197.473388532 196.52503829 195.679953615 194.935010481
194.28578899 193.726877721 193.252193316 192.855305163 192.529755065 192.269362046 192.068503004 191.922360733 191.82713185 191.780188413
