269.668910989 269.553363687 269.324662224 268.987554711 268.549068432 268.018397501 267.406755592 266.727195829 265.994400443 265.224443195
264.434527981 263.642707395 262.867585294 262.128007688 261.442746412 260.830180224 260.30797796 259.892788427 259.599941608 259.443165642
259.434323828 259.583175652 259.897165534 260.381242609 261.037714461 261.866137264 262.863244305 264.022914334 265.33618066 266.791281334
268.373750223 270.06654819 271.850233047 273.703166421 275.601755113 277.520724097 279.433417784 281.312125832 283.12842935 284.853563096
286.458788966 287.915775898 289.196981189 290.276028151 291.128075027 291.730170185 292.061588717 292.104145785 291.842482327 291.26431904
290.360674972 289.126047442 287.558550527 285.660009843 283.436011903 280.895906925 278.052764526 274.92328238 271.52764849 267.889358357
264.034988892 259.993931513 255.798087382 251.481528277 247.08012702 242.631161831 238.172899331 233.744161205 229.383879813 225.130648169
221.022269859 217.095314467 213.384684081 209.92319631 206.741189091 203.866152329 201.322391073 199.130724598 197.308225316 195.868000976
194.819023067 194.166003805 193.909323482 194.045009308 194.564766295 195.456060038 196.702250626 198.282776287 200.173384718 202.346409485
204.771088297 207.413919416 210.239052011 213.2087058 216.283614972 219.423491051 222.587499129 225.734741706 228.824744271 231.817936733
234.676124834 237.362945791 239.844302628 242.088771851 244.06797952 245.75694107 247.13436075 248.182886979 248.88932051 249.244772825
249.520842128 249.783453683 250.296762476 251.037285067 251.970650161 253.052597901 254.230270736 255.443761608 256.627878362 257.714077405
258.632515039 259.314161567 259.692921361 259.707701675 259.304373969 258.437574059 257.072291219 255.185201617 252.765707737 249.816652888
246.354688016 242.410276911 238.02733512 233.262507234 228.18409663 222.870670698 217.409373171 211.893982879 206.422765116 201.096167462
196.014416378 191.275073911 186.970615432 183.186089404 179.996918688 177.46689997 175.646453488 174.571169508 174.260691115 174.717964926
175.92888256 177.862326299 180.47062257 183.690396934 187.443814392 191.640179276 196.177860041 200.946496076 205.829436474 210.706354687
215.45597831 219.958869994 224.100193796 227.77240114 230.877772046 233.330750295 235.060015765 236.010243053 236.143502694 235.44026956
233.900012142 231.541346265 228.401747045 224.536823318 220.019169197 214.936817474 209.391329094 203.49556169 197.371167897 191.145880711
184.950648383 178.916685056 173.172505534 167.841013116 163.036708324 158.863083673 155.410265349 152.752956988 150.948733671 150.036726157
