245.349423603 244.922163089 244.012858098 242.761360605 241.842410421 242.655139713 247.156185913 257.277502664 274.069706191 296.879510451
322.927554879 347.562701773 365.250635571 371.081884956 362.358502886 339.730664439 307.449533139 272.560467696 243.199392391 226.459721665
184.526700946 184.944161246 185.774878919 187.010494074 188.638581283 190.642785448 193.003000603 195.695589682 198.693642797 201.967271181
205.483933523 209.208791096 213.105087719 217.134550359 221.25780592 225.4348096 229.625280075 233.789136662 237.886933636 241.880286866
245.732288042 249.4079019 252.874342024 256.101421069 259.061871505 261.731633318 264.090105486 266.120358415 267.80930499 269.147828333
270.130864836 270.757441566 271.0306676 270.957679401 270.549540825 269.821098896 268.790796916 267.480447024 265.914964714 264.122068288
262.131946575 259.976898646 257.690949529 255.309446235 252.868638599 250.405249643 247.956040264 245.557373143 243.244780763 241.052542409
239.013274911 237.157541757 235.513484997 234.106484128 232.958845827 232.089528117 231.513902101 231.243554063 231.286130239 231.645226113
232.320321611 233.306763037 234.595792102 236.174621862 238.026558871 240.131170333 242.46449454 244.999292411 247.705337467 250.549741168
253.497310124 256.510931348 259.551981374 262.580754831 265.556907788 268.439911058 271.189508495 273.766175254 276.131570996 278.248983023
280.083754452 281.603692683 282.779453604 283.584897251 283.997410914 283.998196048 283.572515717 282.709899723 281.404305028 279.654229543
277.46277788 274.837678156 271.791249485 268.340320308 264.506098265 260.313992806 255.793392285 250.977397758 245.902516162 240.608316028
235.137049271 229.533242958 223.843265323 218.11487054 212.396727033 206.737934268 201.18753311 195.794014904 190.604834465 185.665932117
181.021269838 176.712386429 172.777976408 169.253497116 166.17080818 163.55784718 161.43834496 159.831583601 158.752199646 158.210034647
