237.821945675 237.828282475 237.840864948 237.859511667 237.883952573 237.913831442 237.948709147 237.988067682 238.031314913 238.07779001
238.126769522 238.177474033 238.229075341 238.280704109 238.331457901 238.380409549 238.42661577 238.469125959 238.506991077 238.539272561
238.56505117 238.583435695 238.59357145 238.594648469 238.58590934 238.566656596 238.536259604 238.494160883 238.439881798 238.373027573
238.293291574 238.200458826 238.09440872 237.975116899 237.842656274 237.697197189 237.5390067 237.368446987 237.1859729 236.992128658
236.787543721 236.572927866 236.349065516 236.116809342 235.877073214 235.630824542 235.37907608 235.122877239 234.863305018 234.601454581
234.338429607 234.075332454 233.813254243 233.553264948 233.296403556 233.043668412 232.796007807 232.554310904 232.319399088 232.092017805
231.872828967 231.662404006 231.461217622 231.269642303 231.087943655 230.916276606 230.754682505 230.603087177 230.461299925 230.329013534
230.205805257 230.091138806 229.984367333 229.884737387 229.79139383 229.70338568 229.619672837 229.539133661 229.460573338 229.382732974
229.304299368 229.223915368 229.140190758 229.051713573 228.957061775 228.854815188 228.743567608 228.621938989 228.488587611 228.342222139
228.18161347 228.005606278 227.813130163 227.60321031 227.374977579 227.127677926 226.860681101 226.573488518 226.265740255 225.937221111
225.587865654 225.217762241 224.827155934 224.416450313 223.986208131 223.537150827 223.070156864 222.586258907 222.086639857 221.572627738
221.045689503 220.507423754 219.959552452 219.403911661 218.842441377 218.277174528 217.710225198 217.14377618 216.580065922 216.021374965
215.470011978 214.928299469 214.398559288 213.883098022 213.38419238 212.904074684 212.444918557 212.008824923 211.597808412 211.213784275
210.858555894 210.533802995 210.241070624 209.981758998 209.757114274 209.568220325 209.415991576 209.301166952 209.224304977 209.185780072
