252.324082475 252.295967005 252.239747838 252.155449243 252.043109425 251.902782657 251.734542101 251.538483265 251.314728077 251.063429521
250.784776789 250.479000894 250.146380675 249.787249138 249.402000045 248.991094698 248.555068813 248.094539416 247.610211685 247.102885628
246.573462531 246.022951085 245.452473095 244.863268703 244.25670103 243.634260158 242.997566382 242.348372656 241.688566161 241.020168938
240.34533753 239.666361576 238.985661326 238.305784024 237.629399151 236.959292495 236.298359038 235.649594667 235.016086704 234.401003281
233.807581576 233.239114952 232.698939037 232.190416805 231.716922702 231.281825913 230.888472822 230.540168764 230.240159169 229.991610178
229.797588854 229.661043101 229.584781391 229.571452447 229.623524981 229.743267641 229.932729275 230.193719661 230.527790832 230.936219119
231.419988059 231.979772284 232.615922526 233.328451858 234.117023285 234.980938807 235.91913005 236.930150571 238.012169931 239.162969607
240.379940832 241.660084416 243.000012608 244.39595304 245.843754786 247.33889655 248.876497001 250.451327244 252.057825414 253.690113358
255.342015368 257.007078919 258.678597323 260.349634244 262.013049971 263.661529345 265.28761124 266.883719457 268.442194905 269.95532893
271.415397636 272.814697027 274.145578824 275.400486763 276.571993208 277.652835885 278.635954561 279.514527467 280.282007276 280.932156453
281.459081775 281.857267832 282.121609333 282.247442022 282.230572029 282.06730349 281.754464262 281.289429585 280.670143528 279.895138106
278.963549906 277.875134138 276.630275989 275.229999185 273.675971702 271.970508544 270.116571546 268.11776617 265.978335271 263.703149829
261.297696667 258.768063169 256.120919055 253.363495262 250.503560015 247.549392167 244.509751919 241.393849035 238.21130869 234.972135087
231.686673005 228.365567455 225.019721606 221.660253193 218.29844958 214.945721721 211.613557189 208.313472531 205.056965151 201.855464962
198.720286022 195.662578405 192.693280521 189.823072129 187.06232826 184.421074281 181.908942316 179.535129241 177.308356453 175.236831614
173.328212567 171.589573578 170.027374106 168.647430218 167.454888827 166.454204847 165.64912141 165.042653215 164.637073116 164.433901995
193.627386538 194.896337413 196.449217069 195.750046353 189.117166198 173.875719992 150.811194374 124.674950447 102.212096179 89.3491768678
320.7807636 319.966321562 318.148844903 314.993465559 310.095877317 303.07947984 293.694718368 281.901828386 267.920867956 252.238494547
235.568455295 218.770903412 202.743005717 188.298574442 176.056704166 166.358205938 159.224183914 154.364139666 151.232699419 149.125859398
147.300944808 145.100437022 142.059145943 137.97701871 132.945710339 127.324904534 121.67292114 116.643917518 112.869652762 110.846364485
