202.207122064 203.322263407 205.537243416 208.821377903 213.12846381 218.396622679 224.548180793 231.489654809 239.111920106 247.290642338
255.887050381 264.749120852 273.713230887 282.606317383 291.248558148 299.456564504 307.047046896 313.840886521 319.667518186 324.369504139
327.807156771 329.863051247 330.446258296 329.496123513 326.985423055 322.922736887 317.353899571 310.362414533 302.068750079 292.6284729
282.229216202 271.086523181 259.438650703 247.540460822 235.65656745 224.053940242 212.994196052 202.725828746 193.476639665 185.446632874
178.801631134 173.667850403 170.127642943 168.216582771 167.922023358 169.183207703 171.892957089 175.900908816 181.018217297 187.023579065
193.670392807 200.694822179 207.824493945 214.787538036 221.321660825 227.182938724 232.154026558 236.051493771 238.732030784 240.097306711
166.291145436 167.230558184 169.077983502 171.771656696 175.221486092 179.312025923 183.906287367 188.850262913 193.978015527 199.117165044
204.094590533 208.742159505 212.902293059 216.433180578 219.213468287 221.146262587 222.162311191 222.222252002 221.317850567 219.472180944
216.738740632 213.199526879 208.962137788 204.155995942 198.927823651 193.436526059 187.847660337 182.327685092 177.038193245 172.130333599
167.739620867 163.981321159 160.946580242 158.699435807 157.274823492 156.677650533 156.882971982 157.837263836 159.460746742 161.650674612
164.28546617 167.229525421 170.338570665 173.465271983 176.464984931 179.201364033 181.551643705 183.411386487 184.698518357 185.356497751
