256.36556852 256.341165139 256.291752333 256.2161294 256.112523607 255.97862374 255.811624133 255.608278582 255.364963406 255.077748802
254.742477523 254.354849796 253.910513325 253.405157115 252.834607825 252.194927301 251.482509889 250.694178162 249.827275651 248.879755233
247.850261836 246.738208208 245.543842543 244.268306865 242.913685159 241.483040359 239.980439436 238.410965961 236.78071966 235.096802643
233.367292146 231.601199785 229.808417478 227.999650393 226.186337379 224.380559573 222.594937955 220.842520837 219.13666234 217.490893114
215.918784588 214.433808206 213.049191145 211.777770093 210.631844718 209.623032474 208.762126433 208.058957797 207.522264727 207.159569105
206.977062744 206.979504521 207.170129774 207.550573231 208.120806563 208.879091557 209.821949716 210.944148949 212.238707815 213.696917636
215.308382569 217.061077573 218.941423973 220.934382179 223.023560881 225.191341902 227.419019675 229.686954167 231.974735912 234.261361666
236.525419059 238.745278527 240.899290692 242.965987278 244.924283606 246.753680659 248.434464693 249.947902368 251.276429415 252.403830861
253.315410948 253.998150925 254.44085302 254.634269014 254.571211982 254.246649926 253.657780175 252.804083653 251.687358248 250.311730792
248.683647299 246.81184138 244.707280929 242.38309343 239.854470405 237.138551779 234.254291113 231.222302854 228.064692955 224.804874367
221.46736908 218.07759852 214.661664242 211.24612096 207.857744046 204.523293668 201.269277835 198.121716566 195.105909454 192.246208848
189.565800818 187.086496029 184.82853252 182.81039231 181.048633598 179.557740183 178.349989567 177.43534102 176.821344697 176.513072692
