261.341779191 260.655803848 259.294200529 257.278703185 254.644375639 251.442199747 247.741946708 243.63489748 239.235942878 234.684599355
230.144523721 225.801197016 221.857569277 218.527605305 216.027836683 214.567195794 214.335571064 215.491666923 218.150865661 222.373861782
228.156865398 235.424145208 244.023602741 253.725940191 264.22781013 275.159125669 286.094475851 296.568346664 306.093607858 314.1825047
320.369206105 324.232819024 325.419693855 323.663824005 318.804188352 310.797997625 299.72898054 285.810074513 269.380157566 250.894758241
230.910992644 210.067284974 189.058712552 168.609062277 149.44087807 132.244906807 117.650405388 106.197749982 98.314690482 94.2974233764
195.708377061 195.683767598 195.632353598 195.549877738 195.430281551 195.266085848 195.048877355 194.769884662 194.4206233 193.993587071
193.482960695 192.885327532 192.200345639 191.431365618 190.58596484 189.676374433 188.719777991 187.738464251 186.75981979 185.816152145
184.944338514 184.185300127 183.583307552 183.185127245 183.039024659 183.19364388 183.696788005 184.594128226 185.927872632 187.735428093
190.048090085 192.889795993 196.275977115 200.212543443 204.695033187 209.707956016 215.224355249 221.205609647 227.601490335 234.350482663
241.380376752 248.609124125 255.945951391 263.292715591 270.545479633 277.596280459 284.335057304 290.651702787 296.438195692 301.590771358
306.012083528 309.613310595 312.316159181 314.054719235 314.777127006 314.446995558 313.044576753 310.567623728 307.031928868 302.471518818
296.938495203 290.502517165 283.249929482 275.2825477 266.71611922 257.678486481 248.307485046 238.748615499 229.152533245 219.672404721
210.461181791 201.668848352 193.439694234 185.909671334 179.203885641 173.434276271 168.697529076 165.073267693 162.622559335 161.386766186
