368.421647351 368.881043105 369.555365123 369.985981138 369.557490264 367.576092827 363.36055238 356.335947916 346.119995927 332.592351024
315.938912588 296.665616265 275.57923195 253.736022672 232.362409401 212.754705294 196.167234234 183.699502101 176.193401695 174.150662431
177.67896925 186.472537676 199.829694695 216.706489714 235.801888419 255.667023915 274.82859703 291.915068005 305.773912417 315.568968418
320.848714499 321.579018514 318.137233916 311.268170202 302.0060814 291.570051371 281.242695523 272.243699187 265.610217294 262.095517332
351.342796076 350.268553568 348.143540695 345.01412726 340.948445937 336.034725182 330.379130994 324.103170788 317.340723449 310.23476889
302.933897803 295.588687773 288.348035192 281.35553351 274.745987215 268.642147596 263.151750861 258.364931706 254.352076194 251.162166915
248.82166129 247.333930661 246.679274006 246.81550588 247.679104035 249.186888291 251.238189137 253.717452391 256.497215478 259.441381676
262.408711258 265.256443128 267.843957205 270.03638683 271.708091631 272.745904659 273.052073188 272.546820034 271.170461625 268.885029906
265.675357437 261.549598207 256.539170629 250.698123425 244.101939336 236.845805475 229.042392334 220.819195568 212.315505543 203.679078823
195.062593207 186.619973311 178.502676959 170.85603368 163.815725421 157.504496143 152.029171431 147.478061671 143.918813003 141.39675929
139.933816077 139.527944242 140.153197066 141.760350131 144.278099163 147.61479698 151.660687459 156.290582228 161.366914897 166.743098345
172.267103121 177.785169544 183.145562794 188.202279179 192.818612929 196.870496255 200.249530948 202.865637316 204.649255625 205.553046134
222.659421185 223.852123453 228.00922146 233.674554891 235.41719614 230.998632895 227.098034365 233.508525607 250.618326692 265.920012341
