275.188396785 275.176138341 275.151861408 275.116040035 275.06937072 275.012755187 274.947277874 274.874178474 274.79482001 274.710652955
274.623175998 274.533894109 274.444274611 274.355702001 274.269432291 274.186547673 274.107912284 274.034129879 273.965504177 273.902002626
273.843224285 273.788372484 273.736232844 273.685157176 273.633053707 273.577383981 273.515166698 273.442988654 273.357022846 273.253053712
273.126509336 272.972500407 272.785865551 272.561222611 272.293025331 271.975624812 271.603335049 271.170501757 270.671573674 270.101175424
269.454181048 268.725787222 267.911585219 267.007630626 266.010509876 264.917402649 263.726139254 262.435252138 261.044020742 259.552508982
257.96159473 256.272990748 254.489256644 252.6138015 250.650876968 248.605560719 246.483730261 244.292027264 242.037812646 239.729112792
237.374557402 234.983309555 232.564988712 230.12958743 227.687382701 225.24884286 222.824531095 220.425006646 218.060724809 215.741936894
213.478591301 211.280236873 209.155929665 207.114144252 205.162690636 203.308637769 201.558244628 199.916899709 198.389069692 196.978257951
195.686973448 194.516710437 193.467939291 192.540108609 191.731658659 191.040046033 190.461779319 189.992465389 189.626865849 189.358962999
189.182034609 189.088736646 189.071193031 189.121091392 189.229783728 189.388390807 189.587909109 189.819319049 190.07369324 190.342303519
190.616725477 190.888939289 191.151425626 191.39725555 191.620173314 191.814671093 191.976054762 192.100499954 192.185097718 192.227889243
