344.948942652 344.443143822 343.435359743 341.933185278 339.94793228 337.494533852 334.591418036 331.260352036 327.526258375 323.417004609
318.963168474 314.197780551 309.156046724 303.87505291 298.393454661 292.75115439 286.988969087 281.148291435 275.270747339 269.397852872
263.570673645 257.829489606 252.213468181 246.760348616 241.506140266 236.484837439 231.728153245 227.265274747 223.122641471 219.32374917
215.888980448 212.835463648 210.176961128 207.923787777 206.082760362 204.657178012 203.646833839 203.048057464 202.85378788 203.053675849
203.634214761 204.578898602 205.868405471 207.480804837 209.391786522 211.574909213 214.001866124 216.642765294 219.466421869 222.440659644
225.532619017 228.70906853 231.936717074 235.182523912 238.414003652 241.599523391 244.708589326 247.712120239 250.582705385 253.2948445
255.825167761 258.152633807 260.258704061 262.127491882 263.745885286 265.103642239 266.193457774 267.011002474 267.5549321 267.826868454
267.831351801 267.575765456 267.070233417 266.327492136 265.362737808 264.193450735 262.839198584 261.321420493 259.663194213 257.888988582
256.024403771 254.095901865 252.130530399 250.15564155 248.198609697 246.286550094 244.446041345 242.702854369 241.081690431 239.605930754
238.297400078 237.176146427 236.260239145 235.565587122 235.105778883 234.891946055 234.932651457 235.233802828 235.798592977 236.62746686
237.718115842 239.065499145 240.661892197 242.496961376 244.557864357 246.82937504 249.294031805 251.932307607 254.722800229 257.642440796
260.666718526 263.769919474 266.92537696 270.105731218 273.283195729 276.429827649 279.517799703 282.519670882 285.408653335 288.158872854
290.745620421 293.145592392 295.337116978 297.300364835 299.017541729 300.473061399 301.653696965 302.548709395 303.149951809 303.451948598
