374.860699826 374.175815667 372.809556901 370.769035641 368.065146537 364.712821873 360.731344619 356.144697672 350.981923759 345.277467849
339.071472398 332.409995539 325.345123397 317.934950043 310.243402202 302.339890488 294.298774652 286.198636712 278.121362921 270.151042806
262.372700969 254.870884515 247.728135732 241.02338567 234.830309328 229.215687077 224.237819512 219.945044024 216.374400969 213.55049524
211.484595496 210.174008168 209.601756933 209.736590637 210.533333993 211.933585972 213.866760878 216.251457098 218.997128542 222.006024365
225.17535383 228.399625514 231.573103688 234.592319851 237.358574273 239.780361083 241.775651029 243.273968567 244.218204359 244.566110429
244.291433063 243.384647799 241.853271263 239.721735923 237.030825698 233.836682441 230.20940531 226.231276453 221.994657173 217.599608171
213.151295631 208.757251265 204.524559013 200.557043597 196.952536559 193.800293672 191.178633835 189.152863742 187.773545005 187.075151123
214.777286878 215.240462419 216.156623099 217.505609133 219.257728098 221.374396957 223.808974046 226.507761203 229.411152291 232.454900996
235.571478151 238.691486965 241.74510347 244.663509259 247.380284201 249.8327282 251.963083245 253.719629821 255.057635245 255.940135408
256.33853581 256.233022359 255.612777209 254.475999689 252.829737029 250.689534078 248.078915237 245.028715529 241.576280799 237.76455955
233.641110774 229.257053288 224.665982545 219.92288068 215.083044645 210.201055806 205.329812307 200.519643025 195.817518982 191.266374932
186.904550446 182.765356367 178.876769045 175.261251492 171.935697433 168.911491454 166.194675968 163.786213683 161.682332669 159.874939997
158.352089306 157.098487499 156.096026048 155.324323122 154.761263802 154.383527026 154.167089524 154.087698748 154.121308682 154.244474257
154.434701926 154.670755604 154.932918709 155.203214268 155.465586066 155.706044521 155.912781347 156.076257181 156.189266147 156.246980884
