226.414701301 226.416094428 226.419277903 226.42504174 226.434559906 226.449377181 226.471391825 226.502834208 226.546241608 226.604429413
226.680458982 226.777602472 226.899304955 227.049144164 227.230788262 227.447952001 227.704351696 228.003659416 228.349456827 228.745189112
229.194119385 229.699284044 230.263449455 230.889070386 231.578250574 232.332705791 233.153729766 234.042163271 234.998366683 236.022196267
237.112984429 238.269524122 239.490057573 240.77226946 242.113284599 243.509670226 244.957442844 246.452079624 247.988534286 249.561257349
251.164220606 252.790945647 254.434536221 256.087714182 257.742858763 259.392048868 261.027108072 262.639651973 264.221137555 265.762914181
267.256275828 268.692514189 270.062972234 271.359097849 272.572497146 273.694987078 274.71864697 275.63586861 276.439404544 277.122414261
277.678507939 278.101787481 278.386884574 278.528995524 278.523912686 278.368052275 278.058478441 277.592923468 276.969804019 276.188233363
275.248029568 274.149719649 272.894539718 271.484431184 269.922033097 268.210670749 266.354340666 264.357692144 262.226005523 259.965167373
257.581642824 255.08244524 252.475103504 249.767627119 246.968469412 244.086489061 241.130910228 238.111281532 235.037434117 231.919439073
228.767564436 225.592232004 222.403974187 219.213391118 216.03110819 212.867734248 209.733820559 206.639820765 203.596051918 200.612656757
197.69956731 194.866469948 192.122771944 189.477569628 186.939618177 184.517303099 182.218613425 180.051116646 178.021935396 176.137725886
174.404658099 172.828397713 171.414089759 170.166343993 169.089221956 168.186225706 167.460288211 166.913765366 166.548429639 166.36546531
