362.589915048 361.837136196 360.453175188 358.664665363 356.77203447 355.107138325 353.984633327 353.652741037 354.249246757 355.768135773
358.041244767 360.737791495 363.382794054 365.393388691 366.130106745 364.958478286 361.31507057 354.771380403 345.088962125 332.259804165
316.527217467 298.384256342 278.54879241 257.916604757 237.496016616 218.329487443 201.408970913 187.5926296 177.530569862 171.606606968
169.901741777 172.183142974 177.920154452 186.326396209 196.424628357 207.128927886 217.337088298 226.025150983 232.335712377 235.652152162
245.318804425 245.139046138 244.783216095 244.258622165 243.576064224 242.749642812 241.796508871 240.736558671 239.592078875 238.387347544
237.148197572 235.901549687 234.674922617 233.495928424 232.39176124 231.388687752 230.511547781 229.783273127 229.224432579 228.852810595
228.683026601 228.726201277 228.989675403 229.476786089 230.186704275 231.114336472 232.250292705 233.580921631 235.088412756 236.750964666
238.543017193 240.43554447 242.396404912 244.390743332 246.381439612 248.329597666 250.19506787 251.936995617 253.514388313 254.886692849
256.014375459 256.85949585 257.386267564 257.561596762 257.355591921 256.742037347 255.698823924 254.208331132 252.257755001 249.839377456
246.950773271 243.594951698 239.780430706 235.52124266 230.836871153 225.7521196 220.296913072 214.506035701 208.418806781 202.078699463
195.532906625 188.83185916 182.028702467 175.178737445 168.338832669 161.566814789 154.920844386 148.458784707 142.237570732 136.312586005
130.737054563 125.561455053 120.832963896 116.594933969 112.886414847 109.741720163 107.190047088 105.255152298 103.955088173 103.302002254
