207.209590252 208.561651677 211.231124122 215.149573008 220.216490572 226.301809172 233.249154584 240.87975859 248.996933805 257.390999705
265.844537618 274.137844203 282.054448029 289.386552153 295.940267459 301.540506535 306.035416279 309.300238723 311.240503671 311.794473225
310.934776738 308.669194705 305.04057117 300.125855716 294.034297693 286.904836279 278.90274991 270.215646977 261.048896033 251.620607699
242.15629164 232.883320107 224.025334472 215.79673269 208.397373798 202.007630309 196.783910945 192.85476464 190.317662575 189.236538354
189.640147875 191.521290282 194.836910269 199.509080305 205.426839701 212.448846356 220.406776968 229.109393057 238.347173682 247.897401759
257.529579599 267.01104114 276.112623375 284.614257954 292.310345759 299.014782518 304.565511962 308.828494579 311.700994268 313.114101865
313.034433225 311.464959714 308.444950258 304.049025863 298.385349276 291.592993705 283.838554639 275.312087396 266.222469611 256.79230198
247.252471954 237.836513372 228.774900057 220.289413054 212.587719425 205.85829535 200.265817876 195.947138192 193.007935062 191.520130419
273.170645011 272.693762769 271.744072232 270.329686217 268.462686548 266.159020048 263.438361288 260.323943309 256.842357807 253.023326548
248.899446027 244.505907613 239.880195649 235.061766172 230.091709052 225.012396548 219.867121344 214.699727242 209.554235746 204.474471802
199.503691958 194.684218181 190.057080511 185.661671662 181.535416535 177.713459515 174.228372209 171.109884143 168.384638691 166.075976293
164.203746785 162.784152362 161.829622467 161.348721583 161.346090598 161.822422155 162.774470059 164.195092513 166.073328682 168.394507753
171.140389401 174.289334282 177.816502909 181.694081038 185.891529431 190.375855697 195.111905674 200.062671701 205.189614957 210.452998937
215.812231066 221.226209361 226.653671072 232.053540162 237.385270579 242.609182292 247.686787142 252.581101682 257.256944316 261.681214186
265.823149441 269.654562749 273.150052093 276.287185151 279.04665582 281.412411678 283.371751479 284.915392036 286.03750416 286.735717555
287.011094932 286.868075807 286.314390785 285.36094737 284.021688596 282.313426039 280.255648966 277.870311616 275.181600783 272.215686029
269.000455035 265.565236679 261.940514558 258.157633717 254.248503422 250.245298797 246.180164161 242.084920853 237.990782272 233.928078778
229.925994972 226.012321755 222.21322539 218.553035628 215.054054752 211.736389173 208.617805007 205.713608782 203.03655422 200.596775724
198.401748993 196.456278876 194.76251433 193.31999008 192.125694318 191.174161517 190.457589218 189.965977384 189.687288729 189.60762822
189.711439759 189.98171791 190.400232385 190.947762885 191.604341813 192.349502289 193.162528866 194.022708339 194.909578022 195.803168928
196.684241331 197.534510287 198.336858786 199.075536346 199.736341022 200.30678295 200.776227763 201.136018417 201.37957417 201.50246572
