171.81925561 172.194350504 172.941642371 174.055360617 175.526912228 177.344956527 179.495503713 181.962036205 184.725651615 187.765225952
191.057595464 194.577755362 198.299073488 202.19351688 206.231889056 210.384075734 214.619296667 218.906361206 223.213925185 227.510746744
231.765938712 235.949215256 240.031130554 243.983307364 247.778653492 251.391564269 254.798109354 257.97620232 260.905751678 263.568792209
265.949595662 268.034760118 269.813277515 271.276579089 272.418558671 273.235574025 273.726426631 273.89232051 273.736800886 273.265673694
272.486907075 271.41051619 270.048432815 268.414361285 266.523622493 264.392987695 262.040503964 259.485313156 256.747466289 253.847735219
250.80742349 247.648178183 244.39180453 241.060084998 237.674604424 234.256582696 230.826716346 227.405030282 224.010740744 220.662130413
217.376436458 214.169752115 211.056942258 208.051573241 205.165857129 202.410610276 199.795226074 197.327661518 195.014437128 192.860649634
190.869996703 189.044812905 187.386116014 185.893662683 184.566012454 183.400599035 182.393807741 181.541058002 180.8368898 180.275052966
179.84859826 179.549969212 179.37109375 179.303474715 179.338278432 179.466420564 179.678648605 179.965620421 180.317978361 180.72641855
181.18175508 181.674978889 182.197311243 182.740251787 183.295621243 183.85559889 184.412755034 184.960078749 185.491001189 185.999414855
186.479689184 186.926682891 187.335753478 187.702764331 188.02408982 188.296618792 188.517756824 188.685427564 188.798073446 188.854656009
196.893401687 195.187613819 191.922259228 187.379616119 181.958358387 176.145687716 170.483091093 165.527979086 161.813738716 159.810850137
159.891660806 162.301187726 167.135941322 174.332257386 183.665018215 194.756978983 207.098232712 220.074690426 233.003864188 245.175757413
255.896320405 264.53074205 270.543833637 273.534919654 273.264973847 269.674207274 262.888899594 253.216929204 241.132160536 227.248543991
212.285431676 197.026169612 182.272458922 168.797257329 157.299099791 148.360646116 142.414017482 139.71507779 140.328274299 144.12300841
150.781801377 159.819794937 170.614428212 182.443503325 194.529331959 206.086276297 216.36878389 224.716980759 230.597032702 233.633802682
