335.723077092 341.655772787 350.162860974 355.835035397 353.33632454 339.548972664 314.934729057 283.601326065 252.045310132 227.032414035
213.390698204 212.51367028 222.095428608 237.154606835 251.926275161 261.891423308 265.186740368 262.898685926 258.190738289 254.667418142
343.100566279 344.3115641 343.676483586 336.662633476 319.732769313 292.605513289 259.250980221 227.057939115 204.354748879 197.172327159
206.516939553 227.308910113 249.564845113 261.56381593 253.957425598 223.362704616 174.089187432 117.272849241 67.6023939611 38.6959883045
249.859460826 261.892413781 280.820256381 298.35263102 306.26308566 299.612075556 278.749694338 249.333406731 220.348046194 200.870968354
196.797628844 208.753409251 231.963757028 258.110787969 278.45445055 287.025533818 282.684086847 269.283007393 253.909785666 243.917651458
331.698654574 337.778096524 345.071123051 346.06807585 334.13796437 306.875669259 267.835605229 225.834311567 191.970270148 175.44302496
179.785212228 201.031529289 228.657450782 249.081233976 250.528538567 227.493095976 183.11556714 128.526634125 79.298660891 50.2168791142
318.733668008 317.684754229 315.601541779 312.513048294 308.462271963 303.505566464 297.711822159 291.161465798 283.945293661 276.163155574
267.922509438 259.336867803 250.524159637 241.605031646 232.701114379 223.933278812 215.419909216 207.275217797 199.607625901 192.518235539
186.099413534 180.433508865 175.591721695 171.633140257 168.603959158 166.536889929 165.45077167 165.350386635 166.226482455 168.055999625
170.802499738 174.416786967 178.837712421 183.99314825 189.801115918 196.171050756 203.005182991 210.200013742 217.647863182 225.238467087
232.860597397 240.403682212 247.759400782 254.82322962 261.495916747 267.684862333 273.305385611 278.28185979 282.548698882 286.051182745
288.746109247 290.602265199 291.600710607 291.7348737 291.01045716 289.445158941 287.068213906 283.919765266 280.050077422 275.518604183
270.392928504 264.747591793 258.662832415 252.223254308 245.51644757 238.631583431 231.658006298 224.683845361 217.794667802 211.072194771
204.593100123 198.427910413 192.640022853 187.284855917 182.409144975 178.050392904 174.236483033 170.985459019 168.305473554 166.194904945
164.642637902 163.628502163 163.12386002 163.092331403 163.49064297 164.269585651 165.375063403 166.749214479 168.331585418 170.06033716
171.873462259 173.709992082 175.511173101 177.221592026 178.790230442 180.17143086 181.325757653 182.220738168 182.831471359 183.141093579
