369.14441676 368.585109075 367.471416354 365.813150683 363.624946841 360.92616135 357.74073644 354.097027798 350.027594904 345.568952732
340.761283721 335.648109159 330.27591948 324.693763503 318.95279724 313.105793648 307.206615534 301.309654749 295.46924177 289.73903077
284.171366309 278.816638725 273.722636258 268.933902735 264.491110388 260.43045789 256.783104129 253.574648342 250.82466727 248.546319648
246.746027871 245.423245881 244.570321335 244.17245885 244.207789675 244.647551483 245.45638014 246.592713373 248.009304162 249.653839607
251.469658865 253.39656165 255.371696813 257.330518572 259.207796284 260.938662143 262.459679916 263.70991691 264.632000676 265.173141718
265.286103482 264.930101385 264.071613416 262.685086028 260.753520554 258.268927213 255.232635948 251.6554557 247.557676363 242.968910445
237.927774362 232.48141223 226.684868002 220.600314658 214.296151951 207.845986787 201.327512678 194.821306788 188.409564817 182.174795371
176.198496393 170.559836844 165.334366868 160.592779392 156.399745297 152.81284313 149.881602666 147.646679687 146.139176961 145.380123818
295.059078273 285.434165957 267.895346133 245.570686273 222.46752206 202.782428176 190.176445027 187.138864164 194.547660466 211.501054189
235.448473382 262.598296876 288.532902993 308.926726166 320.24614222 320.31387399 308.644470597 286.497072829 256.64024209 222.872707297
189.38502865 160.073352398 137.923216929 124.567720545 120.092769656 123.11818591 131.134873404 141.033518964 149.727204225 154.754580221
246.552111779 242.547896404 236.2300611 230.281932301 227.25248022 228.435404397 233.191403332 238.986458184 242.15108736 239.095189202
227.542184284 207.338668224 180.553640634 150.84405966 122.331263563 98.4048656827 80.8834399104 69.8122104147 63.9262534756 61.5512415375
