244.869943293 244.824466771 244.733572502 244.597378268 244.416061315 244.189859031 243.919069839 243.604054289 243.245236338 242.843104797
242.398214932 241.911190186 241.382724016 240.813581793 240.204602763 239.556702023 238.870872483 238.14818679 237.389799169 236.596947158
235.770953191 234.913226005 234.025261834 233.108645349 232.16505032 231.19623996 230.204066925 229.190472936 228.157488 227.107229196
226.041899009 224.963783188 223.875248105 222.77873761 221.676769351 220.571930569 219.466873345 218.364309306 217.267003784 216.17776944
215.099459347 214.034959559 212.987181172 211.959051899 210.953507177 209.973480844 209.021895402 208.101651907 207.215619527 206.366624796
205.557440625 204.790775091 204.069260088 203.395439849 202.771759434 202.200553212 201.684033397 201.224278717 200.823223249 200.482645492
200.204157751 199.989195869 199.839009381 199.75465216 199.736973585 199.786610326 199.903978765 200.089268141 200.342434442 200.663195117
201.051024634 201.505150946 202.024552885 202.607958543 203.253844645 203.960436962 204.725711778 205.547398432 206.422982942 207.349712725
208.324602417 209.344440782 210.405798711 211.505038291 212.63832293 213.801628512 214.990755546 216.201342288 217.428878779 218.668721768
219.916110459 221.166183032 222.413993878 223.654531481 224.882736884 226.093522657 227.281792303 228.442460018 229.57047072 230.660820266
231.708575777 232.70889597 233.657051416 234.548444637 235.378629943 236.143332926 236.838469513 237.460164497 238.004769458 238.468879973
238.849352057 239.143317727 239.34819963 239.46172465 239.481936426 239.407206717 239.236245542 238.96811005 238.602212063 238.138324238
237.576584819 236.917500937 236.161950433 235.311182172 234.366814853 233.330834284 232.205589127 230.993785133 229.698477852 228.323063857
226.871270498 225.347144229 223.755037522 222.099594451 220.385734961 218.618637904 216.803722893 214.946631059 213.05320476 211.129466352
209.181596085 207.215909219 205.238832464 203.256879819 201.276627932 199.304691068 197.347695799 195.412255511 193.504944856 191.632274231
189.800664413 188.016421453 186.285711931 184.614538684 183.008717111 181.473852158 180.015316079 178.638227072 177.347428887 176.147471486
175.04259285 174.036702003 173.133363333 172.335782276 171.646792433 171.068844162 170.603994713 170.253899932 170.019807586 169.902552327
