289.781764348 289.726368731 289.615858795 289.450795578 289.232016744 288.960631939 288.63801663 288.265804469 287.845878215 287.380359272
286.871595878 286.32215003 285.734783197 285.112440904 284.458236264 283.775432546 283.067424873 282.337721142 281.589922265 280.827701846
280.054785385 279.274929139 278.491898725 277.70944761 276.931295574 276.16110728 275.402471055 274.658878001 273.933701542 273.230177525
272.551384973 271.900227609 271.279416226 270.691452035 270.138611049 269.622929607 269.146191122 268.709914116 268.315341619 267.963431989
267.654851213 267.389966732 267.168842831 266.991237625 266.856601663 266.764078172 266.712504942 266.700417846 266.726056003 266.787368546
266.882022979 267.007415086 267.160680357 267.338706863 267.538149543 267.755445824 267.986832499 268.228363804 268.475930587 268.725280482
268.972039006 269.211731458 269.439805529 269.6516545 269.842640927 270.008120683 270.143467258 270.244096168 270.305489379 270.323219609
270.292974382 270.210579733 270.072023414 269.873477511 269.611320333 269.282157479 268.882841961 268.410493278 267.862515352 267.236613214
266.530808369 265.743452737 264.873241107 263.91922203 262.880807086 261.757778474 260.550294872 259.258895537 257.884502603 256.428421571
254.892339957 253.278324115 251.588814225 249.826617466 247.994899395 246.097173564 244.137289411 242.119418477 240.048039009 237.927919004
235.764097775 233.56186611 231.326745127 229.064463896 226.780935946 224.482234754 222.17456833 219.86425301 217.557686579 215.26132085
212.981633818 210.725101525 208.498169768 206.307225769 204.158569956 202.058387983 200.012723108 198.027449082 196.108243656 194.26056285
192.489616097 190.800342379 189.197387482 187.685082467 186.267423474 184.948052945 183.730242368 182.616876629 181.610440036 180.713004106
179.926217163 179.251295801 178.689018274 178.239719826 177.903290008 177.679171995 177.566363901 177.563422117 177.668466632 177.879188348
178.192858335 178.606339008 179.116097168 179.718218859 180.408425974 181.182094537 182.034274585 182.959711557 183.952869107 185.007953221
186.118937547 187.279589819 188.483499249 189.724104782 190.99472406 192.288582989 193.598845763 194.918645201 196.241113282 197.559411712
198.8667624 200.156477704 201.421990299 202.656882538 203.854915166 205.010055264 206.116503283 207.168719054 208.161446648 209.089737975
209.948975011 210.734890553 211.443587404 212.071555906 212.615689727 213.073299843 213.442126643 213.720350103 213.906597984 213.999952011
