188.783686338 190.647176259 194.392849003 200.047302757 207.62497241 217.101621922 228.385250265 241.288830572 255.509353633 270.617165746
286.058617525 301.173668432 315.22846013 327.461149393 337.137661243 343.612662986 346.390124326 345.177432395 339.927235704 330.86200058
318.47761911 303.52419414 286.964183165 269.910216578 253.546911436 239.042681323 227.458724569 219.662929035 216.256291297 217.518605378
223.378691926 233.412435415 246.869548237 262.727495479 279.768617825 296.674402538 312.129268315 324.925299146 334.059176803 338.813145082
227.228893628 227.187602173 227.105493776 226.983512316 226.82306078 226.625986027 226.394558692 226.13144847 225.839695 225.522674662
225.184063624 224.827797502 224.458028053 224.079077347 223.695389869 223.311483059 222.931896781 222.561142255 222.203650964 221.863724073
221.545482879 221.252820813 220.989357491 220.758395305 220.562879005 220.405358713 220.287956761 220.212338728 220.17968899 220.190691062
220.245512977 220.34379788 220.484659966 220.666685862 220.887941463 221.145984207 221.437880715 221.760229652 222.109189641 222.48051198
222.869577891 223.271439972 223.680867469 224.092394968 224.500374058 224.89902748 225.282505262 225.644942302 225.980516865 226.283509426
226.548361289 226.769732422 226.942557945 227.062102699 227.12401337 227.124367649 227.059719906 226.92714294 226.724265353 226.449304153
226.101092238 225.679100453 225.183453954 224.614942675 223.975025756 223.26582981 222.490141006 221.651390987 220.753636673 219.801534111
218.800306537 217.755706896 216.673975125 215.561790533 214.426219671 213.274660145 212.114780819 210.954458955 209.801714807 208.664644256
207.551350075 206.469872425 205.428119218 204.433796953 203.494342662 202.616857579 201.80804313 201.074139853 200.420869783 199.853382865
199.376207879 198.99320836 198.707543914 198.521637326 198.437147777 198.454950443 198.575122696 198.796937063 199.118861052 199.538563869
200.052930022 200.658079706 201.349395855 202.121557622 202.968580061 203.883859664 204.860225399 205.889994827 206.965034822 208.076826398
209.21653309 210.375072302 211.54318903 212.711531317 213.870726803 215.011459697 216.124547529 217.201017001 218.232178286 219.209697135
220.125664165 220.972660719 221.743820736 222.432888081 223.034268842 223.543078138 223.95518103 224.267227164 224.476678869 224.581832443
