320.704285566 318.360599479 313.759737834 307.071412112 298.54204739 288.485375405 277.270481971 265.307783051 253.033484647 240.893139801
229.324948971 218.743456696 209.524277552 201.990438902 196.400858841 192.941388071 191.718737976 192.757498461 196.000323223 201.311232165
208.481856205 217.240333684 227.26246487 238.184645769 249.618037988 261.163390247 272.425910773 283.029598629 292.630475347 300.928214428
307.67574252 312.686479046 315.838986449 317.078916381 316.418253205 313.93196993 309.752318448 304.061071014 297.080109437 289.060819172
280.272784981 270.992301732 261.491207744 252.026519497 242.831297138 234.107102451 226.018328234 218.68858418 212.19922381 206.589994484
201.861692572 197.98061323 194.884502916 192.489656515 190.698752629 189.408992259 188.520098974 187.941752853 187.600065222 187.442754687
217.414746159 217.433470388 217.470117709 217.523114018 217.590167941 217.668352861 217.754213424 217.843894175 217.933287433 218.018197071
218.094514482 218.158402662 218.206484128 218.236028199 218.2451331 218.232898358 218.199583039 218.146745573 218.077361185 217.995913271
217.908455511 217.822641989 217.747723138 217.694505949 217.675277501 217.703691583 217.794618835 217.963961569 218.228435118 218.605318229
219.11217569 219.766556984 220.585675304 221.586071789 222.783270238 224.191427918 225.82298833 227.688341958 229.795501101 232.149794827
234.753589977 237.606043896 240.702894211 244.036290575 247.594672745 251.362698763 255.321226333 259.447349727 263.714493767 268.092565563
272.548163854 277.044844857 281.54344268 286.002441459 290.378395512 294.626393004 298.700557841 302.554583824 306.142294441 309.418221186
312.338192806 314.859927575 316.943620458 318.552516926 319.653465188 320.217438749 320.220021454 319.641847544 318.468989758 316.693289073
314.312620422 311.331089465 307.759156401 303.613683725 298.917905839 293.701319464 287.99949486 281.853808958 275.311102564 268.423264863
261.246749491 253.842027368 246.27298248 238.606257534 230.910557249 223.255917616 215.712950046 208.35206971 201.242717669 194.452586571
188.046859679 182.087472922 176.632409396 171.735035371 167.443486373 163.800111266 160.840981562 158.595472325 157.085920128 156.327362543
