255.884971831 255.071301744 253.474684809 251.155551642 248.202041068 244.727081667 240.86464752 236.765308148 232.591215215 228.510686733
224.692562421 221.300511321 218.487474449 216.390421028 215.12558706 214.784349694 215.429870744 217.094618349 219.778847898 223.450092972
228.043684983 233.464287653 239.588400252 246.267752928 253.33348917 260.601005657 267.875298975 274.9566528 281.646488504 287.753197155
293.097771694 297.5190646 300.878508432 303.064153881 303.993901727 303.617830813 301.919552866 298.91655584 294.659529488 289.230698965
282.741223464 275.327746197 267.148208468 258.377063374 249.200043003 239.808646432 230.394523762 221.143933807 212.232449678 203.820077567
196.04693981 189.02965429 182.858519025 177.595584151 173.273664318 169.896313738 167.438754696 165.849719376 165.054135258 164.956557132
165.44522485 166.396605958 167.680267102 169.163907947 170.71838671 172.222567336 173.56782488 174.662057535 175.433070588 175.831218816
340.40503892 338.958866418 336.085849531 331.824640071 326.233178039 319.388574122 311.386839652 302.342380341 292.387164933 281.669483485
270.352222531 258.610605402 246.629374363 234.599425249 222.71394274 211.164122841 200.134605749 189.798774488 180.314099919 171.817728909
164.422517897 158.213707943 153.24641921 149.544113351 147.098132565 145.868376209 145.785122187 146.751943986 148.64961824 151.340865509
154.675721615 158.497301248 162.647691925 166.973706478 171.332226792 175.594890765 179.651907398 183.414829991 186.818172315 189.819814181
192.400207821 194.560461134 196.31943451 197.71004116 198.774983518 199.562187866 200.120214163 200.493917114 200.720617907 200.827014588
212.126594088 216.226025047 222.257724591 226.702520796 226.016260903 217.975934694 202.547170772 181.956146516 159.946651843 140.505228487
126.53051265 118.93558486 116.501457411 116.512343832 115.909220612 112.509021737 105.823167816 97.1739370818 89.0850662332 84.2057580297
