239.956765888 239.896604672 239.776779687 239.598281584 239.362585786 239.071639916 238.727847214 238.33404608 237.893485928 237.409799552
236.886972259 236.329308023 235.741392974 235.128056524 234.49433048 233.845406492 233.186592216 232.523266564 231.860834432 231.204681302
230.560128106 229.932386742 229.326516632 228.74738268 228.19961501 227.687570808 227.215298606 226.786505298 226.404526185 226.072298265
225.792337026 225.5667169 225.397055554 225.284502127 225.229729506 225.232930689 225.293819248 225.411633874 225.585146939 225.812676993
226.09210505 226.420894525 226.796114609 227.214466877 227.672314862 228.165716339 228.69045801 229.242092271 229.815975735 230.407309162
231.01117843 231.622596185 232.236543809 232.848013315 233.452048826 234.043787252 234.618497832 235.171620192 235.698800588 236.195926043
236.659156082 237.084951803 237.470102054 237.811746505 238.107395434 238.354946087 238.552695482 238.699349595 238.794028867 238.836270013
238.826024169 238.763651416 238.649911766 238.485952743 238.27329369 238.013806987 237.709696382 237.363472671 236.977926969 236.556101851
236.101260653 235.616855231 235.106492513 234.573900141 234.022891566 233.457330904 232.8810979 232.298053326 231.712005139 231.126675701
230.545670374 229.972447764 229.410291884 228.862286488 228.331291775 227.819923695 227.330535995 226.865205169 226.425718412 226.013564673
225.629928844 225.275689119 224.951417509 224.657383459 224.393560516 224.159635931 223.955023064 223.778876443 223.630109295 223.507413326
223.409280548 223.334026878 223.279817276 223.244692119 223.226594533 223.223398396 223.232936693 223.253029933 223.281514322 223.316269384
223.35524476 223.396485875 223.438158225 223.478570019 223.516192945 223.549680834 223.577886039 223.599873353 223.614931316 223.622580804
337.051283851 331.164974167 319.874900573 304.10033729 285.110140296 264.402805784 243.565475345 224.12568155 207.410322599 194.425624011
185.769760459 181.586576543 181.564779486 184.982479254 190.792465152 197.739574412 204.498325495 209.816971328 212.653475831 212.289697227
208.412199422 201.15140025 191.074881551 179.135227561 166.577279452 154.813750372 145.281337271 139.291477141 137.890525267 141.74331551
151.051873137 165.517699078 184.351854591 206.332453641 229.904566257 253.313398156 274.758344025 292.553433662 305.279006146 311.910226265
