283.655996908 283.32594918 282.670580594 281.699279454 280.425965495 278.868897061 277.050418055 274.996648038 272.737119655 270.304368236
267.73347909 265.061598573 262.327415501 259.570619878 256.831346235 254.149609082 251.564738078 249.114820568 246.836159023 244.762750745
242.925796911 241.353247653 240.069389396 239.094480142 238.44443774 238.130585501 238.15945876 238.532675185 239.246870799 240.293702792
241.659919349 243.327495808 245.273835587 247.47203347 249.89119799 252.496828878 255.251244802 258.114055934 261.042675294 263.992862285
266.919291387 269.776138634 272.517678251 275.098881642 277.476010922 279.607199175 281.453009821 282.976967699 284.146054825 284.931164254
285.307505951 285.254959243 284.758367066 283.807767978 282.398562719 280.531612922 278.213270474 275.455336901 272.274953087 268.694420508
264.740956082 260.446383578 255.846765368 250.981979084 245.895244464 240.632606326 235.242380177 229.774567492 224.280248065 218.810957163
213.418055433 208.152099603 203.062222021 198.195527008 193.596511744 189.306519154 185.363229836 181.80019957 178.646448406 175.926106637
173.658122259 171.856033731 170.527811016 169.675767001 169.296540499 169.381151126 169.9151254 170.878692515 172.247047341 173.990677323
176.075749153 178.46455029 181.115979722 183.986081701 187.028615656 190.195654984 193.438207091 196.706846718 199.952354479 203.126352409
206.18192839 209.074241456 211.761100205 214.203506917 216.366160379 218.217910989 219.732162273 220.887213694 221.666540318 222.059005776
316.69259808 320.576308516 327.773068944 337.204877787 347.406464908 356.689647528 363.334854144 365.789785174 362.85429153 353.831789683
338.630778635 317.804963716 292.526637405 264.494709133 235.785442643 208.659883659 185.346544927 167.820692803 157.602258366 155.592891353
161.969117581 176.143283505 196.797480762 221.988567082 249.315427632 276.133436684 299.796294852 317.902510026 328.523058615 330.388295254
323.015841537 306.766637731 282.823070114 253.090449012 220.030402813 186.44126935 155.20567828 129.028729989 110.191173238 100.340663092
259.864043373 256.455434014 250.005180645 241.155197958 230.675038186 219.317251647 207.730022411 196.454704237 185.996190848 176.918203099
169.899161999 165.695594993 164.996269774 168.198383553 175.178451834 185.14782088 196.667024175 207.847672154 216.709805667 221.607682601
