237.859324518 237.747527677 237.524224999 237.190000327 236.745733954 236.19260795 235.532113055 234.76605699 233.896573975 232.926135217
231.857560101 230.694027784 229.43908887 228.096676826 226.671118776 225.167145309 223.589898918 221.944940695 220.23825492 218.476251156
216.665763526 214.814046823 212.928769155 211.018000848 209.090199357 207.154189985 205.219142246 203.294541743 201.390157497 199.51600471
197.682302974 195.899430033 194.177871223 192.528164788 190.960843319 189.486371629 188.115081406 186.857103056 185.722295194 184.720172271
183.859830892 183.149875378 182.598343202 182.212630925 181.99942128 181.964612089 182.113247681 182.449453505 182.976374609 183.69611866
184.609704155 185.717014453 187.016758222 188.506436875 190.182319497 192.039425754 194.071517175 196.271097191 198.6294202 201.1365099
203.781187029 206.55110659 209.432804575 212.411754081 215.47243068 218.598386794 221.77233474 224.976238064 228.191410667 231.398623174
234.578215919 237.71021785 240.774470592 243.75075686 246.618932339 249.359060125 251.951546768 254.377278938 256.617759684 258.655243283
260.472867626 262.054783108 263.386277009 264.453892342 265.245540192 265.750604603 265.960039103 265.866454012 265.464193742 264.749403358
263.720083742 262.37613478 260.719386082 258.753614824 256.484550416 253.919865755 251.069154982 247.943897707 244.557409804 240.92478097
237.062799351 232.989863621 228.725883035 224.292166028 219.711298074 215.007009554 210.204034518 205.327961255 200.405075691 195.46219867
190.526518245 185.625418143 180.786303613 176.036425871 171.402706418 166.911562457 162.588734694 158.459118741 154.546601366 150.873902775
147.46242607 144.332115004 141.501321066 138.986680875 136.803004802 134.963177629 133.478071984 132.3564752 131.605030146 131.228190444
