265.151962638 264.94814575 264.543988447 263.946389941 263.165565526 262.214888609 261.110683821 259.871974328 258.520187163 257.07882103
255.573081586 254.029489725 252.47546875 250.938916675 249.447770097 248.029566204 246.711009516 245.517549868 244.472977978 243.599044676
242.915109484 242.437823821 242.180853564 242.154645085 242.366238259 242.819129188 243.513184679 244.444609685 245.605968177 246.986257062
248.571032016 250.342583289 252.280158825 254.360231332 256.556805294 258.84175932 261.18521875 263.555952967 265.921791545 268.250053102
270.507980562 272.663176471 274.684032047 276.540143759 278.202711474 279.644912512 280.84224633 281.772845071 282.417745711 282.761120187
282.790460513 282.496716616 281.874385339 280.921549813 279.639869163 278.034519241 276.114085845 273.890412578 271.378406146 268.595802563
265.562898245 262.302250492 258.838352288 255.197286657 251.4063661 247.49376278 243.488135226 239.418257262 235.312654825 231.199256077
227.105059987 223.055828158 219.075804277 215.187465029 211.411305803 207.765663864 204.266581051 200.927707399 197.760246347 194.772941553
191.97210462 189.361682361 186.943361613 184.716708972 182.67934229 180.827130256 179.154415962 177.654259974 176.318698152 175.139009253
174.105987235 173.210213131 172.442321438 171.79325608 171.254511244 170.81835267 170.47801537 170.227874176 170.063584037 169.982187505
238.089926275 241.720755716 249.681207854 262.71301733 280.612655112 301.419579133 321.254524543 335.033010238 337.91313088 326.999846483
302.661094273 268.89226228 232.477506935 201.129942139 181.186612428 175.635770382 183.17823294 198.688331545 214.958247316 225.154629057
207.429683718 207.402819222 207.346982201 207.258034926 207.129964682 206.955110945 206.724459307 206.427994695 206.055104904 205.595024084
205.037304733 204.372305856 203.591684396 202.688876694 201.659556785 200.50205861 199.217749823 197.811345767 196.291153335 194.669235846
192.961491676 191.187641201 189.371118568 187.538866878 185.721037517 183.950596508 182.262842943 180.694846576 179.284813677 178.071392004
177.092927417 176.38668601 175.988056771 175.929750626 176.241012248 176.946861189 178.067378803 179.617056915 181.604223423 184.030558865
186.890716592 190.172057452 193.854507943 197.910548631 202.305337274 206.996968604 211.936870193 217.070331164 222.337157999 227.672449094
233.007477374 238.270667955 243.38865587 248.287407018 252.893384027 257.134737498 260.942502272 264.251777861 267.002872075 269.142387176
270.624228527 271.410516747 271.472385799 270.790651148 269.356334189 267.171031466 264.247119752 260.607790827 256.286912641 251.328716596
245.787313621 239.726044771 233.21667499 226.338441464 219.176970624 211.823080267 204.371485358 196.919427902 189.56525275 182.406952277
175.540703568 169.059422039 163.051355289 157.598740405 152.77654702 148.651327039 145.280190249 142.709922956 140.976264432 140.103353322
