258.122377208 258.401545923 258.965517223 259.825102096 260.995396744 262.494497778 264.341885588 266.556553091 269.154969851 272.148980377
275.543739954 279.335791281 283.511380691 288.045103755 292.898957204 298.021857749 303.349669325 308.805759237 314.30208169 319.740764995
325.016157487 330.01726761 334.630516686 338.742709192 342.24411561 345.031557386 347.011382579 348.102224323 348.237442195 347.367158585
345.459817691 342.503213141 338.504950743 333.49233451 327.511686099 320.627129129 312.918889684 304.481181751 295.41976081 285.849239549
275.890266447 265.666670427 255.302672906 244.920262496 234.636817673 224.563049378 214.801319428 205.444372484 196.574500014 188.263135085
180.570857718 173.547772929 167.234208078 161.661663549 156.853941565 152.828372504 149.597056616 147.168041607 145.546362949 144.734883724
182.880504408 186.236338602 192.771236793 202.142056869 213.859442486 227.316502191 241.824250095 256.651635839 271.067714545 284.383382707
295.990141353 305.393540769 312.239299462 316.330552511 317.635241903 316.283278967 312.55374777 306.853038483 299.685362297 291.617569491
283.240540306 275.129622834 267.806640586 261.705881944 257.146221645 254.311127436 253.237798277 253.816096118 255.797308083 258.812149493
262.396829873 266.025491096 269.146921302 271.223175817 271.767613894 270.379895601 266.775673991 260.809051977 252.486329822 241.970119031
229.573507138 215.744586819 201.042272534 186.104879799 171.613401674 158.25175495 146.666463675 137.428287652 130.998185881 127.699736948
315.182146569 314.695735581 313.728734263 312.292705296 310.404797249 308.087513133 305.368406951 302.279712528 298.85790989 295.143235324
291.17914203 287.011718998 282.689076265 278.260705216 273.776822869 269.287709329 264.84304762 260.491275064 256.278955144 252.250178488
248.446001124 244.903927598 241.657445871 238.735620125 236.162746731 233.958077737 232.13561519 230.703978612 229.666346852 229.020474501
228.758781937 228.868517064 229.331985769 230.126847165 231.226468798 232.600336168 234.214510192 236.032125606 238.013922787 240.118805072
242.304413369 244.527709688 246.74556122 248.915316648 250.995366616 252.945680614 254.72831298 256.307871286 257.651941008 258.731461128
259.521046113 259.999250594 260.148773961 259.956603058 259.414092088 258.516979839 257.26534525 255.663503279 253.719843905 251.44661791
248.859673843 245.978151253 242.824135837 239.422282663 235.799413991 231.984098502 228.0062189 223.896534901 219.686248569 215.406578754
211.088351154 206.76161007 202.455257526 198.196724782 194.011680689 189.923780602 185.954458822 182.122766735 178.445258008 174.935921364
171.606160632 168.464820943 165.518259183 162.770456048 160.223166371 157.876103773 155.727155129 153.772619897 152.007468973 150.425617463
149.020205607 147.783881994 146.709083267 145.788304641 145.014355809 144.380597116 143.881151348 143.511086956 143.266569107 143.144975642
