308.49130124 307.737453936 306.24731118 304.055482502 301.212661547 297.784202232 293.848287166 289.493742982 284.817567689 279.922243542
274.912915154 269.894516231 264.968929553 260.232263333 255.772323205 251.666352676 247.979106379 244.76130994 242.048548236 239.860610508
238.201306744 237.058755288 236.406127327 236.202820098 236.396017852 236.922588153 237.711251356 238.684953391 239.763366473 240.865439278
241.911917523 242.827757735 243.54436128 244.001562256 244.149311377 243.949008326 243.374446698 242.412348429 241.062477903 239.337339461
237.261475275 234.870393123 232.209165121 229.330748488 226.294087762 223.162064163 219.999361899 216.87032303 213.836861893 210.956507266
208.280635313 205.852949264 203.70825289 201.871554443 200.35752627 199.170333055 198.303829074 197.742112394 197.460411935 197.426272254
197.600991044 197.941256107 198.400922137 198.932863288 199.490835308 200.031281127 200.515016075 200.908733401 201.186277242 201.329638452
364.844279989 362.930746465 359.14812874 353.584055237 346.366832072 337.661787318 327.666573185 316.605570203 304.72356482 292.27889372
279.536264028 266.759467791 254.204211545 242.111277255 230.700219593 220.163786858 210.663229309 202.324630091 195.236361195 189.447731049
184.968852533 181.771721645 179.792458963 178.934629638 179.073524098 180.061251952 181.73247677 183.910600162 186.414190594 189.063445932
191.686479109 194.125223437 196.240767734 197.917951139 199.069072582 199.636599554 199.594794126 198.950209959 197.741051263 196.035421975
193.928529774 191.538943608 189.004034226 186.474753669 184.109931051 182.070277443 180.512301905 179.582343311 179.410918502 180.10757674
181.756433615 184.412535165 188.099175634 192.806261033 198.489776354 205.072378136 212.445097277 220.470100636 228.984425323 237.804567753
246.731781549 255.557915123 264.071602006 272.064605365 279.338112852 285.708779378 291.014323333 295.118496032 297.915264312 299.332071475
