245.391034445 245.311695628 245.153444473 244.917131484 244.604026286 244.215810314 243.754567132 243.222770439 242.623269839 241.959274457
241.234334505 240.452320899 239.617403059 238.734025024 237.806880014 236.840883614 235.841145715 234.812941397 233.761680917 232.692878994
231.612123554 230.52504414 229.437280157 228.354449151 227.282115301 226.225758313 225.190742893 224.182288979 223.205442904 222.26504965
221.365726366 220.511837276 219.707470145 218.956414408 218.262141106 217.627784718 217.056126997 216.549582893 216.110188624 215.739591971
215.439044818 215.20939799 215.051098385 214.964188414 214.948307732 215.002697233 215.126205278 215.317296087 215.574060247 215.894227244
216.275179941 216.713970891 217.207340383 217.751736089 218.343334203 218.978061907 219.651621044 220.359512834 221.097063486 221.859450544
222.641729797 223.438862608 224.24574348 225.057227702 225.868158915 226.673396432 227.467842155 228.246466946 229.004336284 229.736635096
230.438691596 231.106000028 231.734242191 232.31930762 232.857312353 233.344616173 233.777838248 234.153871119 234.469892957 234.723378069
234.912105602 235.034166433 235.087968239 235.072238744 234.986027163 234.828703867 234.599958309 234.299795251 233.928529362 233.486778242
232.975453957 232.395753165 231.749145926 231.037363301 230.26238383 229.426419016 228.53189792 227.581450989 226.577893235 225.524206886
224.423523644 223.279106651 222.094332314 220.872672085 219.617674323 218.332946359 217.022136865 215.688918639 214.336971898 212.969968182
211.591554954 210.205340966 208.814882477 207.423670377 206.035118274 204.65255159 203.279197709 201.918177195 200.572496107 199.245039415
197.938565525 196.655701897 195.398941744 194.170641787 192.973021028 191.808160503 190.678003972 189.584359482 188.528901746 187.513175278
186.538598199 185.606466654 184.71795975 183.87414494 183.075983768 182.324337885 181.619975263 180.963576511 180.355741212 179.796994202
179.287791713 178.828527294 178.419537448 178.061106915 177.75347353 177.496832611 177.291340815 177.137119425 177.034257019 176.982811511
