331.432567657 331.956765901 332.929860443 334.206969189 335.584631711 336.816243868 337.630741997 337.753114109 336.925191434 334.925173752
331.584464388 326.800623344 320.545568623 312.8685379 303.893732424 293.812968009 282.874021106 271.365652899 259.600499129 247.897114907
236.562458102 225.875987823 216.076360189 207.351443405 199.832074133 193.5896656 188.637482571 184.935143937 182.39571957 180.894666866
180.279808729 180.381585658 181.022909772 182.028092249 183.230487864 184.478679913 185.641195107 186.609873551 187.302110664 187.662229122
240.868515765 240.81441058 240.700110939 240.51375323 240.238317231 239.852522761 239.331970522 238.650482712 237.781590935 236.700112629
235.383753142 233.814668587 231.98092506 229.877792472 227.508816225 224.886616995 222.033377816 218.980988111 215.770826068 212.453173292
209.086268646 205.735021168 202.469414414 199.362646229 196.489058243 193.921918039 191.731123664 189.980904593 188.727595357 188.01755759
187.885323346 188.352027078 189.424186015 191.092878798 193.333360679 196.105140484 199.352530437 203.00566525 206.981971999 211.18805779
215.52196853 219.875759596 224.138308435 228.198290328 231.947232074 235.282554475 238.1105133 240.34894996 241.929767507 242.801054499
242.928788765 242.298064692 240.913801168 238.800902213 236.00385831 232.585792839 228.626974552 224.222832961 219.481528568 214.521143386
209.466568938 204.446178368 199.588376237 195.018123756 190.853538482 187.202665858 184.160515379 181.806446839 180.201982192 179.389106377
303.241645154 301.887381084 299.210166755 295.27177544 290.162756445 283.999972364 276.923429722 269.09249648 260.681617683 251.875655016
242.864986606 233.840509847 224.988692069 216.486811576 208.498524872 201.169885183 194.625922854 188.967880405 184.27117454 180.584134783
177.927544519 176.294985604 175.653963351 175.947765208 177.097984574 179.007621714 181.564657069 184.645979097 188.121539324 191.858601996
195.725954559 199.597948313 203.358245735 206.903161996 210.144502614 213.011816641 215.454004553 217.440241562 218.960199645 220.02357446
220.658945735 220.912021048 220.843332328 220.525471451 220.039965323 219.473901481 218.916422121 218.455207452 218.173068229 218.144762363
218.434141773 219.09172353 220.152764139 221.635898142 223.542382682 225.855968793 228.543398854 231.55550839 234.828890051 238.288058756
241.848040302 245.417291738 248.900850918 252.20360535 255.23356675 257.905037983 260.141563083 261.878558737 263.065536783 263.667841397
