288.329154431 287.864690126 286.941329221 285.570140075 283.767558409 281.555189441 278.959547875 276.011738943 272.747084457 269.204698447
265.427017631 261.459292483 257.349045164 253.145500962 248.899000222 244.660397967 240.480458551 236.409252746 232.495564583 228.786315188
225.326010567 222.15622003 219.315091506 216.836909573 214.751701431 213.08489548 211.857036477 211.083560529 210.774632442 210.935047145
211.564196125 212.656098982 214.19949941 216.178024118 218.570402411 221.350743431 224.488867332 227.950686011 231.698628438 235.692105069
239.888005391 244.241222243 248.705196277 253.232473687 257.775270232 262.286034506 266.718003496 271.025743588 275.165670407 279.096541193
282.779913805 286.180566898 289.266876353 292.011143626 294.38987233 296.383990037 297.979013022 299.165152401 299.937360897 300.295320207
300.24336973 299.790378159 298.949560147 297.738240984 296.177572825 294.292206662 292.109924718 289.661238474 286.978957895 284.097737791
281.053607478 277.883490079 274.624717892 271.314550244 267.989700169 264.685876082 261.437344358 258.276518416 255.233579497 252.33613386
249.608910596 247.073503681 244.748161266 242.647624528 240.783017745 239.161790511 237.787712325 236.660919059 235.778010099 235.132194275
234.713482036 234.508920707 234.502869094 234.67730717 235.012176136 235.485743738 236.074989406 236.756003526 237.504395013 238.295701219
239.105794258 239.91127785 240.689868999 241.420759 242.084948618 242.665552648 243.148069506 243.52061201 243.774096067 243.902384591
172.566771937 176.036657077 181.065331896 184.690687534 184.260967229 178.723695431 169.284816274 159.124712851 152.235599143 151.80827216
158.800412999 171.278424001 184.849008648 194.086167202 194.469315572 184.129675147 164.74327936 141.200977356 120.124430909 107.720951026
