309.953292697 309.852703497 309.65185176 309.351389516 308.952291571 308.455851645 307.863677233 307.177683237 306.400084378 305.53338642
304.580376261 303.544110913 302.427905428 301.235319817 299.970145028 298.636388024 297.238256043 295.780140095 294.266597768 292.702335418
291.092189819 289.441109347 287.754134772 286.036379759 284.29301113 282.529228995 280.750246822 278.961271532 277.167483699 275.374017941
273.585943584 271.808245665 270.045806378 268.303387003 266.585610428 264.896944303 263.241684916 261.623941844 260.047623436 258.516423198
257.033807118 255.603001991 254.226984778 252.908473043 251.649916502 250.453489716 249.321085943 248.254312176 247.254485379 246.322629933
245.459476282 244.665460792 243.940726813 243.285126925 242.698226349 242.179307517 241.727375753 241.341166046 241.019150875 240.759549045
240.560335482 240.419251959 240.33381867 240.301346619 240.318950766 240.383563838 240.491950787 240.640723784 240.826357706 241.045206039
241.293517128 241.567450686 241.863094515 242.17648134 242.503605705 242.84044083 243.18295539 243.527130117 243.868974166 244.204541184
244.529944996 244.841374869 245.135110264 245.40753505 245.655151088 245.87459117 246.06263123 246.216201811 246.332398719 246.408492857
246.441939176 246.430384739 246.371675855 246.263864282 246.105212458 245.894197781 245.629515904 245.31008306 244.935037415 244.503739454
244.015771414 243.47093579 242.869252908 242.210957625 241.49649515 240.726516048 239.901870434 239.023601426 238.092937871 237.111286408
236.080222907 235.001483338 233.876954118 232.708661991 231.498763503 230.249534115 228.963357026 227.642711755 226.290162545 224.908346644
223.499962529 222.067758118 220.614519044 219.143057031 217.656198438 216.15677302 214.647602956 213.131492199 211.611216181 210.089511942
208.569068693 207.052518884 205.542429784 204.041295628 202.551530338 201.075460872 199.615321187 198.173246871 196.751270423 195.351317224
193.975202181 192.624627058 191.301178494 190.006326695 188.741424809 187.507708942 186.306298839 185.138199169 184.004301432 182.90538643
181.842127294 180.815093028 179.824752537 178.871479106 177.955555289 177.077178172 176.236464958 175.433458847 174.668135157 173.940407633
173.250134924 172.597127144 171.981152513 171.401943994 170.859205904 170.352620447 169.88185412 169.446563953 169.046403548 168.681028859
168.350103693 168.053304888 167.79032713 167.560887389 167.364728927 167.201624875 167.071381337 166.973840007 166.908880288 166.876420885
