273.787329283 274.092239069 274.682392574 275.51917131 276.546408036 277.692433995 278.872701902 279.992897734 280.952438019 281.648236364
281.978613741 281.847221885 281.166848299 279.862974693 277.876968251 275.168796573 271.719172189 267.531050645 262.630426784 257.066396309
250.910473275 244.255178131 237.211934413 229.908334618 222.484856192 215.091126583 207.881851036 201.012528076 194.635084827 188.893567353
183.920019949 179.830681763 176.722619482 174.670901421 173.726401537 173.914302282 175.233343404 177.655840444 181.128472611 185.573815632
190.892571834 196.966427956 203.661451594 210.831920447 218.324465167 225.982397044 233.650086306 241.177255603 248.423056375 255.259803123
261.576251902 267.280324222 272.301195615 276.590688618 280.123932425 282.899275021 284.937457634 286.280084959 286.987447116 287.13576996
286.813988483 286.12015311 285.157590148 284.030945174 282.842241505 281.687084942 280.6511408 279.806999968 279.211537687 278.903852346
198.264188769 201.012690282 203.1782719 202.550820239 201.035819147 202.271868892 207.076284199 212.591521092 215.853739085 216.75697306
230.121375282 230.872996231 232.347700188 234.489355766 237.216096452 240.423032406 243.985727663 247.764329769 251.608217672 255.361016739
258.865817807 261.970430388 264.532498897 266.424315072 267.537169392 267.785099087 267.107909698 265.473370519 262.878510837 259.349972904
254.943407983 249.741932735 243.853693583 237.408615556 230.554438556 223.452167135 216.271078945 209.183451496 202.359176159 195.960432227
190.13659219 185.019522187 180.719429136 177.321388679 174.882666422 173.430919593 172.963338128 173.446754122 174.818717514 176.989504956
179.844998802 183.250345214 187.054275332 191.093952086 195.200188244 199.202869291 202.936408008 206.245056468 208.987905599 211.04341235
212.313309471 212.72577264 212.237743294 210.836332537 208.539260832 205.394319014 201.477867482 196.892421198 191.763397383 186.23512963
180.466275649 174.624765293 168.882450263 163.409626489 158.369604261 153.913499727 150.175414302 147.268156147 145.279640561 144.270084422
