389.21611721 386.087877373 379.943228223 371.0010326 359.577818395 346.074288613 330.958349218 314.745456119 297.977202294 281.199138553
264.938843534 249.685229665 235.869994303 223.852003818 213.905240231 206.210754054 200.852863602 197.819631308 197.007442544 198.229322958
201.226465669 205.682307882 211.238403373 217.511286336 224.109514409 230.65011292 236.773714696 242.157794652 246.527528329 249.663950201
251.409241879 251.669133199 250.412542037 247.668704053 243.52214522 238.105923735 231.593611222 224.190495758 216.124472733 207.637047299
198.974809068 190.381661672 182.09200354 174.324968442 167.27975161 161.131975218 156.030990418 152.097975092 149.424668716 148.072588035
188.070597742 188.365528887 188.952154379 189.824042943 190.971652849 192.382456335 194.04110258 195.929616747 198.027632123 200.31265187
202.760336505 205.344812822 208.03899974 210.814946292 213.644176875 216.498038803 219.348047246 222.166222729 224.925416563 227.599619809
230.164251716 232.596423939 234.875177287 236.981688211 238.899442765 240.614376311 242.11497778 243.392357884 244.440281199 245.255162624
245.836029208 246.184448852 246.304427845 246.202279607 245.886467361 245.367423801 244.657351015 243.770004176 242.720462597 241.52489183
240.200300497 238.764295482 237.234839012 235.630010991 233.967779742 232.265784086 230.541129367 228.810199763 227.088488857 225.390450106
223.729368487 222.117254234 220.564759224 219.081116206 217.674100761 216.350015529 215.113695967 213.968536624 212.916536685 211.958363318
211.093431189 210.319996355 209.635262653 209.035498585 208.516162695 208.072035364 207.697354999 207.385956587 207.131410653 206.927160743
206.766657608 206.643488411 206.551499361 206.48491032 206.438420058 206.407300967 206.387482194 206.375620292 206.369156643 206.366361051
181.054529277 180.83263637 180.408101612 179.818400549 179.117229616 178.371622273 177.658324412 177.059604954 176.658705714 176.535153428
176.760165205 177.392376328 178.474106248 180.028355359 182.056692722 184.53815477 187.429228904 190.664945899 194.161053424 197.817191996
201.520946787 205.152605962 208.590420706 211.716135373 214.420539711 216.608789504 218.205247775 219.157615688 219.440149794 219.055799286
218.037141755 216.446046891 214.372052214 211.929491113 209.25346864 206.494832242 203.814330655 201.376192489 199.341384753 197.860829524
197.068863144 197.077216438 197.969776564 199.798361996 202.579702808 206.293770619 210.883548142 216.256269554 222.286102358 228.81818155
235.673850303 242.656910441 249.560642869 256.175324726 262.295947769 267.729832379 272.303834051 275.870854256 278.315394579 279.557930799
