239.123004178 239.31756766 239.704287868 240.278377775 241.032722768 241.957958954 243.042576245 244.273045083 245.633965442 247.108236478
248.67724498 250.321070567 252.018705413 253.748286083 255.487334988 257.213008801 258.902351151 260.532546839 262.081174804 263.526457099
264.847501155 266.024532707 267.039116838 267.87436475 268.515124002 268.948150146 269.162257903 269.148450222 268.900023834 268.412650138
267.684430545 266.715925687 265.510158153 264.07258874 262.411066465 260.535752886 258.459021548 256.195333641 253.76109123 251.174469636
248.455230781 245.624519541 242.70464528 239.718850955 236.69107228 233.645689553 230.607274827 227.600337163 224.649068705 221.777094323
219.007227516 216.361235204 213.859613942 211.521379946 209.363875195 207.402591669 205.651015606 204.120493427 202.820120742 201.756655612
200.934456954 200.355448718 200.019110182 199.922492421 200.060260719 200.424762422 201.006119442 201.792344363 202.769478836 203.921752718
205.231762172 206.680664768 208.248389402 209.913858728 211.655221651 213.450093314 215.275799949 217.109625907 218.929060161 220.712039585
222.437186358 224.084036906 225.633259897 227.066860915 228.368371611 229.523021281 230.517889042 231.342034958 231.986608746 232.444934913
232.712573427 232.787355341 232.669393013 232.361064885 231.86697504 231.193888064 230.350639965 229.348026224 228.198668252 226.9168598
225.518395067 224.020380466 222.44103218 220.799461795 219.115452433 217.409227896 215.701217429 214.011818735 212.361161905 210.768876911
209.253867258 207.83409234 206.52636093 205.346138106 204.307367783 203.422312829 202.701414546 202.153173095 201.784050189 201.598395151
334.92347845 333.846869635 331.707606293 328.53339842 324.365317523 319.257212637 313.274945232 306.49545436 299.005665886 290.901261967
282.285328987 273.266903929 263.959440645 254.479218621 244.943717667 235.469982369 226.17300027 217.164117461 208.54951462 200.428765586
192.893499238 186.02618383 179.899051035 174.5731748 170.097717721 166.509355105 163.831884157 162.076022939 161.239400847 161.306739517
162.250220145 164.030030486 166.595082083 169.883885777 173.825571234 178.341034127 183.344192771 188.743334489 194.44253072 200.343099011
206.345089436 212.348772793 218.256108061 223.972167053 229.406495061 234.474387399 239.098063202 243.207719577 246.742451168 249.651022395
251.892482024 253.436612252 254.264207099 254.367177662 253.748484444 252.421899715 250.411605499 247.751635292 244.485170032 240.663701052
236.346074714 231.597435216 226.488083488 221.092271338 215.486950816 209.750499366 203.961441508 198.197187713 192.532810647 187.039878234
181.785361867 176.830636772 172.230589867 168.032848605 164.277142213 160.994804483 158.20842488 155.931652266 154.169152973 152.916722433
152.161547004 151.882610211 152.051235224 152.631753209 153.582285139 154.855622851 156.400193517 158.161090445 160.08115202 162.10206996
164.165507571 166.214208658 168.193077938 170.050214384 171.737879752 173.213385712 174.439884426 175.387049057 176.031632635 176.357895743
