208.526265556 208.108976582 207.292105988 206.110467158 204.614796348 202.870026013 200.953070614 198.950196663 196.954062352 195.060522849
193.365305082 191.960660152 190.93210247 190.355342031 190.293510278 190.794770692 191.890393092 193.593355879 195.897523679 198.777429473
202.188671072 206.068912146 210.339458746 214.907363854 219.66799561 224.507990058 229.308496901 233.94861738 238.308927196 242.274974614
245.740644616 248.611284154 250.806491104 252.26248012 252.933952016 252.795408956 251.84187531 250.089002783 247.572557895 244.34730935
240.485351733 236.073919679 231.212762583 226.011163623 220.584697825 215.05183185 209.530472814 204.134574631 198.970908124 194.136095442
189.714000458 185.77355503 182.367086662 179.529196717 177.2762204 175.606280825 174.499930269 173.921352729 173.820083848 174.133187642
174.787814891 175.704055889 176.797991008 177.984836411 179.182079461 180.312499101 181.30697052 182.106960807 182.666632708 182.954486656
281.950598404 281.955826633 281.965577064 281.978446097 281.99234936 282.004546684 282.011674956 282.009788498 281.994406506 281.960567026
281.902886855 281.815626706 281.692760905 281.52805084 281.315121346 281.047539181 280.718892713 280.322871946 279.853347986 279.304451092
278.67064643 277.94680672 277.128280977 276.210958596 275.191328089 274.066529852 272.834402391 271.493521523 270.043232144 268.483672243
266.815788917 265.041346248 263.162924975 261.183914002 259.108493852 256.941612279 254.688952336 252.356893249 249.952464567 247.483294084
244.957550112 242.383878747 239.771336793 237.129321071 234.46749486 231.795712238 229.123941112 226.462185721 223.820409386 221.208458299
218.635987063 216.112386729 213.646715981 211.247636123 208.923350427 206.681548368 204.529355221 202.47328738 200.519213755 198.672323468
196.937100039 195.317302162 193.815951092 192.435324594 191.176957359 190.041647671 189.02947011 188.139793961 187.371306979 186.722044103
186.189420658 185.770269575 185.460882095 185.257051438 185.154118877 185.14702166 185.23034223 185.398358189 185.645092468 185.964363199
186.349832788 186.79505575 187.293524862 187.838715294 188.424126345 189.04332053 189.689959774 190.357838523 191.040913648 191.733331068
192.429449052 193.123858231 193.811398381 194.487172092 195.146555487 195.785206155 196.399068541 196.984377037 197.537657033 198.055724225
198.535682471 198.97492049 199.371107723 199.722189618 200.026382656 200.282169348 200.488293472 200.643755751 200.74781016 200.799961028
