285.620644426 285.572438513 285.475991792 285.331235439 285.138068629 284.896361408 284.605958484 284.266683915 283.878346639 283.44074683
282.953682996 282.416959784 281.83039643 281.193835757 280.507153691 279.77026917 278.983154403 278.145845359 277.258452428 276.32117113
275.334292807 274.298215187 273.213452723 272.080646624 270.900574473 269.674159339 268.402478301 267.086770282 265.728443119 264.329079783
262.890443667 261.41448288 259.90333347 258.359321528 256.784964103 255.182968891 253.556232663 251.90783838 250.241050995 248.559311912
246.866232088 245.1655838 243.461291064 241.757418744 240.058160356 238.367824628 236.690820841 235.031643011 233.394852973 231.785062439
230.2069141 228.665061863 227.164150306 225.708793466 224.303553035 222.952916105 221.66127255 220.432892183 219.271901798 218.182262222
217.167745519 216.231912454 215.378090363 214.609351559 213.92849239 213.338013096 212.840098576 212.436600202 212.129018788 211.91848884
211.805764195 211.791205152 211.874767197 212.055991417 212.33399668 212.707473669 213.174680828 213.733442285 214.381147805 215.114754801
215.93079245 216.825367912 217.794174682 218.83250306 219.935252725 221.096947396 222.311751533 223.573489048 224.875663947 226.211482854
227.573879328 228.955539878 230.348931597 231.746331284 233.139855949 234.52149457 235.883140976 237.216627703 238.51376068 239.766354596
240.966268781 242.105443442 243.175936086 244.169957955 245.079910309 245.898420378 246.618376809 247.232964433 247.735698191 248.120456035
248.381510646 248.513559802 248.511755251 248.371729917 248.089623309 247.662104993 247.086395995 246.360288011 245.482160321 244.450994295
243.266385414 241.928552707 240.438345557 238.797247809 237.00737913 235.071493609 232.99297556 230.775832536 228.424685557 225.944756575
223.341853207 220.622350797 217.793171852 214.861762931 211.836069086 208.724505933 205.535929478 202.279603812 198.965166813 195.602593995
192.202160645 188.774402432 185.330074634 181.880110166 178.435576601 175.007632354 171.607482235 168.246332561 164.935346034 161.685596566
158.508024282 155.413390877 152.412235541 149.51483165 146.731144415 144.070789681 141.542994068 139.156556635 136.919812231 134.840596718
132.926214211 131.183406494 129.618324743 128.236503696 127.042838386 126.041563536 125.236235721 124.629718379 124.22416973 124.021033668
