343.902996238 343.779516167 343.532969264 343.164180204 342.674381485 342.065208038 341.33869008 340.497244247 339.543663041 338.48110265
337.313069204 336.043403512 334.676264382 333.216110572 331.667681489 330.035976704 328.326234393 326.543908802 324.694646844 322.784263943
320.818719227 318.804090202 316.746547018 314.652326449 312.527705706 310.378976215 308.212417471 306.034271098 303.850715227 301.667839316
299.49161953 297.327894783 295.182343557 293.060461609 290.96754065 288.908648106 286.888608041 284.911983326 282.983059133 281.105827823
279.283975286 277.520868798 275.819546428 274.182708047 272.612707969 271.111549234 269.68087957 268.321989023 267.035809257 265.822914524
264.683524276 263.617507393 262.624388004 261.703352844 260.85326012 260.072649801 259.3597553 258.71251646 258.128593775 257.605383764
257.140035419 256.729467625 256.370387468 256.059309335 255.792574682 255.566372408 255.37675968 255.219683146 255.091000392 254.986501565
254.901931023 254.833008937 254.775452704 254.724998099 254.677420037 254.628552866 254.574310078 254.510703363 254.433860904 254.340044832
254.225667775 254.087308412 253.921725981 253.725873662 253.496910803 253.232213925 252.929386473 252.58626727 252.200937671 251.771727365
251.29721884 250.776250494 250.207918398 249.591576716 248.926836805 248.213565019 247.451879237 246.642144168 245.784965458 244.881182663
243.931861138 242.93828289 241.901936484 240.824506046 239.70785945 238.554035767 237.365232048 236.143789526 234.892179329 233.612987777
232.308901369 230.982691528 229.637199208 228.275319448 226.899985955 225.514155806 224.120794359 222.722860447 221.323291932 219.924991716
218.530814253 217.143552653 215.765926436 214.400569993 213.050021816 211.716714542 210.402965854 209.110970291 207.842791982 206.600358346
205.38545477 204.199720289 203.044644263 201.921564075 200.831663824 199.775974018 198.755372243 197.770584801 196.822189267 195.910617951
195.036162225 194.198977661 193.399089949 192.636401524 191.910698864 191.221660396 190.568864928 189.951800577 189.369874086 188.822420497
188.308713069 187.827973415 187.379381732 186.962087102 186.57521775 186.217891208 185.889224311 185.588342945 185.314391497 185.066541916
184.844002357 184.646025309 184.471915185 184.321035305 184.192814225 184.086751373 184.002421956 183.9394811 183.897667191 183.876804404
