367.465919306 366.846013187 365.612909208 363.779940418 361.366898835 358.399789491 354.910507622 350.936443298 346.520018777 341.708164701
336.55174209 331.104917754 325.424501365 319.569252848 313.599169156 307.574759678 301.556319617 295.603210666 289.773158114 284.121573238
278.700909416 273.560059901 268.743804516 264.292311884 260.240702935 256.618680618 253.450229785 250.753390261 248.540105126 246.816145206
245.581109782 244.828502537 244.545880783 244.715075123 245.312475801 246.30938125 247.672403573 249.363925112 251.342599675 253.563891572
255.980645266 258.543678197 261.202389209 263.905374982 266.60104693 269.238241219 271.766814779 274.138220577 276.306055794 278.226577083
279.859177605 281.166821168 282.116429424 282.679218749 282.830984133 282.552328114 281.828833457 280.651179013 279.01519882 276.921885186
274.37733706 271.392655601 267.983789333 264.171331771 259.980274778 255.439721299 250.582561379 245.445115616 240.066750396 234.489469324
228.757485387 222.916778356 217.01464191 211.099224907 205.219071065 199.422661226 193.757962142 188.271985546 183.010361059 178.016926211
173.333336656 168.998699357 165.049231307 161.517946068 158.434370165 155.824291128 153.709538721 152.107800676 151.032474002 150.492552733
351.52662257 353.321693302 356.279651494 359.206897657 360.500574408 358.391427234 351.267726987 338.038049949 318.457425057 293.324060028
264.465823292 234.480209933 206.259061087 182.399402528 164.649823217 153.548035347 148.362572096 147.369401484 148.396400469 149.485961933
157.532835336 157.43918899 157.099303261 156.434173548 155.76591781 156.052983626 158.859277443 165.987865651 178.858285822 197.837826214
221.794028499 248.087963158 273.085874479 293.079229444 305.339574676 308.95923463 305.17589822 297.038252337 288.48857483 283.140190665
