261.349961221 261.317910111 261.253898944 261.158109539 261.030813915 260.872373433 260.683237666 260.463942986 260.215110881 259.937446001
259.631733945 259.298838784 258.939700342 258.555331232 258.146813656 257.715295986 257.261989128 256.788162681 256.295140903 255.784298502
255.257056246 254.714876431 254.159258192 253.591732699 253.013858225 252.427215118 251.833400694 251.234024047 250.630700815 250.025047896
249.418678151 248.813195093 248.210187584 247.611224557 247.017849786 246.431576701 245.853883287 245.286207061 244.729940169 244.186424584
243.656947461 243.142736623 242.644956227 242.164702603 241.703000287 241.260798263 240.838966422 240.438292258 240.059477802 239.703136814
239.369792239 239.059873941 238.773716714 238.511558592 238.273539454 238.059699934 237.869980643 237.704221711 237.562162637 237.443442476
237.347600336 237.27407621 237.222212126 237.191253628 237.180351568 237.188564225 237.214859739 237.258118842 237.31713791 237.390632295
237.477239953 237.575525348 237.683983629 237.801045057 237.925079684 238.054402267 238.187277394 238.321924825 238.456525015 238.589224821
238.718143358 238.841378004 238.957010524 239.0631133 239.157755651 239.239010217 239.304959394 239.353701793 239.383358715 239.392080604
239.378053478 239.339505299 239.274712275 239.182005066 239.059774879 238.906479424 238.720648722 238.500890737 238.245896818 237.954446925
237.625414635 237.257771895 236.850593513 236.403061375 235.914468358 235.384221946 234.811847511 234.19699127 233.539422887 232.839037721
232.095858705 231.310037851 230.48185737 229.611730403 228.700201359 227.747945851 226.755770235 225.724610745 224.655532228 223.549726473
222.408510149 221.233322345 220.025721719 218.787383268 217.520094722 216.225752571 214.906357737 213.564010902 212.200907504 210.819332413
209.421654309 208.010319763 206.587847062 205.156819763 203.719880028 202.279721738 200.83908341 199.400740949 197.967500237 196.542189605
195.127652186 193.726738197 192.342297149 190.977170029 189.634181469 188.316131922 187.02578988 185.765884152 184.53909622 183.348052713
182.195318006 181.083386974 180.01467793 178.991525757 178.016175266 177.090774789 176.217370051 175.397898306 174.634182786 173.927927467
173.280712169 172.693988006 172.169073206 171.707149303 171.309257731 170.976296809 170.709019145 170.508029458 170.373782827 170.306583371
