256.025255027 256.010401367 255.980625938 255.935793396 255.875702918 255.800090809 255.708633945 255.600954035 255.476622644 255.335166966
255.176076279 254.998809034 254.802800535 254.587471126 254.352234834 254.096508396 253.819720585 253.521321776 253.200793649 252.857658974
252.491491375 252.101924993 251.688663978 251.251491709 250.790279667 250.304995892 249.795712919 249.262615149 248.706005562 248.126311705
247.524090909 246.900034652 246.254972033 245.589872301 244.905846402 244.204147505 243.48617048 242.753450312 242.007659428 241.25060394
240.484218803 239.71056189 238.931807009 238.150235888 237.368229145 236.588256305 235.812864886 235.044668628 234.286334912 233.540571444
232.810112266 232.097703183 231.406086687 230.737986457 230.096091542 229.483040301 228.901404232 228.353671746 227.842232037 227.369359109
226.937196096 226.547739959 226.202826676 225.904117015 225.653083 225.450995162 225.298910663 225.197662395 225.147849123 225.149826765
225.203700865 225.309320347 225.466272592 225.6738799 225.931197376 226.237012283 226.589844886 226.987950806 227.4293249 227.911706666
228.432587162 228.989217428 229.578618387 230.197592186 230.842734929 231.510450771 232.196967276 232.898352012 233.610530273 234.329303856
235.050370809 235.769346034 236.481782662 237.183194065 237.869076418 238.534931668 239.176290804 239.788737287 240.367930532 240.90962929
241.409714821 241.864213708 242.269320199 242.621417941 242.91710098 243.153193904 243.32677102 243.435174431 243.476030922 243.447267546
243.347125804 243.174174339 242.927320065 242.60581764 242.209277231 241.737670517 241.191334866 240.570975663 239.877666763 239.112849036
238.278327013 237.376263629 236.409173079 235.379911807 234.291667676 233.147947343 231.952561917 230.709610947 229.423464827 228.098745694
226.740306914 225.353211254 223.942707859 222.514208128 221.073260632 219.625525191 218.176746244 216.732725646 215.299295042 213.882287947
212.487511695 211.120719388 209.787581998 208.493660777 207.244380102 206.045000924 204.900594929 203.816019589 202.795894193 201.844577023
200.966143768 200.164367312 199.442698995 198.804251442 198.251783069 197.787684332 197.413965798 197.132248113 196.943753902 196.849301659
