254.028796524 254.064834297 254.136194625 254.241456155 254.378509468 254.54458393 254.736283044 254.949627885 255.180108172 255.422740394
255.672132339 255.922553342 256.168009429 256.402322555 256.619213028 256.812384196 256.975608449 257.102813547 257.188168299 257.226166593
257.211708822 257.140179723 257.007521736 256.810302967 256.545778952 256.211947425 255.807595389 255.332337866 254.786647764 254.171876401
253.49026433 252.744942171 251.939921313 251.080074393 250.171105612 249.219511027 248.232529087 247.218081747 246.184706644 245.141480878
244.097937055 243.063972328 242.049751249 241.065603335 240.121916303 239.22902598 238.397103958 237.636044095 236.955348978 236.364017494
235.870434664 235.482264863 235.206349566 235.048610707 235.013960703 235.106220161 235.328044202 235.680858284 236.164804319 236.778697804
237.519996562 238.384781627 239.367750666 240.462224241 241.660165075 242.952210395 244.327717275 245.774820806 247.280504771 248.830684413
250.410300744 252.003425739 253.593377653 255.162845591 256.694022365 258.168744601 259.568638947 260.875273205 262.070311108 263.135669463
264.053676293 264.807228627 265.379948554 265.756336161 265.921917984 265.863389636 265.568751293 265.027434792 264.230421127 263.170347227
261.841600965 260.240403441 258.36487769 256.215103062 253.793154652 251.103127275 248.151143598 244.945346199 241.495873421 237.814819074
233.916176123 229.815764683 225.531144752 221.081514243 216.487593028 211.771493804 206.956580718 202.067316806 197.129101384 192.168098631
187.211058682 182.285132634 177.41768288 172.636090302 167.967559827 163.438925894 159.0764594 154.905677665 150.951158947 147.236363008
143.783459184 140.613163359 137.744585152 135.195086594 132.980153417 131.113280026 129.605869095 128.467146599 127.704092995 127.321391098
