203.962502501 204.105022246 204.389465936 204.814644921 205.378783583 206.079528109 206.913958132 207.878601145 208.969449634 210.181980819
211.511178909 212.951559738 214.497197657 216.141754524 217.878510646 219.7003975 221.600032052 223.569752489 225.601655179 227.687632646
229.819412365 231.988596162 234.18670002 236.405194056 238.63554248 240.869243311 243.097867635 245.313098215 247.506767236 249.670892995
251.797715346 253.879729713 255.90971951 257.880786785 259.78638096 261.620325502 263.37684241 265.050574401 266.636604688 268.130474265
269.528196624 270.826269844 272.021686014 273.111937953 274.095023224 274.969445432 275.734212843 276.388834336 276.93331275 277.368135687
277.694263841 277.913116954 278.026557495 278.036872173 277.946751431 277.759267032 277.477847912 277.106254432 276.648551216 276.10907873
275.492423792 274.803389182 274.046962557 273.228284841 272.352618292 271.425314431 270.451782028 269.437455327 268.387762696 267.308095886
266.20378007 265.080044831 263.941996266 262.794590351 261.642607719 260.490629983 259.34301772 258.20389025 257.077107282 255.966252541
254.874619433 253.805198823 252.760668968 251.743387637 250.755386448 249.798367424 248.873701754 247.982430756 247.125268988 246.302609474
245.514530979 244.76080726 244.040918212 243.354062808 242.699173733 242.074933596 241.479792582 240.911987433 240.3695616 239.850386424
239.352183197 238.872545946 238.408964771 237.958849594 237.519554133 237.088399954 236.662700432 236.239784458 235.817019739 235.39183553
234.96174466 234.524364694 234.077438108 233.618851331 233.146652556 232.659068185 232.154517824 231.631627715 231.089242558 230.526435607
229.942517032 229.337040459 228.709807682 228.060871512 227.390536761 226.699359364 225.988143651 225.25793781 224.510027561 223.74592812
222.967374496 222.176310204 221.374874484 220.565388112 219.750337912 218.932360085 218.114222467 217.298805847 216.489084488 215.688105966
214.898970488 214.124809835 213.368766059 212.633970106 211.92352049 211.24046219 210.587765896 209.96830776 209.384849781 208.840020973
208.336299433 207.875995437 207.461235678 207.093948761 206.775852044 206.508439923 206.292973631 206.130472642 206.021707708 205.967195605
