188.068943462 191.943891327 199.325070301 209.511309496 221.537947126 234.271719642 246.522253834 257.159205157 265.223526561 270.021923001
271.195191918 268.753708225 263.076533338 254.874195836 245.1187569 234.947987186 225.553028064 218.060539438 213.420888353 212.313352768
215.077659334 221.678604346 231.707274353 244.418803454 258.803028268 273.681179063 287.819192198 300.046595028 309.369360271 315.065707085
316.755484764 314.436350062 308.483189383 299.610825727 288.803636582 277.218942284 266.073588443 256.524790053 249.556867906 245.884934717
254.190506874 254.10914151 253.950811184 253.724201437 253.442054928 253.120835648 252.780292695 252.442933166 252.13341573 251.877878217
251.703214068 251.636313688 251.70328759 251.92868876 252.334751812 252.940666279 253.761900844 254.809594343 256.090028165 257.604193054
259.347461489 261.309374738 263.473551348 265.817721416 268.313888413 270.928617695 273.623448257 276.355421663 279.077719652 281.740399576
284.291214704 286.676504554 288.842138789 290.734496967 292.301465436 293.493432127 294.264259765 294.572218212 294.380857199 293.659801649
292.385453077 290.54158219 288.119799717 285.119894726 281.550032088 277.426803378 272.775128229 267.628005986 262.026120348 256.017302509
249.655861042 243.001789354 236.119863975 229.07864908 221.949424574 214.805056605 207.718830647 200.763268091 194.008947799 187.523354091
181.369772309 175.606252355 170.284659435 165.449829767 161.138847143 157.380454075 154.194608832 151.592197039 149.574903656 148.135248242
147.25678337 146.914453063 147.07510513 147.69814843 148.736343365 150.136711427 151.841547361 153.789515584 155.916810896 158.158362271
160.449057711 162.724967672 164.92454461 166.989776562 168.867273514 170.509266542 171.874501275 172.929009188 173.64674248 174.010060796
