393.7954135 395.314904555 397.715244505 399.835003717 400.201958947 397.30514196 389.880611653 377.162224508 359.054529352 336.197997588
309.914880187 282.043976535 254.691112461 229.936027607 209.543338608 194.724142082 185.985901167 183.093104766 185.142437235 190.737080182
198.228555251 205.983948221 212.633175257 217.255615872 219.477037104 219.464167866 217.822626551 215.42092507 213.175990668 211.841859858
339.905544662 338.815531332 336.654090748 333.458056555 329.281839299 324.196436096 318.288139154 311.656967261 304.414849483 296.683594978
288.592686719 280.276940227 271.874070837 263.522214672 255.357449293 247.511359902 240.10869602 233.265161781 227.08538036 221.661069694
217.069462593 213.371999652 210.613318167 208.820554647 208.002972528 208.151920577 209.241121217 211.227281794 214.051015759 217.638054966
221.90072884 226.739681277 232.045791746 237.702263402 243.586837974 249.574095073 255.537792094 261.353200413 266.89939386 272.061446586
276.732499442 280.815656696 284.225678404 286.890437848 288.752118142 289.768127267 289.911716337 289.172291691 287.555417376 285.082510562
281.79023837 277.729630288 272.964925804 267.572181854 261.637669227 255.25609097 248.52865907 241.561068264 234.46140753 227.338050796
220.297568526 213.442701158 206.870433869 200.670209903 194.92231668 189.696475301 185.050659792 181.030167714 177.666958618 174.979271363
172.971525699 171.634507734 170.945833279 170.870677424 171.36275347 172.365519337 173.81358511 175.634291419 177.749425018 180.077035295
182.533313521 185.034495511 187.498748052 189.84799987 192.009679186 193.918321911 195.517017264 196.75866099 197.606990355 198.03737962
