315.82117638 315.92147349 316.079665722 316.213525349 316.206022931 315.91254816 315.169965787 313.807050983 311.655775913 308.562871468
304.401067403 299.079421571 292.552184511 284.825707687 275.962989652 266.085560508 255.372526499 244.05672801 232.418099728 220.774455047
209.470041932 198.862328583 189.307569179 181.145768363 174.685704616 170.190685053 167.865686574 167.846491198 170.191348402 174.875597571
181.789563157 190.739899057 201.454412751 213.590250255 226.745176328 240.471547182 254.292451077 267.719391253 280.270810133 291.490707151
300.966587271 308.345994176 313.350930784 315.789548475 315.564592013 312.678215379 307.232929379 299.428598851 289.55556899 277.984160098
265.150920941 251.542166706 237.675442344 224.079640957 211.274566068 199.750753388 189.950360876 182.249895691 176.945474529 174.241212858
233.001457047 228.093282109 219.129555342 207.679538775 195.778907027 185.605206778 179.130597286 177.80674019 182.331106102 192.53048094
207.378372251 225.141524729 243.630407666 260.512653165 273.639531301 281.334971498 282.60429087 277.234205545 265.774306161 249.409745441
229.752091212 208.587295547 187.624629965 168.287614156 151.578152006 138.030218114 127.752292474 120.541448017 116.039472076 113.894839834
173.786356862 174.366839532 175.519519889 177.227959424 179.467826889 182.207284213 185.407491323 189.023221721 193.003578882 197.292801925
201.831147532 206.555833898 211.402031449 216.303884336 221.195546192 226.012213404 230.691139196 235.172612095 239.400882947 243.325025454
246.899716262 250.085921946 252.851481698 255.171576231 257.029075235 258.414757663 259.327401215 259.773739457 259.768287191 259.333036812
258.497030485 257.295815001 255.770788084 253.968446698 251.939549518 249.738207141 247.420914838 245.045543585 242.670305866 240.352713161
238.148542262 236.11082742 234.288895011 232.727456747 231.465776588 230.536925374 229.967135821 229.775268984 229.972401514 230.561541148
231.537475837 232.886759791 234.587837545 236.61130494 238.920303718 241.471044264 244.21344899 247.091906842 250.046127647 253.012083325
255.923021575 258.710536406 261.305678886 263.640090798 265.647143381 267.263063204 268.428027301 269.087210087 269.191765226 268.699726574
267.576813459 265.797127016 263.343725879 260.20907138 256.395334354 251.914557756 246.788671522 241.049358308 234.737771116 227.90410601
220.607035438 212.913009799 204.895436938 196.633751202 188.212385358 179.719660274 171.24660851 162.885749065 154.72983132 146.870566715
139.397366977 132.396107625 125.947935194 120.128135939 115.005082956 110.639277448 107.082498516 104.377074211 102.555284786 101.638907117
