283.480363369 283.153723595 282.503100241 281.533784319 280.253659076 278.673136544 276.805073747 274.664669208 272.26934062 269.638584636
266.793819921 263.758214712 260.556500278 257.214771778 253.760278103 250.221202401 246.626435043 243.005340846 239.387522424 235.802581566
232.279880558 228.848305354 225.536032507 222.370301724 219.377195869 216.581430179 214.006152384 211.672755337 209.60070365 207.807375732
206.307922491 205.115143839 204.239383982 203.688446341 203.467528784 203.579179685 204.023275168 204.797017709 205.894956118 207.309026733
209.028615493 211.040640407 213.329653735 215.877963082 218.665770429 221.671327977 224.871109569 228.239996314 231.751474918 235.37784714
239.090448706 242.859875903 246.656218073 250.449294117 254.208891136 257.905003294 261.508069002 264.989204506 268.320432046 271.474900734
274.427098412 277.153052781 279.630520218 281.839160757 283.760697864 285.379061718 286.680514871 287.653759296 288.290023964 288.583132284
288.529548855 288.128405187 287.381504199 286.293303462 284.870877347 283.123858397 281.064358405 278.70686984 276.068148451 273.167077966
270.024518033 266.663136589 263.107228054 259.382518797 255.515961458 251.535519776 247.469945675 243.348550388 239.200971475 235.056937601
230.94603298 226.897463357 222.939825435 219.100881567 215.407341552 211.884653254 208.556803741 205.446132524 202.573158388 199.9564212
197.612339945 195.555088126 193.796487506 192.345921035 191.210265638 190.393845385 189.898405413 189.723106759 189.864542153 190.316772598
191.071384428 192.117566363 193.442205903 195.030004268 196.863608931 198.923762652 201.189467782 203.638164488 206.245921442 208.987637412
211.837252099 214.767964503 217.752457038 220.763123552 223.772299408 226.752491747 229.676608044 232.51818111 235.251588703 237.852265954
240.296908885 242.563667366 244.632325927 246.484470975 248.103643033 249.475472785 250.587799803 251.430772999 251.996931987 252.281268691
