206.14977203 208.445727985 212.909841425 219.294868751 227.250276966 236.345135625 246.096232947 255.999556375 265.563051291 274.338481029
281.950262996 288.119346722 292.680518079 295.591939636 296.936243021 296.913042841 295.823307664 294.046565204 292.012401105 290.168102065
288.944568647 288.722762478 289.802946679 292.378826481 296.518407646 302.152980807 309.075135265 316.946137415 325.312412284 333.630279279
341.297552317 347.69015464 352.201549429 354.282571881 353.479181202 349.465737796 342.07164747 331.299587497 317.334016803 300.539245128
281.446959081 260.73373858 239.189706147 217.679996586 197.101181703 178.335106297 162.202767222 149.420885652 140.563682014 136.032071331
207.564596042 207.550537006 207.52428386 207.489523334 207.451678561 207.41778309 207.396316772 207.397006771 207.430597607 207.508594775
207.642987002 207.845952632 208.129555972 208.505439622 208.98451892 209.576684629 210.290519828 211.133036739 212.109438853 213.222913254
214.474457492 215.862744692 217.384029901 219.03209989 220.798267809 222.671413286 224.638067652 226.682543195 228.787104471 230.932178932
233.096603388 235.257902163 237.392592183 239.476509763 241.485153426 243.394036812 245.17904553 246.816791747 248.284960338 249.562640591
250.630637738 251.471758939 252.071068833 252.416110347 252.497087086 252.307004317 251.841766376 251.100229066 250.084206475 248.798432453
247.250477821 245.450625157 243.411703777 241.148888218 238.679464163 236.022566314 233.198893149 230.230403915 227.140003413 223.951220344
220.687884971 217.373811824 214.032492978 210.686807153 207.358749506 204.069186511 200.837639773 197.682101995 194.618887632 191.662520065
188.825656352 186.119049852 183.551550283 181.130139987 178.860004492 176.74463478 174.785958062 172.984493329 171.339527472 169.849307423
168.511243478 167.322118797 166.278300031 165.37594404 164.611195838 163.980373129 163.480133171 163.107618091 162.860575345 162.737450546
