349.40458715 349.005058031 348.208402408 347.019409506 345.44522325 343.495294676 341.181318993 338.517157709 335.518746375 332.203988558
328.592636784 324.706161251 320.567607221 316.201442049 311.63339291 306.890276325 301.999820641 296.990482689 291.891259854 286.731498857
281.54070253 276.348335906 271.183632953 266.075405241 261.051853862 256.140385867 251.367436457 246.758298144 242.336958018 238.125944228
234.146182699 230.416865052 226.955328599 223.776949218 220.895047814 218.320810973 216.063226333 214.129033077 212.522687865 211.246346392
210.299860678 209.68079208 209.384439873 209.403885213 209.730050106 210.351770967 211.25588622 212.427337312 213.849282398 215.503221904
217.369135056 219.425626418 221.650081399 224.018829627 226.507315056 229.090271594 231.741903043 234.436066068 237.14645495 239.846786812
242.510986046 245.113366651 247.62881124 250.032945452 252.3023066 254.414505366 256.348379459 258.084138167 259.60349684 260.889800364
261.928134829 262.705426602 263.210528184 263.434290251 263.369619441 263.011521501 262.35712953 261.40571718 260.158696727 258.619602106
256.794057033 254.689728498 252.31626599 249.685226915 246.80998877 243.70564873 240.388911384 236.877965442 233.192350314 229.352813531
225.381160036 221.300094428 217.1330573 212.904056844 208.637496921 204.358002828 200.090246004 195.858768925 191.687811421 187.601139654
183.621878967 179.772351779 176.073921677 172.546844783 169.210129469 166.081405371 163.176802635 160.510842233 158.096338096 155.94431176
154.063920093 152.462396595 151.145006674 150.115017187 149.373680424 148.92023265 148.751907158 148.863961741 149.249720341 149.90062856
150.806322615 151.95471121 153.332069726 154.923146024 156.711277089 158.67851566 160.805765917 163.072927233 165.459044955 167.942467112
170.501005906 173.112102835 175.752996233 178.400890028 181.033122494 183.627333782 186.161631015 188.614749765 190.966210743 193.196470574
195.287065575 197.220747492 198.981610237 200.555206691 201.92865475 203.09073185 204.031957279 204.744661698 205.223043372 205.463210689
