382.77668481 379.916232031 375.183758851 370.177629849 366.486718743 365.055132073 365.761967353 367.369622851 367.862531719 365.060669768
357.298570458 343.943649681 325.591340716 303.893093038 281.101456423 259.506916187 240.962260225 226.637690216 217.047461372 212.278676803
334.600013301 331.137382826 324.39052692 314.706646905 302.58306296 288.640516706 273.589949783 258.194614523 243.229625008 229.441186686
217.507743472 208.005153424 201.377756235 197.916843142 197.747604202 200.825135424 206.939568619 215.729870842 226.705378392 239.273710471
252.773373821 266.509140458 279.788168002 291.954840903 302.42243843 310.699971832 316.412862326 319.316531761 319.302423234 316.396431472
310.750173691 302.625943421 292.376537711 280.421412084 267.220782796 253.249354427 238.971301108 224.817977589 211.169593883 198.341772122
186.577538578 176.044912732 166.839864939 158.994050757 152.486417051 147.257532756 143.225340956 140.300968061 138.403263206 137.470872971
228.74915213 229.882191254 230.200460098 227.154892555 219.568041781 208.894671634 198.588944897 191.779942689 189.12066772 188.806428991
322.928565888 321.22424058 317.844034223 312.845059467 306.313468149 298.36482087 289.144250462 278.826176543 267.613313439 255.73472434
243.44271104 231.008389441 218.715882765 206.855161947 195.713669379 185.566970623 176.668780859 169.240800859 163.462863924 159.46393436
157.314505218 157.020915644 158.522045867 161.688752547 166.326283082 172.179760625 178.942670007 186.268107501 193.782394353 201.100505177
207.842637097 213.651152331 218.207072452 221.245291424 222.567708881 222.05356459 219.666376438 215.457042017 209.562850079 202.202353019
193.666264176 184.304752433 174.511699695 164.706653351 155.315336218 146.749662908 139.388248821 133.5583834 129.520373098 127.455045009
