344.668123591 343.735915229 341.882634151 339.130417946 335.512140212 331.071015313 325.860078198 319.941545021 313.386061698 306.271848788
298.683752334 290.712211416 282.452154244 274.001835513 265.461628577 256.932786695 248.516188108 240.311080115 232.413837537 224.916750984
217.90686025 211.464847804 205.664006881 200.569297949 196.236506488 192.711513911 190.02969226 188.215431852 187.28180953 187.230403423
188.05125832 189.723003812 192.213125349 195.478386287 199.465396922 204.111324394 209.344735338 215.086561104 221.251173562 227.74755767
234.480565446 241.352234538 248.263153408 255.113854206 261.806213686 268.244842151 274.338440267 280.001103789 285.153556735 289.724294348
293.650618295 296.879547933 299.368593159 301.086376262 302.013092371 302.140800393 301.473538886 300.027263907 297.829608595 294.919466999
291.346407397 287.169923054 282.458530941 277.288731427 271.743844174 265.912737575 259.888470802 253.766869084 247.645053952 241.619951081
235.786798776 230.237680289 225.060102866 220.335645774 216.138698544 212.535309322 209.582161505 207.325694856 205.801385045 205.033193026
279.31572797 278.911862867 278.107755141 276.91061355 275.331161119 273.383528103 271.085111068 268.456399643 265.520772783 262.304266759
258.835317376 255.144479176 251.264124651 247.228126677 243.071527555 238.830198177 234.540490929 230.238889972 225.961662586 221.74451519
217.622257617 213.628479056 209.795238995 206.152776228 202.729238851 199.550437838 196.639626584 194.017308438 191.701073961 189.705469281
188.04189657 186.718547322 185.740368699 185.109062903 184.823119118 184.877877258 185.265622371 185.975708278 186.994708665 188.30659362
189.892929322 191.733098376 193.804538097 196.082993893 198.542784771 201.1570779 203.898169133 206.737766357 209.647272582 212.598065744
215.561772263 218.510531576 221.417248971 224.255834282 227.001424192 229.630586138 232.121502065 234.454130559 236.610346164 238.574054985
240.331285978 241.870257641 243.181420088 244.25747282 245.09335875 245.686235322 246.035423842 246.142338306 246.010395297 245.644906647
245.052956749 244.243266536 243.226046225 242.012839015 240.616357968 239.050318298 237.329267289 235.468414008 233.483460908 231.390439308
229.205550604 226.945014946 224.624928901 222.261133478 219.86909367 217.46379046 215.059626022 212.670342623 210.30895552 207.987699892
205.717991667 203.510401879 201.374643978 199.319573365 197.353198222 195.482700582 193.714466458 192.054123709 190.506586298 189.076103475
187.766312441 186.580293003 185.520622763 184.589431429 183.788452895 183.119073832 182.582377619 182.179182618 181.910073876 181.775427562
