322.105810091 321.898627908 321.484975988 320.866276324 320.044654674 319.022931921 317.804612613 316.393870725 314.795532721 313.015057981
311.058516673 308.932565188 306.644419217 304.201824619 301.613026176 298.886734402 296.03209053 293.058629838 289.976243476 286.795138951
283.525799463 280.178942236 276.76547606 273.2964582 269.783050882 266.236477515 262.667978876 259.088769401 255.509993816 251.94268425
248.397718047 244.885776433 241.417304228 238.002470757 234.651132139 231.372795102 228.176582474 225.071200493 222.064908068 219.165488118
216.380221094 213.715860801 211.1786126 208.77411408 206.507418263 204.382979417 202.404641496 200.575629273 198.898542168 197.375350781
196.007396145 194.795391664 193.739427726 192.838978944 192.092913973 191.499507849 191.056456777 190.760895274 190.609415589 190.598089282
190.722490858 190.977723336 191.358445614 191.858901504 192.472950282 193.194098616 194.015533701 194.930157457 195.930621613 197.009363522
198.158642518 199.370576674 200.637179761 201.950398251 203.302148196 204.684351803 206.088973548 207.508055667 208.933752858 210.358366043
211.774375046 213.174470042 214.551581637 215.898909455 217.209949119 218.478517494 219.698776118 220.8652527 221.972860621 223.016916358
223.993154766 224.897742169 225.727287224 226.47884952 227.149945891 227.73855445 228.243116335 228.66253518 228.996174351 229.243851964
229.405833748 229.482823803 229.475953312 229.386767309 229.217209549 228.969605615 228.646644331 228.251357616 227.787098871 227.25752005
226.666547512 226.018356817 225.317346582 224.568111553 223.775415026 222.944160771 222.079364607 221.186125769 220.269598227 219.334962093
218.38739527 217.432045483 216.474002836 215.518273031 214.569751372 213.633197707 212.713212397 211.814213455 210.94041495 210.095806783
209.284135926 208.508889212 207.773277751 207.080223047 206.432344864 205.831950895 205.281028282 204.781237004 204.333905159 203.940026149
203.600257768 203.314923183 203.084013789 202.907193895 202.783807229 202.712885184 202.69315676 202.723060142 202.800755823 202.924141201
203.090866558 203.298352317 203.543807483 203.824249149 204.136522957 204.477324398 204.84322082 205.230674021 205.636063298 206.05570882
206.485895194 206.922895083 207.362992756 207.802507431 208.237816267 208.665376912 209.081749435 209.483617561 209.867809066 210.231315231
210.571309237 210.885163414 211.170465234 211.42503197 211.646923936 211.834456231 211.986208937 212.101035697 212.178070636 212.216733586
