201.322552832 203.121799208 206.650342171 211.771433592 218.28768636 225.94996103 234.468574676 243.526320632 252.792704597 261.938746174
270.651667852 278.648797079 285.690041172 291.588358095 296.217735629 299.51830343 301.498331762 302.233011778 301.86005858 300.572323622
298.60774064 296.23705306 293.749875248 291.439720053 289.588677406 288.452450587 288.246447151 289.133580567 291.214368079 294.519813034
299.007440117 304.560714696 310.991928833 318.048482844 325.422339405 332.762283727 339.688494653 345.808823384 350.73609375 354.105684403
355.592631362 354.927500366 351.910322044 346.42195743 338.432363759 328.005356515 315.29960815 300.565780515 284.139850335 266.432847948
247.917382243 229.111462583 210.560245649 192.816426453 176.420054203 161.878582688 149.647959878 140.115522744 133.585392405 130.26696451
228.505718806 228.284364499 227.845717786 227.197843497 226.352692251 225.325926744 224.136693822 222.807345441 221.363112324 219.831734751
218.243055518 216.628580625 215.021013691 213.453770463 211.96048008 210.574479919 209.328310986 208.253220798 207.378680633 206.731923837
206.337511626 206.216932458 206.388240625 206.865739194 207.65971186 208.776207624 210.216881518 211.97889386 214.054869753 216.432919723
219.09672162 222.025663039 225.195042757 228.576328858 232.13747048 235.843259375 239.655736817 243.534640761 247.43788762 251.32208252
255.14305153 258.85638902 262.418013083 265.784721821 268.914743265 271.768271737 274.307983619 276.499525733 278.31196988 279.718227467
280.695418694 281.225191295 281.29398451 280.893234613 280.0195191 278.674637411 276.865626869 274.604713358 271.9091971 268.801274727
265.307799675 261.459983714 257.293043207 252.845794403 248.160202739 243.280891727 238.254617536 233.129715836 227.955527837 222.781812742
217.658154021 212.633367018 207.754915366 203.068343642 198.616733451 194.440189859 190.575364727 187.055023021 183.90765764 181.157157688
178.822534453 176.917708589 175.451361274 174.426851234 173.842198749 173.690136857 173.958229124 174.629052511 175.680443016 177.085800975
178.814452136 180.83205991 183.101083535 185.581276313 188.230217553 191.003871414 193.857165521 196.744581935 199.620752921 202.441053899
205.162185961 207.742740526 210.143738873 212.329139654 214.26630788 215.926439367 217.284935213 218.321721481 219.021510024 219.373997074
