245.384422983 245.13618306 244.641586801 243.904386306 242.930172167 241.726328748 240.301975152 238.667892358 236.836437147 234.821443537
232.638112556 230.302891265 227.833342058 225.248003321 222.566242612 219.808103591 216.994147965 214.145293765 211.282651294 208.4273581
205.600414323 202.82251979 200.11391417 197.494221495 194.982300321 192.596100716 190.352529236 188.267322957 186.354933555 184.628422337
183.099367023 181.777780996 180.672045595 179.78885594 179.133180654 178.708235712 178.51547255 178.554580427 178.823502912 179.318468269
180.034033361 180.96314062 182.097187493 183.426107676 184.938463375 186.621547712 188.461496333 190.4434072 192.551467493 194.769086474
197.079033152 199.463577543 201.904634283 204.383907387 206.883034891 209.383732179 211.867932782 214.3179255 216.716486711 219.04700682
221.293609828 223.441265096 225.475890457 227.384445898 229.155017139 230.776888538 232.24060484 233.538021395 234.662342589 235.608148328
236.371408528 236.949485674 237.341125619 237.546436895 237.566858909 237.405119494 237.065182382 236.552185233 235.872368961 235.032999132
234.042280307 232.90926423 231.643752825 230.256196973 228.757592115 227.159371673 225.47329936 223.711361389 221.885659599 220.008306505
218.091323219 216.146541159 214.185508425 212.219401644 210.258944019 208.314330271 206.395159056 204.510373365 202.668209337 200.876153812
199.140910871 197.468377495 195.863628406 194.330910039 192.873643512 191.494436355 190.195102699 188.976691511 187.839522399 186.783228443
185.80680542 184.90866675 184.086703438 183.338348215 182.660643082 182.050309411 181.503819736 181.01747037 180.587453976 180.209931225
179.881100705 179.597266252 179.354900924 179.150706876 178.981670449 178.845111827 178.738728715 178.660633509 178.609383568 178.584004213
202.73884638 203.194820782 204.085183503 205.367530323 206.980149258 208.844223165 210.86665133 212.94339613 214.963243248 216.811849968
218.375946182 219.547547296 220.228037356 220.331984485 219.790559031 218.554437322 216.596090381 213.911376605 210.520379869 206.467458873
201.820499108 196.669384738 191.123733138 185.309958936 179.36775647 173.446108808 167.698947263 162.280597238 157.341153718 153.02193268
149.451142947 146.739916579 144.978825066 144.234993629 144.549907326 145.937981044 148.385941442 151.853043333 156.272116652 161.551413829
167.577202062 174.217021272 181.323507426 188.738662844 196.298440902 203.837502456 211.193995808 218.214211227 224.756964945 230.697576122
235.931313171 240.376202655 243.97511425 246.697058237 248.53765705 249.518778649 249.687346157 249.113364368 247.887228647 246.116404519
243.921586227 241.432459039 238.783202626 236.107880915 233.535867352 231.187453164 229.169780247 227.573229732 226.468382559 225.903649929
