341.521478085 341.458378763 341.326450268 341.114397363 340.805684644 340.379015157 339.808951597 339.066665989 338.120800825 336.938421992
335.486041659 333.730687563 331.640993877 329.188288152 326.347648653 323.098906776 319.427570165 315.325643579 310.792326512 305.834568965
300.467469575 294.714503504 288.607570932 282.186860702 275.500527522 268.604185027 261.560220928 254.436944316 247.307578812 240.249118741
233.341068552 226.664088509 220.298571923 214.323181063 208.813370137 203.8399245 199.467545395 195.75350911 192.746428451 190.485142833
188.997761231 188.300879571 188.398991129 189.284105007 190.935583979 193.320208927 196.392472843 200.095103028 204.359805729 209.108223161
214.25308868 219.699561955 225.346722338 231.089195402 236.818884791 242.426779228 247.804802786 252.847675318 257.454749442 261.531790495
264.992666607 267.760917366 269.771171463 270.970386211 271.318884846 270.791171028 269.376503819 267.079220721 263.918800771 259.929664447
255.160711835 249.674605315 243.546807683 236.864391133 229.72463675 222.233448088 214.503605874 206.652893879 198.802128484 191.073126324
183.586645648 176.460337668 169.806744084 163.731376259 158.330910176 153.691529292 149.887444824 146.979619888 145.014720283 144.024310695
308.250475479 310.088940273 313.467370856 317.845788881 322.54576432 326.879475142 330.279584184 332.404209377 333.195631178 332.879881793
331.905487745 330.831383743 330.184229831 330.312132486 331.263765097 332.718605547 333.985891959 334.07824714 331.852699024 326.199313822
316.248076127 301.559754735 282.267274005 259.140604447 233.559453878 207.392312869 182.795374896 161.958045644 146.8309679 138.876141887
247.570060512 248.984991648 251.758228053 255.778653385 260.884845573 266.871142607 273.495346137 280.487755274 287.561172002 294.421483922
300.778411303 306.356003956 310.902489258 314.199104726 316.067595099 316.376112772 315.043328698 312.040635467 307.392401729 301.174314202
293.509916729 284.565522496 274.543732743 263.67584129 252.213437273 240.419537993 228.559589357 216.892663621 205.663163867 195.093313485
185.376668639 176.672844473 169.103593947 162.750323992 157.653079457 153.810973052 151.183991166 149.696062315 149.239238488 149.678810248
150.859154792 152.610102122 154.753597905 157.110441943 159.506887812 161.780901327 163.787892271 165.405754382 166.539072184 167.122379133
