323.898999359 323.484954222 322.660539206 321.43306904 319.813426692 317.815957456 315.458329394 312.761361587 309.74882193 306.447196526
302.885433024 299.094660513 295.107888807 290.959690174 286.685866727 282.323106836 277.908634039 273.479851972 269.073988899 264.727745394
260.476948705 256.356217236 252.398638479 248.635463574 245.095821497 241.806455665 238.791485502 236.072195249 233.666852014 231.590554745
229.855115475 228.468973882 227.437145806 226.761206078 226.439305594 226.466222262 226.833445086 227.529290295 228.539048135 229.845158598
231.427414085 233.263186743 235.327677953 237.594187243 240.034397708 242.618674878 245.316375841 248.096165338 250.926335526 253.775126049
256.611041108 259.403160265 262.121439806 264.737001609 267.222406635 269.551910315 271.70169735 273.650093658 275.377753483 276.867819936
278.106057568 279.080955852 279.783802809 280.208728314 280.352716945 280.215590605 279.799961427 279.111155815 278.157110778 276.948244003
275.497299379 273.81916995 271.930700504 269.850472187 267.598571743 265.196348099 262.666159134 260.031111567 257.314796939 254.541026671
251.733569195 248.915892055 246.110911846 243.340754713 240.626529979 237.988119351 235.443983876 233.010990685 230.704261246 228.537042623
226.520602969 224.664152163 222.974788221 221.457469823 220.115014946 218.948125354 217.95543634 217.13359086 216.477336902 215.979646684
215.631856015 215.423821931 215.344096524 215.380114686 215.518393355 215.744739723 216.044465766 216.402606404 216.804138569 217.234198452
217.678294249 218.122511767 218.553710382 218.959706927 219.32944528 219.653149561 219.922459087 220.130543434 220.272196209 220.343906394
