289.500581579 289.373197115 289.118500604 288.73664096 288.227851681 287.592462849 286.830916832 285.94378748 284.931802519 283.795868799
282.537100016 281.156846484 279.656726486 278.03865871 276.304895251 274.458054627 272.501154256 270.437641829 268.271425005 266.006898879
263.648970654 261.203081005 258.675221619 256.071948427 253.400390115 250.66825149 247.883811379 245.055914743 242.193958793 239.307872911
236.408092279 233.505525155 230.611513836 227.737789386 224.896420292 222.099755284 219.360360622 216.690952203 214.104322931 211.613265839
209.230493511 206.96855441 204.839746765 202.8560307 201.028939355 199.369489743 197.888094135 196.594472772 195.49756872 194.605465659
193.925309437 193.463234154 193.224293558 193.212398479 193.430261013 193.879346096 194.559831088 195.470573898 196.609090135 197.971539704
199.552723178 201.346088201 203.343746105 205.53649883 207.913876142 210.46418308 213.174557432 216.031037003 219.018636294 222.121432178
225.322658029 228.604805713 231.949734756 235.338787938 238.752912504 242.1727861 245.578946522 248.951924303 252.272377113 255.521224957
258.679785089 261.729905586 264.654096512 267.435657588 270.058801345 272.508770715 274.771950081 276.835968842 278.689796586 280.323829057
281.729964122 282.901667075 283.834024638 284.523787151 284.969398516 285.171013553 285.130502529 284.851442734 284.339097075 283.600379746
282.643809178 281.479448544 280.118834204 278.574892591 276.861846113 274.995108761 272.991172176 270.867483043 268.642312708 266.334620038
263.963908552 261.550078928 259.113278045 256.673745714 254.251660313 251.866984533 249.539312453 247.287719152 245.130614052 243.085599157
241.16933332 239.397403616 237.78420486 236.342828223 235.084959844 234.020790261 233.158935375 232.506369587 232.068371658 231.84848371
321.263278927 321.98019461 323.30216867 325.013929635 326.813106412 328.333308079 329.172400413 328.924050776 327.21037913 323.713460876
318.203483233 310.561558134 300.795528597 289.047551284 275.592767278 260.828952167 245.257628348 229.457688868 214.053086553 199.676551697
186.931589242 176.355152773 168.383387307 163.322674837 161.327914697 162.389542986 166.330267564 172.811899976 181.352040122 191.349752547
202.118803784 212.926544218 223.036146488 231.749679625 238.449419234 242.63487532 243.95325659 242.221469709 237.438251285 229.785619239
219.61947273 207.449826614 193.91179728 179.729022424 165.671663239 152.511474258 140.976612948 131.708885998 125.225990231 121.891011394
223.419325264 221.671442215 218.248533087 213.293790244 207.015731873 199.680778924 191.603547411 183.13505631 174.649140246 166.527459371
159.143609512 152.8469439 147.946811322 144.697981531 143.2880546 143.827626528 146.343901965 150.778304569 156.98843969 164.75452195
173.790106379 183.7566748 194.281351083 204.976772404 215.461950992 225.382840874 234.431291165 242.361129121 249.000272853 254.258017711
258.126956662 260.679361932 262.058245808 262.46370345 262.135489478 261.333065126 260.314550223 259.316107094 258.533262758 258.105541544
