367.198803439 365.843830345 363.158919539 359.193592072 354.020768034 347.735168338 340.451242109 332.300667913 323.429486889 313.994934319
304.162043078 294.10009749 283.97901941 273.965769643 264.220847153 254.894965888 246.125984551 238.036158349 230.729773846 224.291218735
218.783527773 214.247434684 210.70094768 208.139453732 206.536344174 205.844141851 205.996098248 206.908218034 208.481658527 210.605443049
213.159419987 216.017394064 219.050352679 222.129708513 225.130479832 227.934332013 230.432407851 232.527879891 234.138165374 235.196753101
235.654601445 235.481077609 234.664419732 233.211715399 231.148402083 228.517306866 225.377254074 221.801280013 217.874503459 213.691708832
209.354705743 204.969533762 200.643584692 196.482716207 192.588430478 189.055189301 185.967933389 183.399867898 181.410569221 180.044459618
179.329686684 179.277434213 179.881679893 181.119403879 182.951240744 185.322556068 188.164918173 191.397925509 194.931341269 198.667479107
202.503777574 206.335496229 210.058463439 213.571804721 216.780581104 219.598269451 221.949020815 223.769638708 225.011226398 225.640460895
212.512498878 212.028910063 211.069395669 209.649171554 207.790786624 205.523797533 202.88434247 199.914620343 196.662283022 193.179749609
189.523452797 185.753028368 181.930459672 178.119189531 174.383212461 170.786160293 167.39039432 164.256116927 161.440515261 158.996948972
156.974193296 155.415747878 154.35922064 153.83579489 153.869786501 154.478296678 155.670964347 157.449820731 159.809247162 162.736035706
166.209550659 170.201987601 174.678725322 179.598764684 184.915247349 190.576046268 196.524418988 202.699714066 209.038120342 215.47344843
221.937933536 228.363048662 234.68031736 240.822115451 246.722451545 252.317716753 257.547394648 262.354723335 266.687302384 270.497638336
273.743623523 276.38894404 278.40341376 279.763232424 280.451166914 280.456655856 279.775838744 278.411511706 276.373012903 273.676041363
270.342413728 266.399763985 261.881191753 256.824865045 251.27358371 245.274309901 238.877671967 232.137448107 225.110035989 217.853914292
210.429101833 202.896619569 195.317960334 187.754570725 180.267349049 172.916162742 165.759388168 158.853475216 152.252538598 146.00797737
140.168123693 134.777921573 129.878635928 125.507592104 121.697945727 118.478482627 115.873448468 113.902407663 112.580131129 111.91651251
