222.357481917 223.400149234 225.456007907 228.466713113 232.346269791 236.982869881 242.241354581 247.966302703 253.985735415 260.115411051
266.163661591 271.936695682 277.244263145 281.905544715 285.755100563 288.648684372 290.46870901 291.129137318 290.579569381 288.808307266
285.844200424 281.757109899 276.656876356 270.690734239 264.039179753 256.910370823 249.533209233 242.149324966 235.00424632 228.338092943
222.376168924 217.319856693 213.338217515 210.560689688 209.07124096 208.904278146 210.042546427 212.417166368 215.909862098 220.357334023
225.557628618 231.278261635 237.265764299 243.256249458 248.986540186 254.20537002 258.68415403 262.22684392 264.678418137 265.931617738
298.061366392 296.523635522 293.509788047 289.14050416 283.590540067 277.081505386 269.872710142 262.250464069 254.516275201 246.974440011
239.919541777 233.624376443 228.328805891 224.229998138 221.474454284 220.152145683 220.292995029 221.865835761 224.779879662 228.888617178
233.995973364 239.864448792 246.224893149 252.787493111 259.253508107 265.327259732 270.727874032 275.200290626 278.52508815 280.526729893
281.079904512 280.113721052 277.613611493 273.620893536 268.230047032 261.583854898 253.86664941 245.295983501 236.113110765 226.572704657
216.932274796 207.44174545 198.333647883 189.814345068 182.056655936 175.194179175 169.317536721 164.472668128 160.661212984 157.842923597
155.939958675 154.842824635 154.417658259 154.514485897 154.976052856 155.646793775 156.381511687 157.053350125 157.560678274 157.832562079
281.793750688 281.39624673 280.599729025 279.401348406 277.797251202 275.783066845 273.354531042 270.508222398 267.242386042 263.557814298
259.458751714 254.953790076 250.056718303 244.787292429 239.171892281 233.244033815 227.044709448 220.622532942 214.033670436 207.34154486
200.616307174 193.934074375 187.375940941 181.026777047 174.973833438 169.305178979 164.108002511 159.466815625 155.461596987 152.165922058
149.645124096 147.954533261 147.137840463 147.22563109 148.234131211 150.164205018 153.000637504 156.711730538 161.24923387 166.548625278
172.529746177 179.097790852 186.144639083 193.550513686 201.1859364 208.913948026 216.59255174 224.077332419 231.224199677 237.892198295
243.946326963 249.260304786 253.719224914 257.222035966 259.683794602 261.03763662 261.236419237 260.253993647 258.086074415 254.75068057
250.288132247 244.760596213 238.251183311 230.862610655 222.71545099 213.94600083 204.703807549 195.148903399 185.448801156 175.775311748
166.301248519 157.197085706 148.627640171 140.748845364 133.704684919 127.624350207 122.619681708 118.782948204 116.1850108 114.873910698
