206.083016103 206.503594076 207.340446486 208.58501126 210.22455731 212.242317608 214.617664398 217.326324669 220.34063357 223.629823072
227.160342775 230.896209425 234.799381422 238.830154294 242.947572926 247.109856138 251.274829081 255.400358847 259.444788646 263.367365938
267.128659965 270.69096426 274.018679866 277.078675213 279.840618866 282.277281647 284.364804964 286.082932562 287.4152033 288.349102978
288.8761737 288.992079704 288.696629061 287.993751136 286.891430175 285.401595849 283.539972065 281.325885785 278.782038047 275.934239762
272.811115255 269.443776856 265.865474165 262.111221852 258.217410122 254.221402122 250.161122708 246.074643086 241.999765859 237.973615018
234.032235328 230.210205466 226.540269104 223.052987923 219.776420294 216.735829072 213.953421639 211.448124941 209.235397911 207.327083224
205.731299907 204.452377884 203.490835056 202.843397057 202.503059352 202.45919089 202.697678041 203.201107146 203.948983538 204.91798454
206.082243536 207.413661903 208.88224527 210.456460315 212.103608091 213.790209689 215.482399927 217.146324654 218.74853725 220.256389878
221.638415168 222.86469405 223.907205681 224.740155566 225.340278255 225.687111238 225.763237043 225.554490845 225.050131303 224.242972757
223.129477328 221.709805931 219.98782765 217.971087402 215.670732262 213.101397303 210.281052225 207.230810511 203.974703238 200.539420078
196.95402038 193.249617552 189.459040271 185.616474277 181.757088761 177.916651473 174.131136868 170.436331608 166.867441832 163.458706543
160.243021408 157.251577152 154.513516561 152.05561389 149.901980257 148.073798266 146.589088822 145.462512721 144.705209212 144.324673324
