235.177976119 235.233941049 235.345500626 235.51191657 235.732087163 236.004554041 236.327511196 236.698816121 237.116003024 237.576298037
238.076636329 238.613680996 239.183843642 239.783306489 240.408045903 241.053857182 241.716380444 242.391127467 243.073509301 243.758864492
244.442487729 245.119658751 245.785671316 246.435862071 247.065639124 247.670510157 248.246109889 248.788226735 249.292828476 249.756086797
250.17440053 250.544417459 250.863054558 251.127516518 251.335312475 251.484270808 251.57255193 251.598658992 251.561446427 251.460126283
251.29427231 251.063821774 250.76907498 250.410692523 249.989690262 249.507432073 248.965620414 248.366284754 247.71176796 247.004710706
246.248034021 245.444920068 244.598791287 243.713288034 242.792244848 241.839665502 240.859696993 239.85660264 238.834734447 237.798504924
236.752358527 235.700742905 234.648080139 233.598738148 232.55700245 231.527048449 230.512914433 229.518475451 228.547418231 227.60321731
226.689112513 225.808087944 224.96285261 224.155822804 223.389106377 222.664488973 221.983422351 221.347014843 220.756024028 220.210851668
219.711540945 219.257776015 218.848883897 218.483838673 218.161268004 217.879461895 217.636383689 217.429683199 217.256711924 217.114540244
216.999976496 216.909587813 216.839722608 216.786534556 216.746007934 216.713984169 216.686189411 216.658262996 216.625786586 216.584313835
216.529400382 216.456633993 216.361664658 216.240234465 216.088207049 215.901596458 215.676595221 215.409601472 215.097244945 214.736411667
214.324267219 213.858278385 213.336233069 212.756258353 212.116836566 211.416819264 210.655439039 209.832319055 208.947480266 208.001346249
206.99474562 205.928912016 204.805481617 203.626488237 202.394355984 201.111889541 199.782262109 198.409001082 196.99597153 195.547357584
194.067641825 192.561582797 191.034190773 189.490701914 187.936550964 186.37734265 184.818821945 183.266843373 181.727339534 180.206289034
178.709684004 177.24349741 175.813650338 174.42597945 173.086204801 171.799898213 170.572452391 169.409050958 168.314639601 167.293898481
166.351216092 165.4906647 164.715977533 164.030527842 163.437309958 162.938922469 162.537553603 162.234968916 162.032501351 161.931043732
289.230851576 281.76028022 267.780610251 249.064419846 227.919457866 206.832559275 188.091794941 173.448390696 163.872791547 159.443036725
159.381140583 162.22828577 166.12656217 169.157627757 169.67992613 166.607379165 159.583465872 149.023322485 136.01966384 122.131903098
109.097766412 98.5195540093 91.5808292227 88.8431765517 90.1579131996 94.7069114854 101.163662153 107.944432297 113.503571736 116.619448727
