258.678359845 258.675707206 258.669715177 258.659021418 258.641610172 258.614845153 258.575512709 258.51987468 258.443730242 258.34248591
258.211232756 258.044829805 257.837992483 257.585384927 257.281714901 256.921830038 256.500814095 256.014081904 255.457471722 254.8273337
254.120613251 253.334928139 252.468638213 251.520906777 250.491752699 249.382092492 248.193771698 246.929585062 245.593285123 244.189578975
242.724113131 241.20344655 239.635012041 238.027066415 236.388629899 234.729415441 233.059748693 231.39047956 229.732886315 228.098573373
226.49936391 224.947188559 223.45397148 222.031515144 220.691385155 219.444796488 218.302502439 217.274687625 216.370866247 215.599786828
214.96934452 214.486502 214.15721985 213.986397228 213.977823485 214.13414126 214.456821438 214.94615023 215.601228449 216.419982952
217.399190037 218.53451045 219.820535525 221.250843848 222.818067685 224.513968344 226.329519495 228.254997415 230.280077029 232.393932551
234.585341517 236.842790919 239.15458419 241.508947743 243.894135819 246.298532424 248.710749179 251.119717971 253.514777396 255.885752028
258.223023711 260.517594128 262.761138067 264.946046901 267.065461951 269.113297532 271.084253625 272.973818247 274.778259743 276.494609336
278.120634428 279.654803231 281.096241443 282.444681773 283.700407217 284.86418905 285.937220574 286.921047702 287.817497507 288.628605851
289.356545239 290.003554028 290.571868067 291.063655831 291.480958021 291.825632567 292.099305845 292.303330859 292.438753007 292.506283945
347.892290028 345.772494047 341.479898018 334.925345591 326.014976671 314.692016046 300.98312404 285.042666308 267.188158643 247.920831334
227.926677689 208.05536563 189.276796377 172.617641422 159.082608975 149.567221489 144.770298631 145.114964846 150.686743811 161.19615723
175.971296057 193.983244876 213.904249681 234.195406643 253.217714829 269.357869948 281.158430727 287.441153012 287.412464049 280.741251077
267.601277431 248.673438373 225.106475521 198.438378742 170.484189714 143.198960795 118.526932671 98.2493547043 83.8436490379 76.3657776203
