222.755849399 222.811496708 222.922463851 223.088097744 223.307423417 223.579149573 223.901675956 224.273102479 224.691240079 225.153623226
225.657524027 226.199967845 226.777750349 227.387455912 228.025477242 228.688036153 229.371205359 230.070931175 230.783056998 231.503347444
232.227513014 232.951235143 233.670191506 234.380081444 235.076651356 235.755719941 236.413203124 237.045138551 237.647709509 238.217268132
238.750357772 239.243734403 239.694386944 240.099556378 240.456753558 240.763775604 241.018720787 241.220001813 241.366357433 241.456862291
241.490934972 241.468344175 241.389212967 241.254021109 241.063605392 240.819158003 240.522222894 240.17469018 239.778788556 239.337075801
238.852427359 238.328023088 237.767332203 237.1740965 236.552311931 235.906208609 235.240229349 234.559006839 233.867339558 233.170166546
232.472541163 231.77960396 231.096554799 230.428624351 229.781045139 229.15902225 228.56770387 228.012151806 227.497312133 227.027986122
226.608801608 226.244184936 225.938333645 225.695190035 225.518415747 225.411367515 225.377074203 225.418215271 225.537100776 225.73565304
226.015390076 226.377410879 226.822382677 227.350530207 227.96162711 228.65498948 229.429471651 230.283464229 231.214894423 232.221228687
233.299477673 234.446203508 235.657529356 236.929151266 238.256352251 239.634018546 241.056658007 242.518420552 244.013120591 245.53426133
247.075060868 248.628479964 250.187251363 251.743910549 253.290827794 254.820241368 256.32429174 257.795056646 259.224586843 260.604942392
261.928229318 263.186636444 264.372472273 265.478201702 266.496482427 267.42020085 268.242507324 268.956850568 269.557011076 270.037133376
270.391756963 270.615845768 270.704816006 270.654562272 270.461481748 270.122496396 269.635073029 268.997241141 268.207608419 267.265373825
266.1703382 264.922912305 263.524122255 261.975612311 260.279644981 258.439098443 256.45746125 254.338824357 252.087870475 249.709860774
247.210619005 244.596513079 241.874434169 239.051773431 236.13639642 233.136615311 230.061159032 226.919141435 223.720027632 220.473598642
217.189914491 213.879275923 210.552184883 207.219303946 203.891414856 200.579376361 197.294081522 194.04641468 190.847208273 187.707199681
184.636988298 181.646993009 178.747410263 175.948172928 173.2589101 170.688908056 168.247072505 165.941892322 163.781404913 161.773163368
159.924205547 158.241025234 156.729545495 155.39509434 154.242382819 153.275485634 152.497824358 151.912153335 151.520548327 151.324397951
