214.902314839 215.71824725 217.330969288 219.702604243 222.777350827 226.482676455 230.730869999 235.420922222 240.440695321 245.669337051
250.979889829 256.242041115 261.32495839 266.100150158 270.444293716 274.241970956 277.388255129 279.791094352 281.373441585 282.075085761
281.854144636 280.688186636 278.574956334 275.532686129 271.599984942 266.835303297 261.315982635 255.1369052 248.408768892 241.256019209
233.81447744 226.22871059 218.649193951 211.229321709 204.122324316 197.4781536 191.440397621 186.143287064 181.708853566 178.244297747
175.839620969 174.565569974 174.471937749 175.586257221 177.912916939 181.432719821 186.102897508 191.857584067 198.608743843 206.247539388
214.646116758 223.659777215 233.129496685 242.884747372 252.746569762 262.530838156 272.05165875 281.124836372 289.571344313 297.220731199
303.914399712 309.508694016 313.877736073 316.915955472 318.540262924 318.691824129 317.337398043 314.470211671 310.110352171 304.304666067
297.12616464 288.672943898 279.066636682 268.450423368 256.986636008 244.853998527 232.244552583 219.360324727 206.409795553 193.60423538
181.153973707 169.264671059 158.13366199 147.946436803 138.873327078 131.066456446 124.657013158 119.752895082 116.436770907 114.764593568
155.938453559 156.787185991 158.467306073 160.944509166 164.168291721 168.07307065 172.579635237 177.596898061 183.023904508 188.752054582
194.667485857 200.653562853 206.593415793 212.372470729 217.880913426 223.01603116 227.684379649 231.8037266 235.304728841 238.132306353
240.246683836 241.624078313 242.257019699 242.154299909 241.340554783 239.855491723 237.7527841 235.098661224 231.970229547 228.453566894
224.641636467 220.63207129 216.524882354 212.420145094 208.415718817 204.605052443 201.075127315 197.904584093 195.162075853 192.904883663
191.177824201 190.012471631 189.426708125 189.424609262 189.99666236 191.120307654 192.760784504 194.872257475 197.399190567 200.277932099
203.438467946 206.806297137 210.304381276 213.855117969 217.382288342 220.812929982 224.079088997 227.11940846 229.880515081 232.318171489
234.398167779 236.096932948 237.401854149 238.311299373 238.834346807 238.990231682 238.80752865 238.323094446 237.580801632 236.630099457
235.524442109 234.319627878 233.072094782 231.837219127 230.667663118 229.611816155 228.712371739 228.005078212 227.517696753 227.269194531
