330.34351049 329.627361916 328.206187794 326.10202071 323.347380388 319.984651294 316.06527344 311.648763508 306.801586943 301.595904781
296.10822148 290.417962012 284.606007817 278.753221849 272.938992998 267.239829476 261.728029452 256.470455302 251.527435341 246.951813893
242.788167145 239.072198416 235.830322422 233.079443917 230.826931761 229.070785205 227.799985075 226.995018536 226.628562586 226.666308121
227.067903682 227.787995733 228.777340592 229.983962084 231.354328447 232.834522203 234.371377403 235.913559986 237.412568862 238.823637654
240.106519836 241.226143098 242.153122214 242.864123258 243.342075692 243.576232598 243.56208288 243.301122776 242.800497174 242.072524116
241.134118379 240.006132021 238.712631361 237.280130892 235.736805084 234.111699031 232.43395827 230.732097052 229.033322738 227.362932042
225.743792456 224.195919565 222.736158035 221.377971051 220.131339864 219.002772014 217.995413804 217.109259775 216.341449362 215.686638638
215.137433172 214.684866539 214.318908004 214.028982346 213.804484729 213.635273955 213.512128308 213.427149564 213.374102434 213.348678853
313.925306006 313.793229304 313.530511283 313.139840815 312.624809389 311.989416215 311.237464854 310.371895165 309.39409995 308.303278118
307.095875376 305.765159389 304.300969317 302.689669982 300.9143293 298.95512463 296.78997022 294.395344725 291.747285603 288.822506879
285.599588785 282.060182752 278.190173343 273.980740067 269.429266642 264.540052693 259.324792819 253.802799709 248.000960875 241.95343188
235.701081789 229.290718338 222.77413023 216.206991587 209.64767841 203.156048821 196.792237765 190.615512913 184.683232107 179.049934193
173.766585222 168.879991319 164.432378823 160.461132218 156.998671604 154.072444469 151.705001844 149.914126664 148.712982533 148.110253923
294.548863565 292.967112011 289.965982044 285.852601 281.045425558 276.028455101 271.297812647 267.306232567 264.411246251 262.832524152
262.622946225 263.656619264 265.635372048 268.113404479 270.537928976 272.302004612 272.804490842 271.511267167 268.011658328 262.064396158
253.6284046 242.875123389 230.1808514 216.099521566 201.318227494 186.599520539 172.715817886 160.382075742 150.193104827 142.571512757
137.73128446 135.660548708 136.125265672 138.693580783 142.77861579 147.695699366 152.728648234 157.198830797 160.53046466 162.30594552
