367.469525901 366.68193065 365.117859831 362.799366815 359.759069987 356.039607978 351.692928513 346.779423544 341.366926077 335.529586502
329.346648395 322.901145454 316.278542607 309.565345236 302.847700927 296.21001822 289.733626387 283.495499416 277.567066134 272.013126691
266.89089362 262.249173324 258.127701204 254.55664077 251.556254043 249.136747409 247.298293829 246.031229166 245.316417166 245.125774655
245.422945642 246.164110401 247.298913262 248.771490828 250.521580657 252.485689188 254.598296802 256.793077475 259.004110455 261.16706179
263.220314374 265.106026373 266.771099494 268.168040465 269.255701339 269.999886694 270.373818474 270.35845207 269.942640134 269.123143618
267.904492432 266.298701034 264.324846941 262.008522777 259.381174711 256.479342267 253.343816158 250.018732208 246.55062046 242.987429165
239.377543605 235.76881954 232.207650494 228.73808719 225.401026127 222.233482685 219.267962241 216.531940583 214.047462559 211.830865358
209.892630154 208.237363181 206.863904577 205.765560712 204.930453176 204.341975222 203.979344304 203.818237414 203.831494302 203.989872347
204.262835876 204.619362129 205.028745831 205.461384477 205.889526973 206.287969132 206.634680758 206.911350617 207.103837362 207.202516612
284.050256815 284.180167347 284.436386281 284.811764022 285.295712096 285.874364151 286.530787154 287.245239875 287.99547509 288.757081323
289.503859406 290.208228638 290.841656921 291.375108889 291.779505796 292.026190756 292.087392818 291.936683365 291.549418413 290.903160545
289.97807448 288.757290592 287.227231138 285.37789441 283.20309259 280.700639682 277.872486572 274.724800947 271.267990542 267.516668944
263.489563939 259.209369164 254.702540583 249.999040053 245.132028975 240.137515665 235.053960766 229.921845567 224.783208612 219.681156445
214.6593547 209.761506032 205.030821603 200.50949294 196.238171036 192.255459481 188.597428269 185.297154708 182.384297511 179.884709757
177.820095945 176.207717796 175.060152862 174.385109335 174.185299731 174.458375392 175.196922946 176.388523115 178.015871411 180.056959506
182.485315246 185.270298556 188.377449711 191.768885812 195.403740637 199.238642501 203.228224222 207.325658891 211.483214788 215.652822507
219.786647208 223.837658805 227.76019292 231.510495537 235.047244464 238.332041023 241.329865708 244.009492055 246.343853429 248.310358072
249.891148379 251.073301075 251.84896573 252.215439806 252.175179251 251.735744474 250.909682348 249.714345701 248.17165258 246.307788294
244.152854016 241.740466391 239.107313214 236.292670821 233.337889331 230.285852257 227.180417383 224.06584601 220.986227826 217.984908752
215.103929018 212.383478665 209.861377384 207.572585348 205.548751256 203.81780337 202.403588759 201.325565337 200.598550653 200.232530619
