315.876423881 315.591363622 315.022770039 314.173687754 313.048660644 311.653704341 309.996269858 308.085198584 305.930668938 303.544135053
300.938257892 298.126829254 295.124689177 291.947637294 288.612338709 285.136225042 281.537391266 277.834489031 274.046617171 270.193210092
266.293924785 262.368527165 258.436778493 254.51832258 250.632574497 246.798611486 243.035066744 239.360026747 235.790932714 232.344486834
229.036563772 225.882128003 222.895157419 220.08857364 217.474179408 215.062603377 212.863252569 210.884272724 209.132516685 207.61352093
206.33149031 205.289290962 204.488451359 203.929171366 203.610339136 203.52955564 203.683166554 204.066301187 204.672918123 205.49585715
206.526897081 207.756818977 209.175474313 210.771857548 212.534182585 214.44996256 216.506092405 218.688933615 220.984400644 223.378048361
225.855159998 228.400835033 231.000076454 233.63787689 236.29930308 238.969578205 241.634161617 244.278825532 246.889728275 249.453483729
251.95722662 254.388673375 256.736178258 258.988784583 261.136270811 263.16919138 265.078912169 266.857640524 268.498449815 269.995298531
271.343043944 272.537450445 273.57519262 274.453853241 275.171916316 275.728755399 276.124617371 276.360601938 276.438637095 276.361450823
276.13253932 275.756132045 275.237153882 274.581184747 273.794416921 272.883610453 271.856046915 270.719481826 269.482096052 268.152446449
266.739416051 265.252164057 263.700075885 262.092713517 260.439766374 258.751002926 257.036223231 255.305212574 253.567696376 251.8332965
250.111489094 248.411564067 246.742586307 245.113358695 243.532387007 242.007846726 240.54755183 239.158925559 237.848973188 236.624256824
235.490872206 234.454427523 233.520024232 232.69223986 231.975112775 231.372128922 230.886210479 230.519706443 230.274385119 230.151428492
151.976312239 155.326245996 161.810262503 171.010750607 182.335613282 195.056968222 208.358780106 221.390351389 233.322216132 243.400819701
250.998436725 255.655076458 257.109630028 255.318196217 250.458338401 242.91892329 233.276115461 222.256991524 210.693037633 199.466452809
189.452656016 181.462656374 176.188976004 174.158611208 175.696091928 180.899077969 189.628151746 201.511580024 215.964876642 232.224063765
249.390659483 266.485669588 282.509278622 296.502556958 307.607351266 315.12061532 318.539761961 317.596155699 312.274585853 302.81741803
289.713063888 273.669377125 255.573517252 236.440663745 217.354659162 199.404167123 183.618217954 170.90506292 161.998064162 157.411923308
136.810562924 134.96099864 131.552356881 127.135467729 122.464171965 118.416421113 115.901552395 115.762848703 118.684975982 125.115440318
135.207868592 148.792819972 165.379184724 184.186279306 204.203788685 224.274025047 243.188826182 259.792013983 273.077808208 282.275991992
286.915912361 286.863443994 282.327647137 273.836756371 262.18606288 248.362914502 233.45619758 218.559076682 204.674318351 192.631163948
183.021484221 176.160969625 172.078583588 170.534681837 171.065359024 173.048004569 175.780986386 178.569036087 180.805413015 182.042323431
