315.548600148 315.097081041 314.197094413 312.854719854 311.079017987 308.881960506 306.2783378 303.285644933 299.923946937 296.215724522
292.185701512 287.860655403 283.269212652 278.441630363 273.40956619 268.205838351 262.864177727 257.418974086 251.905018508 246.357244121
240.810467244 235.299131053 229.857053831 224.517183823 219.311362654 214.270099192 209.422355631 204.795347459 200.414358862 196.30257496
192.480932126 188.967987491 185.77980855 182.929883617 180.429053704 178.285466191 176.50455049 175.089015699 174.038870068 173.351461904
173.021541368 173.041342432 173.400684118 174.087089956 175.085924472 176.380545365 177.952469915 179.781554064 181.846182482 184.123467907
186.589457915 189.219347293 191.987694111 194.868637601 197.836115939 200.864082062 203.926715676 206.998629668 210.055069203 213.072101875
216.026797378 218.897395268 221.663459507 224.306018634 226.807690522 229.15279086 231.327424626 233.319560006 235.119084371 236.717842083
238.109654091 239.290319416 240.257598826 241.011181126 241.552632674 241.885330853 242.014382408 241.946527634 241.690031585 241.254563513
240.651065899 239.891614485 238.9892708 237.957928711 236.812156576 235.56703661 234.238003046 232.840680712 231.390725564 229.903668739
228.394765581 226.878851059 225.370202907 223.882413721 222.428273148 221.019661172 219.667453413 218.381439185 217.170252944 216.041319617
215.000814134 214.053635375 213.203394545 212.452417898 211.801763532 211.25125188 210.799509348 210.44402445 210.181215638 210.006509948
209.914431429 209.898698289 209.952327539 210.067745925 210.236905809 210.45140467 210.702606845 210.98176611 211.280147728 211.589148571
211.900413981 212.205950063 212.498230157 212.770294319 213.01584071 213.229307876 213.405947031 213.541883544 213.634166948 213.680808939
119.461372882 122.978983442 129.663400527 138.850895247 149.636604677 160.972703403 171.782629533 181.079298186 188.074730587 192.269314598
193.510919648 192.017119173 188.357526384 183.397349747 178.207310759 173.948630118 171.744515001 172.551186684 177.041800352 185.515581392
197.842221173 213.448252124 231.348073614 250.217918215 268.506760566 284.57440095 296.844079173 303.955283383 304.902092335 299.143475982
286.674389121 268.050007924 244.359752814 217.152408732 188.31825213 159.93818338 134.113050333 112.78832439 97.5898600436 89.6855711837
