283.53914005 283.823893976 284.38697745 285.215649031 286.291063136 287.588585149 289.078203655 290.725033214 292.489899581 294.329998018
296.199614096 298.050895442 299.834662017 301.501241895 303.001319106 304.286779869 305.311543585 306.032365149 306.409595616 306.407888871
305.996842823 305.151564635 303.853150741 302.089073694 299.853469387 297.147319758 293.978527729 290.36188284 286.318917776 281.877657699
277.072266012 271.942591817 266.53362589 260.894873475 255.079653488 249.144334932 243.14752233 237.14920277 231.209867842 225.389624091
219.747305886 214.339604516 209.22022716 204.439098854 200.041619997 196.067991021 192.552614845 189.523586525 187.002278142 185.003025498
183.532921614 182.591720327 182.171851595 182.25854836 182.830083071 183.858110269 185.308109947 187.139924869 189.308383499 191.763998912
194.45373282 197.321812858 200.310590422 203.361425733 206.415586353 209.415145191 212.303864034 215.028048872 217.537363723 219.785590326
221.731321912 223.338580311 224.577346838 225.42399879 225.861644816 225.880354078 225.477275723 224.656646964 223.429689775 221.814397988
219.835218275 217.522630179 214.912631945 212.046140352 208.968314146 205.727811816 202.375995524 198.966093822 195.552336439 192.189074849
188.929902554 185.82678902 182.929240965 180.283504272 177.931819164 175.911740412 174.25553333 172.989655108 172.134329682 171.703222863
276.260006829 276.18624392 276.038453174 275.816119195 275.518504632 275.144692013 274.693637741 274.164236828 273.555396576 272.866117203
272.09557717 271.243220809 270.308845735 269.2926875 268.195498918 267.018621597 265.764047319 264.434467101 263.033306023 261.564742177
260.033708432 258.445876097 256.807619919 255.125964317 253.408511158 251.663349813 249.898950682 248.124043748 246.347484158 244.578107134
242.82457486 241.095218253 239.397876716 237.739739147 236.127189537 234.565660535 233.059498268 231.611841639 230.224519082 228.897965526
227.631162026 226.421600089 225.26527238 224.156690948 223.088933685 222.053719171 221.041509518 220.041640307 219.042476166 218.03159
216.995963413 215.922205397 214.796785936 213.606280841 212.337623807 210.978361473 209.516907106 207.94278845 206.246885284 204.421652323
202.461323248 200.362091912 198.122267067 195.742397371 193.225363869 190.576437651 187.803300977 184.916030713 181.927043593 178.851003427
175.704691052 172.50683844 169.277929038 166.039966961 162.81621828 159.63092808 156.509017486 153.47576517 150.556478203 147.776157306
145.159161729 142.728878987 140.507404696 138.515237587 136.770994568 135.291150406 134.089806231 133.178490577 132.565996204 132.258255336
