187.848804873 188.250642349 189.04963202 190.236466767 191.797343593 193.714150247 195.964709777 198.523079424 201.359899485 204.44278704
207.736768786 211.204746667 214.807989532 218.50664365 222.260254721 226.028293818 229.770679693 233.448289983 237.023454001 240.460420157
243.725791428 246.788922816 249.622275352 252.201721834 254.506800297 256.520911974 258.231461381 259.629937032 260.711932211 261.477106121
261.929086624 262.075316687 261.926847465 261.498081743 260.806472201 259.872179615 258.717696668 257.367443555 255.847341917 254.184373954
252.406133708 250.540377595 248.614581206 246.655509239 244.688805176 242.738606931 240.82719426 238.974673154 237.198701828 235.514262213
233.933480098 232.465496286 231.116390288 229.889157222 228.783737736 227.797099917 226.923371331 226.154018527 225.478070607 224.882382754
224.351935023 223.870161116 223.419301436 222.98077435 222.535559307 222.064585343 221.549118385 220.971140898 220.3137175 219.561340483
218.700249501 217.718720159 216.607316744 215.359104957 213.969821178 212.437995522 210.765026699 208.955207503 207.015700565 204.956464823
202.790133964 200.531848896 198.199047039 195.811211949 193.389587416 190.956860764 188.536820585 186.153994535 183.833273163 181.599525944
179.477215835 177.490018657 175.660453573 174.009530685 172.556421548 171.318157984 170.309364115 169.542026023 169.025302782 168.765381961
226.137005943 226.360738987 226.800919213 227.4431693 228.266403773 229.243390338 230.341473372 231.523439134 232.74849832 233.973358367
235.15335551 236.243615072 237.200207898 237.981271184 238.548063231 238.865923828 238.905114948 238.641520112 238.057185103 237.140687456
235.887327251 234.299136978 232.384713518 230.158880361 227.642193008 224.860304839 221.843214495 218.624418908 215.239998451 211.727662101
208.125781191 204.472439985 200.804530238 197.156914941 193.56168376 190.047519394 186.639190154 183.357179871 180.217461642 177.231417333
174.405900097 171.743432753 169.242530731 166.898134625 164.702134253 162.643963673 160.711244829 158.890456517 157.167605161 155.528874469
153.961232354 152.452975553 150.994195003 149.57714821 148.196528423 146.849624286 145.536367646 144.259271229 143.023261782 141.835417939
140.70462531 139.641164084 138.656246655 137.761524295 136.968582787 136.288447064 135.731114298 135.30513363 135.017248787 134.872117336
