356.091104825 355.617282267 354.672900233 353.264458475 351.401640823 349.097236879 346.367038727 343.229713554 339.706653348 335.821803002
331.601468375 327.074105998 322.27009632 317.221502481 311.961816751 306.525696862 300.94869454 295.266978596 289.517054985 283.735486227
277.958612587 272.222277385 266.561558737 261.010509939 255.601910654 250.367030877 245.335409592 240.53464982 235.990231635 231.725344522
227.760740282 224.114607463 220.802468126 217.837097512 215.228466986 212.983710424 211.107113961 209.600128874 208.461407108 207.686858809
207.269731002 207.200706428 207.468021339 208.057600941 208.953211044 210.136624321 211.587799549 213.28507205 215.205353549 217.324339582
219.616722577 222.056408728 224.616736778 227.270696864 229.99114762 232.751029791 235.523574687 238.282505889 241.002232727 243.658034159
246.226231792 248.684350918 251.011268589 253.187347863 255.194557524 257.016576707 258.638884016 260.048830852 261.235698817 262.190741206
262.907208703 263.380359558 263.60745461 263.587737638 263.322401639 262.814541698 262.069095216 261.092770309 259.893963278 258.482666085
256.870364793 255.069929986 253.095500182 250.962359254 248.686808902 246.286037169 243.777984008 241.181204863 238.514733212 235.797942952
233.050411507 230.291784456 227.541642451 224.819371134 222.144034722 219.53425385 217.008088251 214.582924755 212.275371071 210.101155754
208.075034717 206.210704596 204.520723248 203.016437619 201.707919176 200.603907077 199.711759228 199.037411324 198.585343984 198.358558041
336.150301124 334.453507808 331.102485323 326.181215092 319.81282656 312.15625459 303.401897161 293.766371597 283.486491831 272.812612728
262.001509597 251.308980954 240.982379274 231.25328694 222.330561691 214.393976557 207.588672658 202.020628642 197.753327601 194.805770974
193.151949768 192.721837159 193.403914641 195.04918802 197.47659195 200.479624669 203.834000799 207.306062072 210.661646186 213.675084987
216.13798665 217.867454043 218.713403593 218.564676106 217.353672324 215.059300324 211.708087199 207.373381051 202.172648305 196.262951951
189.834775193 183.104428136 176.305339351 169.67858604 163.463053617 157.885635735 153.151888003 149.437532474 146.881175995 145.578555048
322.910113484 321.714479886 319.334542608 315.793122384 311.124832274 305.376480397 298.60751772 290.890461242 282.31121362 272.969195762
262.977209604 252.4609543 241.558130238 230.417081298 219.194945808 208.055309992 197.165383142 186.692740138 176.80170295 167.649457147
159.382020822 152.130200626 146.005681771 141.097405067 137.46838374 135.15310576 134.155653529 134.448652632 135.973135267 138.639373166
142.328700151 146.896307538 152.174957727 157.979524118 164.112230597 170.368432702 176.542756622 182.435392667 187.858327692 192.641296869
196.637239586 199.72705706 201.823490241 202.873965038 202.862286846 201.809106553 199.771124135 196.839041934 193.134326006 188.804878679
184.019766915 178.963187547 173.827880505 168.808223477 164.093255163 159.859878723 156.266492024 153.447276852 151.507356065 150.51899637
