343.329103753 343.620681284 344.171597876 344.918916378 345.772013173 346.61693098 347.32188166 347.743657932 347.734672796 347.150317551
345.85631471 343.735741542 340.695413393 336.671342815 331.633029635 325.586386815 318.575165028 310.680802943 302.02069735 292.744954677
283.031750207 273.08148063 263.109946861 253.340845235 243.997874327 235.296780744 227.437669352 220.597891743 214.925801659 210.535628806
207.503674562 205.865976729 205.617528011 206.713067186 209.069395703 212.56910863 217.065570228 222.388913377 228.352800991 234.761657907
241.418065026 248.130004126 254.717652083 261.019446439 266.897179546 272.239924006 276.966645981 281.027422645 284.403242925 287.104434013
289.16781702 290.65275101 291.636272937 292.207579666 292.462125593 292.495624169 292.398243354 292.249273521 292.11252228 292.03265509
273.409507173 271.757661928 268.510594427 263.779688993 257.727428283 250.562047637 242.530679994 233.911213573 225.003126285 216.117594138
207.56719458 199.655539052 192.667171591 186.858061967 182.447002955 179.60819236 178.465242445 179.086813558 181.484016504 185.609671302
191.359450175 198.574871875 207.048054742 216.528079112 226.72875767 237.337566769 248.025454095 258.457209499 268.302067348 277.244200921
284.99277243 291.291216154 295.925456407 298.730795954 299.597252812 298.473172948 295.367001437 290.347153567 283.539988185 275.125946313
265.333976874 254.434426234 242.730617525 230.549387735 218.230883978 206.117944174 194.545400705 183.829648151 174.258807771 166.083802329
159.510625687 154.694053353 151.732993972 150.667629187 151.478431972 154.087093341 158.359326151 164.109454596 171.106640699 179.082546723
187.740186356 196.763679493 205.828596502 214.612559044 222.805756338 230.121038598 236.303263015 241.137591724 244.456474953 246.145094831
169.976496252 172.086201667 176.219592274 182.2082162 189.808214105 198.71047963 208.55352332 218.938492405 229.445707593 239.652014358
249.148212689 257.555827479 264.542511594 269.835433894 273.232092452 274.608105065 273.921659984 271.21445402 266.609096406 260.303108578
252.559795757 243.696399585 234.070056332 224.062177442 214.061934383 204.449565281 195.580225058 187.769073748 181.27824052 176.306216347
172.98011987 171.351153719 171.393427874 173.006178803 176.019264577 180.201673378 185.272652065 190.914948378 196.789569925 202.551399069
207.86496813 212.419695225 215.943907806 218.217037181 219.079450577 218.439493766 216.277442384 212.646198035 207.668710242 201.532250691
194.479805673 186.798980073 178.80891597 170.845816167 163.24772392 156.339242117 150.416876754 145.735660818 142.497656819 140.842851839
