204.372377833 204.772379535 205.577202543 206.790239768 208.402742497 210.381806437 212.660923701 215.136789535 217.675001742 220.125538397
222.346765753 224.234623985 225.751989716 226.952382703 227.992396931 229.128538537 230.696391235 233.072871836 236.625324207 241.653818189
248.334795466 256.674781443 266.482091339 277.362351365 288.740504385 299.908227955 310.09192797 318.533271772 324.572105829 327.720921103
220.859104129 212.184675479 198.384170646 185.139738927 177.990825875 180.087283432 190.857426823 206.126320774 219.659562553 225.553091993
220.554199164 205.413621093 184.730237117 165.322011752 153.721643269 153.736602232 164.998955451 183.063707575 201.032880145 212.106122127
137.046261861 141.42123956 149.930391048 162.106527979 177.284027722 194.638591974 213.23636543 232.089392391 250.214003571 266.688551733
280.706963762 291.624845152 298.995343584 302.592621726 302.421565243 298.713211567 291.906274523 282.616003736 271.592401983 259.670479333
247.715709342 236.568139472 226.988677897 219.610927721 214.901577558 213.131807239 214.361464304 218.436955114 225.002925236 233.526931964
243.335492165 253.659172745 263.68382368 272.604670321 279.67980644 284.279672953 285.92936647 284.341080102 279.434607238 271.344597442
260.414094201 247.174753927 232.314989397 216.638045486 201.012652379 186.319371283 173.396020397 162.985627411 155.690195475 151.933202554
227.963106214 228.358759041 229.256034049 230.823490356 233.215563843 236.48062558 240.476368434 244.814974766 248.855761484 251.754372319
252.566622503 250.393809383 244.546815909 234.700519042 221.009127973 204.15752192 185.332891471 166.11359383 148.286046094 133.613335514
123.588758911 119.211951115 120.82367564 128.027777676 139.716298432 154.198231387 169.416322158 183.222274943 193.671042019 199.291173676
225.060509903 225.849092364 227.396565782 229.644565331 232.508055196 235.878248179 239.626344968 243.607967994 247.668141426 251.646650377
255.383599404 258.724983335 261.528082574 263.666500362 265.034670841 265.55168384 265.164294455 263.849012135 261.613194144 258.495100972
254.562905572 249.912682892 244.665440099 238.963279955 232.964818926 226.840006945 220.764516291 214.913882286 209.457587807 204.553286668
200.341357681 196.939971654 194.440838058 192.905777091 192.364236992 192.811846569 194.210059959 196.486915639 199.538895816 203.233836725
207.414806072 211.904832187 216.512341225 221.037135024 225.276723736 229.032814686 232.117752534 234.360705953 235.613402681 235.755227788
234.697518959 232.386916869 228.807657647 223.982727057 217.973831311 210.880176304 202.836084353 194.00751402 184.587583188 174.791227095
164.849150575 155.001256324 145.489748014 136.552117838 128.414232343 121.28372796 115.343918612 110.748402402 107.616533143 106.029896039
