298.807414841 298.346950044 297.428163466 296.055842768 294.238368204 291.989000556 289.327360238 286.280918051 282.886301967 279.190224251
275.249849804 271.132458914 266.91430385 262.678615907 258.512783817 254.504791474 250.739067889 247.291960534 244.227090231 241.590877798
239.408546744 237.680900771 236.382148959 235.459006247 234.831234091 234.393709364 234.020022888 233.567517593 232.883585609 231.812959325
230.20565908 227.925204347 224.85666024 220.914079528 216.046913673 210.245004643 203.541830962 196.015763604 187.789185888 179.025440991
169.923685271 160.71183871 151.637929082 142.960217778 134.936567231 127.813558234 121.815887084 117.136565909 113.928414808 112.297273185
310.960697823 310.247366699 308.829495843 306.724531633 303.958304947 300.564631269 296.584788235 292.066879588 287.065096415 281.638888319
275.852058627 269.77179903 263.467680006 257.010614065 250.471809206 243.921730086 237.429084083 231.059848958 224.876357899 218.936456662
213.292746095 207.991921759 203.07422052 198.572982021 194.514330863 190.916983086 187.792178373 185.143737089 182.968239119 181.255319307
179.988072299 179.143557733 178.69339503 178.604435598 178.839499027 179.358158899 180.117563142 181.073273496 182.180108503 183.392974665
184.667670874 185.961651946 187.234738125 188.44975863 189.573118794 190.575281948 191.431158987 192.120400444 192.627587839 192.942323096
193.059216769 192.9777778 192.702209394 192.241117333 191.607138676 190.816500211 189.888517248 188.845044343 187.709890287 186.508210214
185.265887878 184.008921166 182.762823577 181.552053879 180.39948535 179.325925028 178.349692136 177.486263523 176.747992395 176.143904983
175.679578081 175.357098635 175.17510477 175.128905965 175.210678342 175.409729546 175.712826192 176.104575619 176.567852574 177.084260582
177.634617092 178.199451051 178.759501402 179.296205055 179.792163188 180.231575301 180.600631191 180.88785204 181.084372918 181.184160402
