302.162829927 301.774455887 301.000945662 299.848746522 298.327458514 296.449750153 294.231247182 291.690395407 288.84829884 285.728534588
282.356946166 278.761417067 274.971626632 271.018790391 266.935387213 262.754875691 258.511402304 254.239503955 249.973807544 245.748729242
241.598176157 237.555253019 233.651976516 229.918999778 226.385349469 223.078177783 220.022531542 217.241140401 214.754226006 212.579333778
210.731188736 209.221576618 208.059251273 207.24986909 206.795950978 206.696872153 206.948879743 207.545137973 208.475800442 209.728108747
211.286516502 213.132837542 215.246416912 217.604323013 220.181559119 222.951292287 225.885097539 228.953215057 232.124818043 235.368288771
238.651500322 241.942101437 245.207801908 248.41665593 251.537340855 254.539428869 257.393649152 260.072138196 262.548676083 264.798906634
266.800539524 268.533532616 269.980252959 271.125615097 271.957195557 272.465322594 272.643140518 272.486648159 271.994711255 271.169048825
270.014193777 268.537428289 266.748694703 264.660482901 262.287695353 259.64749122 256.759111091 253.643684109 250.324019376 246.824383695
243.170267804 239.38814336 235.50521301 231.549155936 227.547871296 223.529221981 219.520781113 215.549583647 211.641885404 207.822931759
204.116738123 200.545884229 197.131324087 193.892213324 190.845755444 188.007068357 185.389072332 183.002400311 180.855331297 178.953747332
177.301114314 175.898486692 174.744535862 173.83560182 173.165767445 172.726954537 172.509040558 172.49999479 172.686032482 173.051785352
173.580486674 174.254169045 175.053872804 175.959862978 176.951852547 178.009229785 179.111287372 180.237450987 181.367505073 182.48181354
183.561533177 184.588817665 185.547010145 186.420822437 187.196499123 187.861964871 188.40695353 188.823117729 189.104117882 189.245689726
