324.739317258 324.670930298 324.53412429 324.328836127 324.054973811 323.712419631 323.301034345 322.820662362 322.271137846 321.652291724
320.963959515 320.205989932 319.378254177 318.48065585 317.513141394 316.47571098 315.36842975 314.19143931 312.944969373 311.629349465
310.245020565 308.792546602 307.272625675 305.686100918 304.033970886 302.317399373 300.537724554 298.69646737 296.795339044 294.836247661
292.821303725 290.752824608 288.633337842 286.465583178 284.252513364 281.997293601 279.703299629 277.374114432 275.013523528 272.625508841
270.214241162 267.784071195 265.339519216 262.885263377 260.426126686 257.967062717 255.513140098 253.069525859 250.641467698 248.234275256
245.853300494 243.503917259 241.19150015 238.921402803 236.698935687 234.529343557 232.417782672 230.369297908 228.388799904 226.481042365
224.650599655 222.901844814 221.238928139 219.665756443 218.185973133 216.802939233 215.519715459 214.339045475 213.263340442 212.294664951
211.434724449 210.684854244 210.04601017 209.51876099 209.103282585 208.799354007 208.606355416 208.52326795 208.548675544 208.680768704
208.917350252 209.255843013 209.69329943 210.226413079 210.851532024 211.564673973 212.361543159 213.237548868 214.187825535 215.207254308
216.290485968 217.431965111 218.62595544 219.866566073 221.147778702 222.463475482 223.807467492 225.173523628 226.555399767 227.946868048
229.341746116 230.733926169 232.117403652 233.48630544 234.834917352 236.15771086 237.449368829 238.704810151 239.919213143 241.088037569
242.207045173 243.272318598 244.280278592 245.227699401 246.111722263 246.929866925 247.680041119 248.36054794 248.970091087 249.507777938
249.973120424 250.366033724 250.686832764 250.936226542 251.115310327 251.225555746 251.268798845 251.247226165 251.163358927 251.02003541
250.820391617 250.567840342 250.266048765 249.918914676 249.5305415 249.105212225 248.647362414 248.161552438 247.652439084 247.124746718
246.583238149 246.032685368 245.477840332 244.923405953 244.374007467 243.834164333 243.308262837 242.800529553 242.315005809 241.855523306
241.425681037 241.028823626 240.668021224 240.346051065 240.065380802 239.8281537 239.636175793 239.49090506 239.393442693 239.344526503
