321.533522218 302.413587541 274.538529584 250.001305668 234.140477155 224.778982587 217.741377947 211.460398483 206.761096387 204.424322252
341.027962119 340.953041628 340.801852302 340.571725926 340.25873088 339.857755651 339.362617993 338.766197903 338.060592168 337.237287892
336.287352074 335.201634021 333.970977187 332.586436811 331.039499663 329.322302112 327.427842769 325.350186006 323.084652795 320.627995481
317.978553364 315.136386239 312.103383393 308.883345934 305.482040744 301.907224783 298.168638967 294.277971268 290.248789236 286.096442582
281.837936953 277.491780502 273.077805278 268.616965875 264.131118152 259.642781165 255.174885714 250.750513169 246.392628367 242.123810523
237.965986121 233.940167756 230.066202805 226.362535713 222.845987423 219.531555298 216.432236536 213.55887775 210.920052992 208.521972088
206.368420662 204.460732788 202.797796696 201.37609347 200.189768152 199.230732227 198.488795929 197.951828403 197.605943328 197.435707191
197.424367123 197.55409486 197.806243168 198.16161093 198.60071289 199.104050075 199.652376849 200.226960653 200.809830597 201.384011259
201.933738274 202.444652607 202.903970728 203.300628299 203.625395399 203.870961769 204.031991018 204.105143238 204.089065951 203.984353826
203.793478084 203.520686973 203.17187916 202.754452303 202.277129438 201.749766174 201.183141971 200.588739015 199.978512405 199.364655467
198.759364098 198.174604032 197.62188487 197.112044577 196.655048001 196.259802702 195.933995113 195.683949703 195.514513453 195.428967515
212.83798788 212.601875176 212.138165749 211.463647947 210.602901665 209.587593003 208.455562971 207.24973433 206.016865427 204.806184055
203.667937578 202.65189794 201.805861486 201.174183886 200.796389707 200.705894484 200.928874394 201.483315066 202.378266576 203.613326547
205.178367542 207.053518726 209.209405351 211.607642985 214.201576887 216.937250571 219.754581622 222.588717371 225.371538237 228.033272516
230.504183254 232.716285696 234.605052616 236.111064804 237.181564907 237.771874908 237.846640512 237.380869702 236.360737507 234.784134554
232.660943094 230.013030735 226.87395896 223.288410438 219.311346071 215.006909334 210.447101797 205.710259413 200.879364213 196.040230282
191.279606188 186.683238342 182.333940979 178.309718621 174.681985854 171.513927222 168.859036906 166.759873779 165.247062479 164.338565393
164.039244139 164.340722296 165.221554019 166.647695908 168.573272306 170.941617153 173.686568938 176.733989176 180.003469466 183.4101876
186.866869578 190.28581173 193.580915678 196.669688411 199.475160521 201.927677507 203.96652196 205.541328423 206.613257554 207.155901902
