324.02094197 324.458879893 325.320970649 326.579950084 328.195680704 330.116044646 332.278105473 334.609514828 337.030134901 339.453843181
341.790482107 343.947913203 345.83413298 347.359406513 348.43837407 348.992086567 348.949926879 348.251376215 346.847587714 344.702733168
341.79509325 338.117866628 333.679678961 328.504778721 322.632913025 316.118883098 309.031785429 301.453951019 293.479601281 285.213244928
276.767845522 268.262794125 259.821725609 251.570220545 243.633437124 236.133719281 229.188227947 222.906642227 217.388976253 212.723555467
208.985193294 206.233605488 204.512095052 203.846535566 204.244675128 205.695777034 208.170606867 211.621769047 215.984389118 221.177131383
227.103534925 233.653644875 240.705909918 248.129311807 255.78568797 263.532204422 271.223933075 278.716485314 285.868652401 292.545002894
298.618387852 303.972306149 308.503084637 312.121831265 314.75612337 316.351398252 316.872018639 316.301991748 314.645327084 311.92602495
308.187694553 303.492807643 297.921600462 291.570643507 284.551104906 276.986739059 269.011637433 260.767783008 252.402453598 244.065522259
235.906704991 228.072807023 220.705019082 213.936314177 207.88899359 202.672428046 198.381036366 195.092539536 192.866522916 191.743333597
187.377085783 188.079339393 189.473382681 191.538452826 194.243815388 197.549248228 201.40567383 205.755929274 210.535660822 215.674327957
221.096299989 226.722026824 232.469264344 238.254334084 243.993396454 249.60371669 255.004903055 260.120097485 264.877099871 269.209408539
273.057161102 276.367961733 279.097583045 281.210533023 282.680479853 283.490530039 283.633357674 283.111185288 281.935619174 280.127344408
277.715687061 274.738053095 271.239255294 267.270741133 262.889735856 258.158316009 253.142429472 247.91087845 242.534282026 237.084034755
231.631277336 226.245894718 220.995556082 215.944809985 211.154246638 206.679737836 202.571763406 198.874831445 195.6269978 192.859488587
190.596427742 188.854669987 187.643737938 186.965860628 186.816109323 187.182625276 188.046933005 189.38433176 191.164357114 193.351304046
195.904802496 198.780436146 201.930395096 205.304153212 208.849161063 212.511545764 216.236809356 219.970517942 223.658974253 227.249866981
230.692890792 233.940331559 236.94761199 239.673793404 242.082030015 244.139972598 245.820118938 247.100108914 247.962962514 248.397259457
