331.55610216 333.248801732 336.499201244 341.045912758 346.51784364 352.457908113 358.352282403 363.663372018 367.864427104 370.473638307
371.085577583 369.398013897 365.232422272 358.546898247 349.440663609 338.14987379 325.034979596 310.560422118 295.267916804 279.744980965
264.590653622 250.380529193 237.633266424 226.78063883 218.142968829 211.911448941 208.138421203 206.736187578 207.484390862 210.045470987
213.987199073 218.810852705 223.983248004 228.970608939 233.272146452 236.451245979 238.162319978 238.1716619 236.371021945 232.783088503
227.558573126 220.965128703 213.36884669 205.209547215 196.971466138 189.151231261 182.225187584 176.618168504 172.675713808 170.641512426
216.064090828 212.62338044 206.511667923 199.130031554 192.258207429 187.73130385 187.1020345 191.347193006 200.669608386 214.43051379
231.224937813 249.088230651 265.799379374 279.230205746 287.681714638 290.151102055 286.484835049 277.392714395 264.321554038 249.210968145
234.173642819 221.154976724 211.629976727 206.388312837 205.442719366 208.074232329 213.003859981 218.658348243 223.481529427 226.235126273
330.492419062 327.416102396 321.826362582 314.748471926 307.486267657 301.38653557 297.592001853 296.825376228 299.241702064 304.374755717
311.187369695 318.218041704 323.800016478 326.316932894 324.45315148 317.397999452 304.971156598 287.649848341 266.495079592 242.99098222
218.825581147 195.650499432 174.859793444 157.423848424 143.803886753 133.958013993 127.43344321 123.524457831 121.464429717 120.614747064
211.620199535 211.169329416 210.291600338 209.034172062 207.46565637 205.673642625 203.7615274 201.844753293 200.046581706 198.493540114
197.310695422 196.61691124 196.520247942 197.113660327 198.471138507 200.644423814 203.660413289 207.519344419 212.193826839 217.628760573
223.742151871 230.42680876 237.552870013 244.971094201 252.516810776 260.014413478 267.28225853 274.137816553 280.402918484 285.908932148
290.501707769 294.04613745 296.430185417 297.568262072 297.403835335 295.911196483 293.096324182 288.99681864 283.680906987 277.245550145
269.813709636 261.530859142 252.560849248 243.08125406 233.278344434 223.341844087 213.459631384 203.812550915 194.569495111 185.882907158
177.884842682 170.683709531 164.361783057 158.973569271 154.545061014 151.073903569 148.530457033 146.859714066 145.984004318 145.806391829
146.214649654 147.085677783 148.290216521 149.697698416 151.181077798 152.621478198 153.912504259 154.964076067 155.705659721 156.088787951
