231.153372856 226.693591446 219.850660225 213.950148023 212.228346718 216.497196193 226.327042706 239.067114301 250.707008289 257.2644049
256.185334901 247.238814715 232.578677388 215.958838379 201.404652529 191.842397746 188.196305141 189.276506752 192.474168634 194.970211489
225.235834807 228.698999015 235.480794926 245.298115606 257.740944982 272.289239302 288.334314606 305.203841193 322.189395688 338.575415667
353.668345419 366.824756657 377.477274871 385.157238581 389.513160609 390.324241574 387.508398211 381.12450366 371.368783436 358.565558714
343.152767275 325.662911686 306.700274591 286.915394498 266.977905437 247.548905958 229.254034568 212.658389599 198.244343584 186.393169498
177.371224671 171.321235392 168.259000215 168.075592524 170.544903564 175.336136159 182.030646948 190.142350157 199.140746852 208.475536446
217.601706597 226.003985935 233.219581523 238.858207866 242.618542446 244.300408642 243.812182684 241.17313847 236.510672809 230.052583772
222.114796198 213.085131094 203.403890876 193.542172261 183.97891715 175.177764627 167.564772097 161.508030369 157.300108301 155.144131386
133.931443874 138.222332477 146.589169178 158.613523356 173.695727769 191.086678779 209.927391694 229.294089795 248.246306034 265.875324251
281.350290357 293.959482056 303.14452816 308.525796232 309.917694087 307.333224302 300.977755519 291.23259259 278.629502592 263.817851809
247.526401012 230.522070647 213.568109919 197.384078707 182.609882772 169.775803144 159.280050382 151.374880527 146.161763699 143.5955331
143.496896715 145.572199934 149.4389145 154.655022079 160.750276691 167.257278717 173.740374984 179.820607 185.195247082 189.650867592
193.069353857 195.426765347 196.785439457 197.280185579 197.099804585 196.465465444 195.607657758 194.743505162 194.056166421 193.677873722
