309.083221473 307.597410025 304.687613382 300.474818239 295.133954975 288.886354709 281.990205105 274.729415982 267.401374145 260.304114485
253.723459249 247.920678431 243.121201383 239.504864088 237.198109968 236.268477624 236.721610106 238.500911529 241.489862831 245.516894034
250.362600674 255.768991629 261.450368912 267.105370742 272.429660337 277.128716536 280.93017953 283.59522587 284.928490472 284.786117642
283.081605359 279.789203593 274.944733972 268.643810114 261.037550426 252.32598324 242.749443205 232.57834342 222.101776398 211.615445383
201.409454034 191.75648564 182.90088306 175.049098173 168.361916878 162.948785333 158.864468744 156.108169787 154.625124358 154.310582479
155.015976821 156.556985035 158.723109042 161.288328455 164.022339063 166.701862981 169.121515571 171.103735731 172.507329513 173.234240437
297.770387057 297.51282796 296.998590228 296.22943964 295.208036806 293.937950989 292.423677712 290.670659439 288.685308496 286.475031255
284.048252476 281.414438623 278.584118883 275.568902569 272.381491561 269.035686439 265.546384984 261.929571788 258.202297761 254.382648472
250.489700341 246.54346388 242.564813338 238.575402308 234.597565022 230.654203342 226.768659605 222.964575787 219.265739639 215.695918709
212.278683389 209.037220361 205.994138027 203.171265703 200.589448544 198.268340348 196.226196488 194.479669363 193.043608839 191.930870187
191.152132061 190.715727043 190.627487229 190.890607259 191.505527059 192.469836446 193.778203529 195.422328657 197.390925409 199.669729856
202.24153904 205.086279301 208.181104761 211.500525918 215.016567994 218.698958263 222.515341316 226.431520785 230.411725782 234.41889992
238.415010526 242.361375334 246.219003686 249.948949055 253.512669485 256.872392376 259.991479932 262.83479148 265.369038846 267.563130949
269.388503835 270.819432442 271.83332054 272.410965439 272.536794274 272.199068961 271.390057162 270.106166953 268.348043246 266.120624371
263.433157665 260.299173305 256.736416092 252.76673531 248.415933255 243.713573462 238.692750115 233.389820541 227.844103117 222.097543284
216.194350772 210.180611419 204.103877321 198.012739257 191.956385614 185.98415214 180.145067057 174.487396069 169.058191907 163.902852958
159.064695512 154.584544016 150.500343541 146.846798494 143.655041294 140.952334471 138.761809295 137.102243637 135.987881419 135.428295507
