200.91008638 206.612791696 217.473508503 232.454641757 250.124323161 268.792438196 286.671047147 302.043879885 313.428744713 319.717406738
320.279689214 315.022017156 304.395018518 289.349697575 271.246622898 251.727052133 232.558515964 215.469758918 201.990860019 193.313747857
190.186248422 192.849468142 201.024049336 213.946060189 230.448464182 249.079724545 268.247564336 286.373563225 302.043350962 314.137737809
321.932139377 325.154901905 323.999288333 319.088531826 311.398040808 302.143085619 292.64369275 284.180684826 277.857616949 274.482695746
222.200805758 223.144893989 225.009273963 227.746944612 231.28886938 235.545693402 240.409966035 245.75881343 251.456994608 257.360264976
263.318963499 269.181734218 274.799289367 280.028120311 284.734063787 288.79563446 292.107040613 294.58080761 296.149943506 296.769592512
296.418134771 295.097704624 292.834114017 289.6761825 285.694490048 280.979583321 275.639679627 269.797925401 263.589277196 257.15708265
250.649446483 244.215472044 238.001472188 232.147244151 226.782501684 222.02355397 217.97031485 214.703717893 212.283602862 210.747127598
210.107746423 210.354782171 211.453604339 213.346410833 215.953595842 219.175671809 222.8956997 226.982169067 231.292258146 235.675394663
239.977030382 244.042536939 247.72112723 250.86970578 253.356552939 255.064751621 255.895271341 255.769632476 254.632083772 252.45123784
249.221122488 244.961619938 239.718280812 233.561515014 226.585176836 218.904576404 210.653963603 201.983543574 193.056094369 184.043267145
175.121657145 166.468739422 158.258766686 150.658727736 143.824463597 137.897034787 132.99942718 129.233675832 126.678476079 125.387339553
336.311218219 335.106915959 332.707750309 329.133218739 324.414047063 318.593775036 311.73056949 303.899036973 295.191785859 285.720485685
275.616189534 265.028723095 254.124999114 243.086185177 232.103731433 221.374347885 211.094102556 201.451886463 192.622553584 184.760089211
177.991184518 172.40959653 168.07164998 164.993191323 163.148237691 162.469478169 162.850686434 164.150997994 166.200898493 168.809668149
171.773937817 174.886940028 177.947988515 180.771695585 183.196440386 185.091632826 186.363376437 186.958215794 186.864755763 186.11305523
184.771820453 182.943545795 180.757865087 178.363478576 175.919102167 173.583942608 171.508230945 169.824345036 168.639020156 168.027086448
