208.791293267 210.919194668 215.105275164 221.212504353 229.041281872 238.336322417 248.795430943 260.079841754 271.825738514 283.656530618
295.195436405 306.077916267 315.963509065 324.546652731 331.566113437 336.812705226 340.13505121 341.443215381 340.710117592 337.970729871
333.319136543 326.903620185 318.920007201 309.603567858 299.21981382 288.054569685 276.403712704 264.562976402 252.818199261 241.436370154
230.6577791 220.689527456 211.700588197 203.81853749 197.128006288 191.670828399 187.447792387 184.421841784 182.522513837 181.651363604
181.688089308 182.497057401 183.933922327 185.85204621 188.108446886 190.569037475 193.112965098 195.635908272 198.052249161 200.296095726
202.321186851 204.099768194 205.620575164 206.886099889 207.909349553 208.71032265 209.312436837 209.739136998 210.010895171 210.14278626
207.912317771 206.483912149 199.562248995 185.354727884 168.430651135 155.906654801 150.47491322 148.930800117 147.34070776 145.5414755
77.4368893043 87.0135466338 131.788093363 211.519990494 276.03277269 272.968902232 210.059521921 148.241151906 131.344004079 142.744744324
337.979723171 344.156492227 353.174813987 359.76575262 358.964756701 348.279224983 328.894819871 305.401230846 284.101857292 270.541057384
267.213491058 272.379029857 280.502790886 284.222878365 277.152714872 256.480107797 224.368324064 187.586158816 155.440834777 136.718913106
303.852108144 316.608311483 336.439603471 354.256170501 361.209076769 352.275177046 328.35160367 296.009048931 264.966422654 244.248227233
238.520464283 246.059632862 259.201612625 267.170779244 260.265020755 233.825112867 190.46179797 139.641327425 94.7084665216 68.3879978088
233.011392603 241.463230077 255.691823183 271.397567938 284.328611429 291.889209402 294.018135718 292.962250764 292.020138364 293.761641619
298.467990089 303.483258151 303.833458211 293.977326254 270.090269025 232.031014401 184.203925266 134.895444961 94.2023724707 71.1858256697
