235.789242451 230.682280305 221.774001368 211.368844265 202.230118244 196.935929926 197.282768479 203.874195461 215.985164461 231.725782789
248.458908799 263.370563665 274.062815445 279.040399895 277.991999274 271.815815858 262.39467464 252.176262022 243.649852882 238.826751251
324.320530438 323.424368713 321.642832803 318.997369817 315.519831809 311.2520971 306.24557146 300.560574303 294.265616316 287.436576104
280.155784619 272.511027206 264.594474131 256.501551418 248.329764629 240.177489013 232.142740042 224.32193887 216.808687602 209.692569434
203.057988795 196.983066448 191.538604183 186.787133226 182.782059765 179.566920078 177.174756665 175.627625473 174.93624284 175.09977915
176.105804389 177.930388871 180.53836037 183.883716763 187.910191118 192.551963954 197.734515196 203.375606213 209.386380209 215.672567317
222.135778894 228.674873902 235.18737883 241.570941447 247.724797775 253.55123107 258.957001318 263.854723779 268.16417552 271.813509585
274.740357501 276.892802246 278.230205464 278.723874759 278.357559107 277.127762989 275.043872487 272.128089456 268.415172857 263.951989337
258.796878173 253.018838705 246.696551271 239.917245404 232.775431641 225.371515588 217.810314947 210.199501939 202.647994907 195.264323887
188.154995521 181.422882852 175.165665298 169.474343428 164.431852067 160.111793811 156.577313138 153.880129132 152.059742321 151.142828369
164.444444141 166.525832022 170.609628095 176.540958943 184.09510353 192.986253146 202.878628646 213.399503205 224.153602446 234.738299536
244.758992858 253.844049429 261.658718353 267.917464363 272.394239907 274.930302252 275.439285938 273.909356192 270.402390621 265.050259529
258.048394316 249.64694356 240.13991303 229.852764947 219.129010092 208.31636155 197.753029616 187.754723443 178.602887164 170.5346383
163.734797031 158.330299945 154.387185443 151.910224717 150.845157162 151.083377233 152.468815893 154.806668487 157.87354586 161.428570078
165.224902386 169.02118035 172.592353758 175.739444041 178.297807909 180.143559996 181.197898026 181.429173363 180.85265517 179.528043085
177.554886446 175.066163102 172.220353449 169.192411888 166.164085494 163.314056241 160.808387495 158.791737693 157.379764843 156.653086806
