362.707473673 361.355365239 358.674023026 354.708767696 349.526517138 343.214534439 335.878797436 327.642022172 318.641379344 309.025948777
298.953961981 288.589886804 278.101411024 267.656383402 257.419771182 247.550692242 238.199578265 229.50552217 221.593859028 214.574024627
208.537729971 203.557483453 199.685485301 196.952911401 195.3695958 194.924113409 195.584256659 197.297892361 199.99417793 203.585109568
207.96736905 213.024430627 218.628885234 224.64493577 230.93101479 237.342474476 243.734298286 249.96378415 255.893150552 261.392019101
266.339730353 270.627453483 274.160054882 276.857695793 278.657134502 279.512714386 279.397025003 278.301229458 276.235057244 273.226467576
269.320993883 264.580785348 259.083366309 252.920138703 246.194656636 239.020705442 231.520220308 223.82108161 216.054825525 208.354309282
200.851370591 193.674520319 186.946706458 180.783185849 175.289537998 170.559852756 166.675120624 163.70185104 161.690940301 160.676806764
311.754962935 309.821902049 306.014700914 300.449091224 293.293477725 284.762930795 275.111540107 264.623422011 253.602723719 242.363003958
231.216391253 220.462926436 210.380485298 201.215651092 193.175865877 186.42313637 181.069506231 177.174435249 174.744149691 173.732950314
174.046388364 175.546148421 178.056413073 181.371430611 185.263965345 189.494282293 193.819304778 198.00158533 201.817746798 205.066080872
207.573033774 209.198361711 209.83879934 209.430150342 207.94777723 205.405534874 201.853255985 197.372954255 192.073959721 186.087239125
179.559180241 172.645132334 165.502994793 158.28713289 151.142874268 144.201803655 137.578028217 131.365534132 125.636698906 120.441966297
115.810634162 111.752652744 108.261284203 105.316435779 102.888450466 100.942121735 99.4406933753 98.3496120309 97.6398180989 97.2903893367
