224.662189227 224.74602737 224.91243651 225.158897635 225.481670265 225.87583765 226.335366273 226.853179056 227.421241453 228.030659548
228.67178909 229.334354311 230.007575255 230.680302252 231.341156084 231.97867235 232.581448443 233.138291557 233.638366105 234.071338924
234.427520663 234.698001781 234.874781623 234.950889106 234.92049363 234.779004905 234.523160514 234.151100123 233.662425394 233.058244807
232.3412027 231.515492061 230.586850697 229.562540623 228.451310657 227.263342378 226.01017979 224.704643182 223.360727851 221.993488505
220.618910327 219.253767797 217.915472547 216.621911591 215.391277426 214.241891572 213.192023204 212.259704607 211.462545208 210.817546003
210.34091619 210.047893821 209.95257228 210.067734337 210.404695492 210.973158238 211.781078802 212.834547797 214.137686129 215.692557349
217.499097511 219.555063446 221.856000176 224.395228051 227.163849998 230.150779079 233.342786387 236.724569108 240.278838394 243.986426498
247.826412458 251.776265413 255.812004478 259.90837396 264.039032502 268.176754645 272.293643156 276.361350334 280.351306462 284.234953427
287.98398152 291.570567359 294.967610837 298.148969026 301.089684931 303.766209059 306.156611791 308.240784614 310.00062836 311.420226693
312.486003218 313.186860683 313.514300945 313.462524473 313.028508381 312.212062131 311.015860262 309.445451672 307.50924521 305.218471514
302.58712125 299.631860118 296.371921188 292.828975323 289.026980647 284.992012212 280.752073175 276.336888967 271.777686109 267.106957436
262.358215652 257.565737206 252.764298612 247.988907376 243.274529762 238.655817665 234.166836856 229.840798899 225.709798952 221.80456169
218.154197469 214.785970796 211.725083053 208.994471334 206.61462507 204.60342202 202.975985008 201.744560632 200.918420963 200.503789082
200.676416974 201.562522139 203.309348761 205.866873402 209.161898065 213.100191669 217.569242292 222.441536006 227.578262156 232.833332078
238.05758894 243.103080884 247.827268167 252.097037478 255.792403116 258.809784862 261.064766011 262.494251561 263.057965552 262.739247399
261.545129016 259.505697038 256.672766656 253.117914868 248.92994065 244.211836975 239.077374342 233.647406881 228.046020022 222.396642786
216.818247863 211.42175893 206.306777057 201.558727019 197.246510071 193.420732885 190.112563237 187.333242553 185.074263951 183.308202911
181.990166648 181.059808472 180.443835449 180.058922107 179.814930336 179.618326233 179.375678961 178.997124672 178.399680407 177.510298462
176.268560851 174.628925849 172.562453823 170.057957056 167.122537544 163.781497131 160.077625151 156.069889348 151.831575506 147.447939356
143.01345032 138.628719965 134.397218297 130.421887846 126.801768695 123.628747015 120.984535476 118.937986018 117.542824376 116.835881644
