325.259004281 324.666205076 323.382394435 321.226876687 317.966098681 313.353704028 307.176278469 299.299286767 289.707529941 278.534895521
266.079193651 252.79936953 239.294208707 226.263621605 214.455505587 204.602838483 197.356881365 193.223026264 192.505837353 195.269186113
201.316122494 210.191367031 221.207216433 233.4914265 246.053486926 257.863843905 267.939244672 275.426615543 279.677826431 280.308357622
277.234217468 270.683345981 261.180008249 249.503123965 236.621867344 223.613980422 211.573872112 201.518568978 194.299844032 190.530348226
222.918048353 222.80635594 222.583305879 222.249596195 221.806344163 221.255167802 220.598289951 219.838661153 218.980096806 218.027423373
216.986627947 215.86500507 214.671294492 213.415803506 212.110507586 210.769123364 209.407148386 208.04186272 206.692288216 205.379102091
204.124502515 202.952024945 201.886309115 200.952817787 200.177509596 199.586469532 199.205501772 199.059690737 199.172937221 199.567477432
200.263393521 201.278124829 202.625989567 204.317726884 206.360069369 208.75535594 211.50119469 214.590184753 218.009705521 221.741780588
225.763022711 230.044664811 234.552680623 239.247997093 244.086799009 249.020924697 253.998349896 258.963755274 263.859171346 268.624693011
273.199254414 277.521453485 281.530414322 285.166674542 288.373083944 291.095700218 293.284667111 294.895060333 295.887686689 296.229822312
295.895876565 294.8679691 293.136408721 290.700064078 287.566617801 283.752697416 279.283878298 274.194555893 268.527686567 262.334398502
255.67347627 248.610724742 241.218220085 233.573457478 225.758407024 217.858490892 209.961496214 202.156439378 194.532398387 187.177330542
180.17689318 173.613285247 167.564127335 162.101397305 157.290437873 153.189051489 149.846696531 147.303797334 145.591178793 144.729634388
