233.588678604 237.191207904 243.968331074 253.109547408 263.50790668 273.878084024 282.894345021 289.334258746 292.213362104 290.896812278
285.176306678 275.303982372 261.979291747 246.289564438 229.60964006 213.470126428 199.407086702 188.807958355 182.769051395 181.978999985
186.640136962 196.436152865 210.549937363 227.730614928 246.403955183 264.816035456 281.196683376 293.927163922 301.696007499 303.627867387
299.372758719 289.14673563 273.719655389 254.350717714 232.677468458 210.568436113 189.953092816 172.645055809 160.175152633 153.65009179
375.800761371 375.523336254 374.79866052 373.309947279 370.636656391 366.313267545 359.897075883 351.037384951 339.538185318 325.406952581
308.883526422 290.445014103 270.785100836 250.768801803 231.366288175 213.571697475 198.314561396 186.372469686 178.293726291 174.338016694
174.441552894 178.210936012 184.947285743 193.699288496 203.340993364 212.667713893 220.50151972 225.796715684 227.73552238 225.804920509
219.847240858 210.079426944 197.078751481 181.735863695 165.179089546 148.676611478 133.525259597 120.935948968 111.926170567 107.229346539
197.000625565 198.115633991 200.187143786 202.918263782 205.911701952 208.72132219 210.911416615 212.116884894 212.097287149 210.778267649
208.275085311 204.894813056 201.115998722 197.546989642 194.866464001 193.751741649 194.801950353 198.46393603 204.968830343 214.286406865
226.10282934 239.825259373 254.614245998 269.442109554 283.172921062 294.657424235 302.834577936 306.830486242 306.04543429 300.220581659
289.477517273 274.326207296 255.63966014 234.596633708 212.596639574 191.154081344 171.780354414 155.863940194 144.558830507 138.690982344
187.503564438 188.837455988 191.460665605 195.28575232 200.185749621 205.999006181 212.535326948 219.583163273 226.917558524 234.308525744
241.529517763 248.365648199 254.621334281 260.127058596 264.744985693 268.373219214 270.948543708 272.447560009 272.886191187 272.317604793
270.828663301 268.535075657 265.575475998 262.104698631 258.286549559 254.286392892 250.263874607 246.366096412 242.72152918 239.434919901
236.583399735 234.2139458 232.342288132 230.95328855 230.002752819 229.420574341 229.115049443 228.97815359 228.891526874 228.7328875
228.382575068 227.729921897 226.679160495 225.154598102 223.104823949 220.505759839 217.362417898 213.709288433 209.609343114 205.151701399
200.448068468 195.628108194 190.833962479 186.214166411 181.917235587 178.085216326 174.847490807 172.315117314 170.575961408 169.690837911
