328.127150888 327.25583676 325.52364119 322.951299936 319.569593713 315.418963781 310.549004619 305.017838234 298.891375894 292.24247436
285.149995017 277.69777569 269.973526286 262.067660822 254.072079745 246.078917735 238.179273369 230.46193811 223.012142861 215.91034105
209.231047461 203.041752144 197.401928365 192.362152908 187.963355921 184.236216043 181.200714621 178.865860559 177.229594696 176.278879596
175.989977391 176.328914841 177.252131094 178.70729996 180.634314769 182.966420307 185.631472875 188.553306403 191.653179766 194.851278136
198.068239396 201.226675459 204.252657723 207.077136043 209.637261362 211.877583659 213.751099035 215.220122601 216.256967237 216.844412255
216.975950398 216.655806367 215.898725052 214.729532764 213.182479929 211.30037865 209.133553375 206.738627263 204.17717078 201.514242419
198.816854086 196.152395666 193.587054383 191.184264929 189.003225748 187.097515509 185.513841616 184.290949611 183.458718709 183.03746442
157.102869139 157.607751311 158.614542048 160.116910429 162.104431189 164.561553461 167.466359828 170.789220963 174.491465963 178.524196524
182.82737369 187.329298999 191.946597391 196.584788035 201.139501963 205.498373437 209.543596762 213.155103413 216.214277793 218.608095367
220.233536226 221.002101907 220.844244962 219.713510522 217.590187676 214.484276348 210.437592498 205.524860408 199.853674828 193.56325649
186.82197049 179.823626427 172.782629919 165.928105108 159.497154747 153.727466481 148.849508931 145.078587559 142.607046681 141.596909424
142.173241363 144.418506056 148.368152012 154.007631816 161.271006447 170.041232985 180.152174003 191.392304236 203.51002701 216.220451959
229.213429145 242.162585072 254.735065383 266.601658826 277.446958795 286.979213068 294.939519839 301.110048307 305.320994552 307.456026781
