231.351028294 231.294461145 231.180492452 231.007475714 230.772996535 230.473938027 230.106566293 229.666634605 229.149504483 228.55028168
227.863964754 227.085603705 226.210465959 225.234206833 224.153041503 222.963915428 221.664670178 220.25420162 218.732607512 217.101321653
215.363231902 213.522779602 211.58603814 209.560768716 207.456451639 205.284291852 203.057197731 200.789732573 198.498038616 196.199733781
193.913781788 191.660336661 189.460563033 187.336434056 185.310509066 183.405693484 181.64498375 180.051200344 178.646712178 177.453155859
176.491153418 175.780032249 175.337551017 175.179635305 175.320126716 175.77054904 176.539894946 177.634436456 179.057562217 180.809644273
182.887936752 185.286508469 187.996211077 191.004683964 194.296396653 197.852728984 201.652088908 205.670067231 209.879628167 214.251334117
218.753602614 223.352992958 228.01451965 232.701989377 237.378357941 242.006103246 246.5476102 250.965563186 255.223341619 259.285413976
263.117725703 266.688076359 269.966481477 272.925514728 275.540626171 277.790432611 279.656976372 281.125949132 282.186877864 282.83327032
283.062717984 282.876954871 282.281871093 281.287480609 279.907843122 278.160940642 276.068509739 273.65583107 270.951478257 267.9870287
264.796739352 261.417190931 257.886904421 254.245934071 250.535441382 246.797254833 243.073420278 239.405747068 235.835355047 232.402227548
229.144775502 226.099417619 223.300181463 220.778330003 218.562017916 216.67598163 215.141266651 213.974995354 213.190177895 212.795568453
