286.423614388 286.267405802 285.95615869 285.492202916 284.879007738 284.121151415 283.224281119 282.195063509 281.041126414 279.770992155
278.394003112 276.920240201 275.360435012 273.725876387 272.028312293 270.279847878 268.492840611 266.679793483 264.853247199 263.025672354
261.209362552 259.416329431 257.658200532 255.946120927 254.290659487 252.701720627 251.188462296 249.759220961 248.421444227 247.181631695
246.045284561 245.016864398 244.099761472 243.296272834 242.607590386 242.033798981 241.573884546 241.22575214 240.98625373 240.851225417
240.815533739 240.87313059 241.017116248 241.23980988 241.532826872 241.887162255 242.293279426 242.741203344 243.220617324 243.720962531
244.231539244 244.741608949 245.240496321 245.71769016 246.162942333 246.566363837 246.918517084 247.21050358 247.434046201 247.581565304
247.646248018 247.622110063 247.504049578 247.287892455 246.970428813 246.549440289 246.023717923 245.393070506 244.658323349 243.82130751
242.884839618 241.852692515 240.729557019 239.5209952 238.233385635 236.873861185 235.450239897 233.97094972 232.444947741 230.881634741
229.290765878 227.682358363 226.066596999 224.453738494 222.854015443 221.277540906 219.734214466 218.233630665 216.784990675 215.397018028
214.077879204 212.835109805 211.675547009 210.605268926 209.629541417 208.752772855 207.978477244 207.309246028 206.746728822 206.291623248
205.943673931 205.701680646 205.563515527 205.526149137 205.585685137 205.737403199 205.975809732 206.294695925 206.687202519 207.145890689
207.66281833 208.229621003 208.837596766 209.477794048 210.141101726 210.818340529 211.500354885 212.178104322 212.842753548 213.485760328
214.098960327 214.674648087 215.205653376 215.685412149 216.108031469 216.468347741 216.761977707 216.985361716 217.135798845 217.211473547
291.225467545 289.313193893 285.904678657 281.758732751 277.842716421 275.159827515 274.5668482 276.612894027 281.426214999 288.668111842
297.561911274 306.992571623 315.660944118 322.267920842 325.699103154 325.180947901 320.384476911 311.461639734 299.010724593 283.978870968
267.519767193 250.831341998 235.000595088 220.880345728 209.016114884 199.6318228 192.672208245 187.889781054 184.956485571 183.576403855
