283.27455602 283.211509523 283.085472395 282.896556485 282.644929855 282.330817127 281.954499933 281.516317478 281.016667195 280.456005498
279.834848616 279.15377351 278.413418844 277.614486031 276.757740305 275.844011843 274.874196891 273.849258913 272.77022972 271.638210585
270.454373319 269.219961298 267.936290419 266.604749976 265.226803438 263.803989114 262.337920687 260.830287602 259.282855302 257.697465275
256.07603493 254.420557256 252.733100277 251.015806267 249.270890737 247.500641167 245.707415477 243.893640231 242.061808565 240.214477831
238.354266953 236.483853493 234.605970416 232.723402565 230.838982836 228.955588052 227.076134558 225.203573511 223.340885899 221.491077277
219.657172238 217.842208624 216.049231496 214.28128686 212.541415189 210.83264472 209.157984588 207.520417769 205.922893888 204.368321889
202.859562602 201.399421225 199.990639736 198.635889278 197.337762529 196.098766075 194.921312839 193.807714563 192.760174394 191.780779581
190.871494329 190.034152828 189.270452483 188.581947382 187.970042018 187.4359853 186.980864876 186.6056018 186.31094555 186.097469451
185.965566495 185.915445604 185.947128345 186.060446122 186.255037859 186.530348195 186.885626209 187.319924684 187.832099921 188.420812122
189.084526348 189.821514047 190.629855179 191.507440923 192.451976975 193.460987433 194.531819272 195.661647396 196.847480267 198.086166091
199.37439957 200.70872918 202.085564985 203.50118695 204.951753749 206.433312029 207.941806133 209.473088224 211.022928816 212.587027659
214.161024958 215.740512901 217.321047447 218.89816036 220.467371427 222.024200858 223.564181797 225.08287293 226.575871136 228.038824153
229.46744321 230.857515588 232.204917075 233.505624262 234.755726653 235.951438544 237.089110624 238.165241273 239.176487505 240.119675532
240.991810894 241.79008814 242.51190001 243.154846094 243.716740929 244.195621515 244.589754206 244.897640967 245.118024959 245.249895436
245.292491931 245.245307716 245.108092519 244.880854476 244.563861325 244.157640813 243.662980327 243.080925732 242.412779423 241.660097591
240.824686704 239.908599211 238.914128483 237.843802995 236.70037977 235.486837094 234.206366535 232.862364268 231.458421751 229.998315765
228.485997845 226.925583148 225.321338768 223.677671557 221.999115467 220.290318465 218.556029055 216.801082446 215.03038642 213.248906921
211.461653438 209.673664201 207.889991257 206.115685456 204.355781407 202.615282446 200.899145657 199.212267011 197.559466648 195.945474367
194.374915362 192.85229625 191.381991435 189.968229855 188.615082154 187.326448314 186.106045802 184.957398243 183.883824693 182.88842951
181.974092879 181.143462014 180.398943067 179.742693766 179.176616814 178.70235406 178.321281473 178.034504923 177.842856794 177.746893429
