315.662447172 314.827668085 313.170000455 310.713027702 307.491634318 303.551426912 298.947978437 293.745909058 288.017820036 281.843099558
275.306621722 268.497361702 261.506951563 254.428202154 247.353617019 240.373924292 233.576652093 227.044772036 220.855434085 215.078814238
209.777094319 205.003590675 200.802045755 197.206093495 194.238906201 191.91302727 190.230390661 189.182524614 188.750933788 188.907650742
189.615944701 190.831172721 192.501755955 194.570261505 196.974568673 199.649097008 202.526072697 205.536809347 208.612979232 211.687851508
214.697474818 217.581782982 220.285604224 222.759556402 224.960813131 226.853728316 228.410309474 229.610533261 230.442499741 230.902425079
230.994475488 230.730448334 230.129309153 229.216596126 228.023705938 226.587077176 224.947289207 223.148095945 221.235414995 219.256293265
217.257870401 215.286361169 213.386077279 211.598508148 209.961478641 208.508400101 207.267628907 206.261944418 205.508155635 205.016843153
204.792240128 204.83225309 205.128620516 205.66720425 206.428406139 207.387699684 208.516264208 209.781706981 211.148856979 212.580612595
214.038824554 215.485194669 216.882170849 218.193818918 219.386652419 220.430402501 221.298711357 221.969734333 222.426637823 222.657982298
201.877901055 202.859421906 204.798512792 207.647658254 211.336558297 215.773316549 220.846053952 226.424965019 232.364828385 238.507973028
244.687686215 250.732029463 256.46800573 261.725995988 266.344358085 270.174057264 273.083177795 274.961150864 275.722526708 275.310120341
273.697370908 270.889774925 266.925283267 261.873589549 255.834282288 248.933882588 241.321840871 233.165617438 224.645019668 215.946010517
207.254236156 198.748542834 190.594762601 182.940043495 175.907981682 169.594781463 164.066625123 159.358380312 155.473710605 152.386588063
150.044138562 148.370684785 147.272791693 146.645068208 146.376439616 146.356580024 146.482184623 146.66276814 146.825698579 146.920213013
