168.163872409 171.768512348 178.762095014 188.726580211 201.067430321 215.050280927 229.846081265 244.581821398 258.39363077 270.478916609
280.144315042 286.846541956 290.223728725 290.115472123 286.570570809 279.842209942 270.371136709 258.758091263 245.727374419 232.083909443
218.666465833 206.29984611 195.748793213 187.676168719 182.607603906 180.904367121 182.745657858 188.120967911 196.832579708 208.507734644
222.619527706 238.515189789 255.450119306 272.625826029 289.229851955 304.475730067 317.641122134 328.102428218 335.364369947 339.083303362
170.1059018 174.407788747 182.766329173 194.705227462 209.54462211 226.440265807 244.432053536 262.499010626 279.617476171 294.819039248
307.244816147 316.192894089 321.156195276 321.848607946 318.217951272 310.445143926 298.929782299 284.26315224 267.190447665 248.564604792
229.294643683 210.291710359 192.41611562 176.428565881 162.948484332 152.4218476 145.100344333 141.032937415 140.070126836 141.880415044
145.977720718 151.757817432 158.541332043 165.620456848 172.306332553 177.974056824 182.102464428 184.306196217 184.358100559 182.200657754
177.94584344 171.863604139 164.359858218 155.945611399 147.199344277 138.725254237 131.110188806 124.882176109 120.473336941 118.189660312
306.703138284 306.616262436 306.438110782 306.160286154 305.77113257 305.256684278 304.60165954 303.790315719 302.806991041 301.636193988
300.26216032 298.667874257 296.833635769 294.735340323 292.342710294 289.617768849 286.513869459 282.975582111 278.93968898 274.337459742
269.098265726 263.15446168 256.447325896 248.933716851 240.59299097 231.43364388 221.499096867 210.872057717 199.676943415 188.079959201
176.286577608 164.536341782 153.095115439 142.245101364 132.273134527 123.457908733 116.056903543 110.293830669 106.34741051 104.342219232
