231.889243474 232.011131859 232.250059845 232.596516771 233.036698115 233.553043188 234.124925773 234.729476108 235.342508362 235.939524254
236.496760711 236.992247715 237.406841598 237.72519922 237.93665958 238.03600153 238.024049288 237.908101309 237.702162718 237.426966754
237.109776452 236.783963875 236.488370542 236.266458998 236.16527166 236.234218951 236.523724117 237.083756906 237.962292315 239.203733739
240.847342048 242.925713234 245.463347341 248.475350288 251.966308068 255.92936956 260.345569958 265.183421721 270.398793968 275.935094714
281.723763194 287.685072131 293.729232197 299.757783361 305.665250456 311.341033359 316.671495764 321.542210931 325.840317971 329.456938508
332.289600933 334.244617992 335.239363288 335.204393352 334.085364265 331.844695397 328.462937545 323.939808509 318.294865916 311.567794533
303.818293524 295.125557621 285.587355033 275.318713805 264.450237021 253.126075648 241.501595603 229.740782705 218.013435363 206.492199934
195.349507674 184.754474849 174.869828924 165.848923684 157.832904741 150.94808406 145.303578075 140.989258646 138.074059715 136.604675155
300.706276391 300.65108319 300.540278513 300.373031313 300.148108733 299.863892427 299.518400102 299.109312089 298.634002711 298.089576171
297.472906656 296.780682289 296.009452544 295.155678713 294.215786965 293.186223528 292.063511494 290.844308735 289.525466405 288.104087488
286.577584845 284.943738228 283.200749711 281.347297012 279.382584179 277.306389147 275.119107666 272.821793164 270.416192083 267.90477432
265.290758382 262.578130944 259.771660522 256.876905011 253.900212904 250.848718027 247.730327716 244.553704353 241.328240302 238.064026262
234.771813176 231.462967826 228.149422348 224.843617903 221.558442822 218.307165582 215.103363001 211.960844089 208.893570051 205.915570935
203.040859478 200.28334273 197.656732053 195.174452101 192.849549443 190.694601451 188.721626122 186.941993486 185.366339257 184.004481372
182.865340055 181.956862025 181.28594945 180.858394209 180.67881802 180.750618929 181.07592464 181.655553113 182.488980807 183.574318917
184.908297877 186.486260376 188.302163035 190.348586903 192.616756795 195.09656949 197.776630733 200.6443009 203.685749177 206.886015977
210.229083325 213.697952845 217.274730939 220.940720697 224.67652003 228.462125465 232.277040997 236.100391364 239.911039069 243.68770443
247.409087942 251.053994177 254.601456461 258.030861541 261.322073444 264.455555746 267.412491447 270.174899685 272.725748517 275.049063016
277.130027974 278.955084503 280.51201989 281.790050072 282.779894174 283.473840558 283.865803923 283.951373023 283.72784864 283.194271506
282.35143993 281.201916946 279.750026881 278.001841286 275.965154256 273.649447228 271.065843416 268.227052099 265.147303072 261.842271582
258.328994194 254.625776049 250.752090045 246.728468534 242.576388162 238.318148539 233.976745464 229.575739457 225.139120399 220.691169098
216.256316618 211.859002238 207.523530904 203.273931054 199.133813693 195.126233578 191.273553392 187.59731172 184.118095681 180.855418979
177.827606145 175.051683702 172.543278905 170.316526722 168.38398561 166.756562634 165.443448378 164.452062083 163.788007321 163.455038519
