238.196570401 238.079165209 237.828574566 237.417575289 236.815561852 235.999173475 234.963923694 233.735045658 232.375757779 230.991366044
229.728033368 228.765622475 228.3046978 228.548482166 229.681228334 231.84500945 235.117291812 239.491781367 244.864907681 251.029927003
257.680016848 264.420949546 270.793042205 276.301169108 280.450778241 282.787161216 282.934757986 280.633087705 275.76601301 268.381466661
258.699467874 247.107174872 234.140782486 220.455186237 206.783397947 193.888615919 182.512540142 173.323914647 166.871335862 163.544078236
212.874198694 212.013341222 210.338518587 207.943254619 204.966913603 201.592884027 198.045099582 194.582228678 191.488958918 189.064023665
187.604946813 187.389887074 188.657400773 191.585361319 196.270621241 202.71123032 210.793091511 220.282820465 230.828267315 241.967673765
253.147806188 263.75067538 273.127687809 280.639341153 285.697949152 287.810422085 286.617892094 281.928991753 273.743882808 262.266678849
247.904676337 231.253746834 213.07027666 194.231084753 175.683717948 158.390332053 143.268945399 131.136145704 122.655310878 118.294066117
191.474337559 190.965442213 190.167337459 189.482851637 189.430374536 190.55540864 193.334533933 198.086164221 204.901408129 213.605312534
223.754254297 234.669971157 245.505501362 255.333921119 263.247863336 268.456753281 270.369585722 268.653665439 263.263551426 254.43882748
242.673555686 228.663707154 213.241028371 197.302456191 181.743374325 167.400994595 155.011420111 145.181071862 138.370688636 134.888481158
189.871516916 190.163078812 190.742517172 191.602504492 192.73215743 194.117164921 195.739956732 197.579910517 199.61359504 201.815046776
204.156076754 206.606604127 209.13501269 211.708526246 214.293598565 216.856313441 219.362790304 221.779590704 224.07412102 226.215026764
228.172573913 229.919012891 231.428920959 232.679519047 233.650959312 234.326580052 234.693124957 234.74092406 234.464034218 233.860337343
232.931595139 231.683459529 230.125438505 228.270817592 226.136537633 223.743030112 221.114011679 218.276240023 215.259233684 212.094958787
208.817486083 205.462622004 202.067517764 198.670260769 195.309452835 192.023779877 188.8515778 185.830399455 182.996587457 180.384857656
178.027897945 175.95598692 174.196636723 172.774264136 171.709893697 171.020896282 170.720766194 170.818939417 171.320655222 172.226862869
173.534174634 175.234865912 177.316922608 179.764135537 182.55624102 185.669106352 189.07495835 192.742652679 196.637981223 200.724014337
204.961474422 209.309136925 213.724254539 218.163000118 222.580923607 226.933418126 231.176190207 235.265729152 239.159770459 242.817748305
246.201232201 249.27434306 252.004144148 254.361002645 256.318917834 257.855812297 258.953782881 259.599308611 259.783413205 259.501780301
258.754820029 257.547686062 255.890242827 253.796983078 251.286896562 248.383291046 245.113567472 241.508951516 237.604184275 233.437175273
229.048621364 224.481595497 219.781109613 214.993656261 210.166733715 205.348359588 200.58657805 195.928965838 191.422142266 187.111288408
183.039680522 179.248242661 175.775123189 172.655299694 169.920216481 167.597458479 165.710465024 164.278286556 163.315386796 162.831492524
