290.648904012 290.498303669 290.197472087 289.74714748 289.148437161 288.402817503 287.512133822 286.47860015 285.304798816 283.993679793
282.548559706 280.973120435 279.271407203 277.44782606 275.507140656 273.454468183 271.2952744 269.035367605 266.680891464 264.238316579
261.714430703 259.116327497 256.451393751 253.727294972 250.951959297 248.133559649 245.280494099 242.40136442 239.504952786 236.600196656
233.696161826 230.802013711 227.926986897 225.080353042 222.271387214 219.509332781 216.803364972 214.162553269 211.595822774 209.111914761
206.719346575 204.426371115 202.240936116 200.170643467 198.222708811 196.403921691 194.720606491 193.178584461 191.783137076 190.53897102
189.450185058 188.520239067 187.751925489 187.147343466 186.707875898 186.434169658 186.326119198 186.382853724 186.602728152 186.983317996
187.521418332 188.21304697 189.053451914 190.037123185 191.157809058 192.408536705 193.781637253 195.268775184 196.860982027 198.548694213
200.321794968 202.169660079 204.081207327 206.044949371 208.049049826 210.081382263 212.129591816 214.181159085 216.223465973 218.243863103
220.229738415 222.168586566 224.048078704 225.856132202 227.580979927 229.211238616 230.735975915 232.144775668 233.427801018 234.575854911
235.580437588 236.433800691 237.128997581 237.659929539 238.021387496 238.209088993 238.219710089 238.050911956 237.701361951 237.170748966
236.459792905 235.570248185 234.50490115 233.267561392 231.863046946 230.297163419 228.576677112 226.709282259 224.703562534 222.568947021
220.315660873 217.954670926 215.497626567 212.956796198 210.344999635 207.675536863 204.962113543 202.218763719 199.459770187 196.699583005
193.952736635 191.233766222 188.557123527 185.937093026 183.387708699 180.922672021 178.555271667 176.298305436 174.16400488 172.163963115
170.309066264 168.609428966 167.074334371 165.712178977 164.530422685 163.535544372 162.733003271 162.127206406 161.721482286 161.518061026
