159.163437737 160.449796682 162.994454705 166.74196107 171.610795802 177.495311546 184.268248098 191.783758043 199.88086939 208.387300477
217.123533796 225.907049103 234.556612371 242.896515839 250.760665708 257.996417892 264.46806852 270.059914477 274.678809961 278.256157524
280.749286079 282.142183541 282.445567737 281.696295585 279.956126918 277.309875264 273.862993067 269.738652775 265.074397691 260.018447097
254.725748675 249.353877468 244.05888442 238.991198679 234.291686559 230.087966058 226.491069531 223.59253838 221.462022956 220.145448217
219.663791682 220.012504964 221.161594129 223.056357756 225.618765164 228.749441303 232.330209655 236.22713052 240.293959659 244.375941639
248.313843777 251.948130418 255.123173563 257.691394778 259.517234728 260.48085076 260.481449405 259.440169485 257.302442383 254.039768756
249.650865174 244.162149567 237.627550545 230.127642187 221.768122482 212.677669713 203.005226367 192.916774302 182.591677431 172.218678918
161.99164849 152.105181711 142.750156877 134.109356388 126.35325805 119.636097794 114.092298817 109.833353413 106.945232815 105.486387702
220.074320758 215.551656693 207.51319671 197.847770155 189.061364665 183.862341179 184.62053495 192.779597312 208.356405882 229.686140823
253.544528944 275.695399625 291.790361928 298.425069922 294.076810049 279.645349648 258.404259221 235.324790306 215.914796066 204.865036448
278.791617285 278.79242935 278.774987389 278.701990726 278.519537294 278.159499928 277.54256034 276.581791407 275.186658224 273.267292502
270.738884003 267.526027153 263.566860901 258.816845417 253.252030109 246.871683397 239.700175145 231.788027074 223.21207386 214.07470735
204.502207131 194.642191796 184.660255457 174.735882479 165.057759004 155.818621788 147.209802456 139.415637778 132.607923688 126.940592071
122.544784908 119.524490096 117.952887679 117.869534568 119.278490868 122.14746242 126.408002919 131.956786086 138.657924805 146.346280964
154.831678135 163.903899994 173.33833174 182.902080294 192.360392666 201.483180999 210.051457837 217.863486371 224.740457672 230.531520173
235.118005403 238.416717695 240.382183594 241.007788064 240.325758395 238.405991885 235.353758866 231.30634723 226.428747352 220.908506082
214.949904355 208.767634146 202.580166325 196.603010872 191.042074637 186.087319216 181.906912621 178.642053573 176.402626775 175.263822241
161.061135532 164.402778413 170.895958 180.171605575 191.703303769 204.838065376 218.834420013 232.90551386 246.264630898 258.170406105
267.969030217 275.130939694 279.27983217 280.212325087 277.907153641 272.52344756 264.388294711 253.974451654 241.869656851 228.739504634
215.286216611 202.205878996 190.14678575 179.671434788 171.22447442 165.108506094 161.469142526 160.290129685 161.398704361 164.480716122
169.104433897 174.751421097 180.852432491 186.825987534 192.117126607 196.233867269 198.779045625 199.475541941 198.183328991 194.90731793
189.79557518 183.128106637 175.297012543 166.779369189 158.10465687 149.818898169 142.447874729 136.461841682 132.244053838 130.065163547
