249.216832935 249.467035446 249.96431843 250.702473059 251.672273823 252.861582722 254.255486378 255.836464556 257.584588219 259.477744922
261.491889038 263.601314058 265.778943908 267.996640087 270.225521188 272.436291258 274.599573358 276.686244594 278.667768911 280.516523932
282.206118202 283.711695309 285.010221466 286.080753365 286.904683287 287.465958717 287.751274009 287.750231923 287.455473208 286.862772753
285.971101185 284.782651192 283.302828219 281.540205588 279.506444487 277.216179658 274.686871983 271.938629553 268.993999142 265.877730329
262.616514835 259.238703893 255.774006738 252.253173496 248.707665926 245.169319638 241.67000145 238.241265667 234.91401303 231.718156093
228.682294695 225.833405108 223.196546277 220.794586397 218.647952843 216.774408238 215.188855114 213.903171374 212.926078368 212.263043085
211.916215557 211.88440222 212.163075558 212.744419963 213.617413373 214.767943817 216.178959652 217.830651886 219.700666636 221.764345434
223.9949908 226.364154208 228.841943332 231.397345248 233.998562093 236.613355515 239.209396213 241.754614728 244.217549693 246.567689744
248.77580537 250.814267078 252.657346414 254.281496545 255.665609336 256.791246124 257.642839644 258.207864913 258.476977179 258.44411543
258.106570308 257.465015677 256.523503488 255.289421959 253.773417536 251.989281439 249.953802028 247.686584573 245.209840376 242.548147518
239.728185825 236.778448934 233.728936554 230.610830291 227.456156523 224.297440017 221.167352015 218.098356637 215.122359431 212.27036189
209.572125688 207.055850289 204.747867431 202.67235581 200.851079055 199.30314986 198.044822822 197.089318254 196.446678867 196.123660906
177.426966706 179.396758337 183.2577354 188.856097575 195.969524054 204.316814246 213.570070219 223.368883304 233.335898891 243.093072537
252.277900026 260.558905097 267.649701359 273.321007849 277.410088146 279.827196825 280.558749472 279.667077506 277.286780407 273.617838904
268.915796603 263.47944806 257.636582669 251.728421046 246.093439842 241.05130965 236.887667336 233.840409032 232.088124477 231.741200352
232.836003623 235.332420918 239.114882305 243.996844183 249.72855289 256.007764895 262.492967444 268.818531076 274.611137539 279.50676713
283.16750115 285.297399197 285.656747453 284.074041314 280.455160928 274.789317313 267.151484571 257.701184449 246.677646454 234.39152327
221.213490389 207.560194359 193.878129748 180.626116039 168.257107952 157.200103652 147.842913346 140.516516092 135.481666656 132.918319703
