188.249483294 189.210025785 191.095896265 193.83805728 197.336374846 201.463568805 206.070226474 210.990676014 216.049481444 221.068296675
225.872802273 230.299446448 234.2017211 237.455724097 239.964789574 241.663007427 242.517499798 242.529374107 241.733326926 240.195928406
238.012670674 235.303913464 232.209904005 228.88508426 225.491925325 222.194545264 219.152372165 216.514108676 214.41223799 212.95828508
212.239012056 212.31368447 213.212498108 214.9362053 217.45692838 220.720097721 224.647405064 229.140621507 234.086095391 239.359719706
244.832142635 250.373989073 255.860865441 261.177934666 266.22387198 270.91404407 275.182792599 278.984746394 282.295132642 285.109104263
287.440145951 289.317663304 290.783896007 291.890325663 292.693770206 293.252368998 293.62166523 293.850984974 293.980295659 294.037701583
389.150999501 386.449458565 381.103956308 373.228346915 362.990179675 350.606905667 336.340959586 320.493832057 303.399271313 285.415773393
266.918536408 248.291066693 229.916632392 212.169763124 195.407992722 179.964035723 166.138577419 154.193842181 144.348085777 136.77113499
131.581072576 128.842138048 128.563885669 130.70161103 135.158027414 141.786143576 150.393266269 160.746024493 172.576288695 185.587837589
199.463608279 213.873352503 228.481513245 242.955131928 256.971596982 270.22604977 282.438273405 293.358903817 302.774820005 310.513591415
316.446884229 320.492754469 322.616783508 322.832040275 321.197883252 317.817643773 312.835259286 306.430950615 298.816060065 290.227187123
280.919774812 271.161312224 261.22432707 251.379345959 241.887999628 232.99644539 224.929269856 217.884021751 212.026507738 207.486963983
204.357193334 202.68873292 202.492090459 203.737060167 206.354101598 210.236737783 215.244903215 221.2091483 227.935585458 235.211443523
242.811082095 250.502306272 258.052815051 265.236613856 271.840223092 277.6685204 282.550064155 286.341759529 288.932745702 290.247403193
