262.064272279 261.70151995 260.97958504 259.905566908 258.490014758 256.746809245 254.693006956 252.34864972 249.736541141 246.881993173
243.812545886 240.557663943 237.148413551 233.617123886 229.99703717 226.321951677 222.625862028 218.942601116 215.305487941 211.746985546
208.298373043 204.989435535 201.848175431 198.900548366 196.170226582 193.678392222 191.443562592 189.481448993 187.804850284 186.423581847
185.344440199 184.571202976 184.104663616 183.942699575 184.080372544 184.510058705 185.221606731 186.202520906 187.438166474 188.911994077
190.60577998 192.499878617 194.573483941 196.804895988 199.171789126 201.651478484 204.221181207 206.858269306 209.540511118 212.246298586
214.95485788 217.646441157 220.302497608 222.905822275 225.440681479 227.892914085 230.250008186 232.501153147 234.637267346 236.651002243
238.536723762 240.29047227 241.909902691 243.394206557 244.744017971 245.961305667 247.049253425 248.01213125 248.855159713 249.584369892
250.206461314 250.728660215 251.158580336 251.504088332 251.773175685 251.973838848 252.113969067 252.201253159 252.243086201 252.246496879
252.218085933 252.163977906 252.089786102 252.000590453 251.90092771 251.794793188 251.685653078 251.576466169 251.469713697 251.367435875
251.271273642 251.182514051 251.102137745 251.03086697 250.96921261 250.917518832 250.876004011 250.844796763 250.823966055 250.813544554
197.976798442 196.629052821 194.161022008 191.003253558 187.743043893 185.060717162 183.654830766 184.163729912 187.091263328 192.744100857
201.186996945 212.220628623 225.384468807 239.984746243 255.145125802 269.875551472 283.152941448 294.006279365 301.598218017 305.295641934
304.722689436 299.79140933 290.707358557 277.949826919 262.228772204 244.422731319 225.503729716 206.456374172 188.19877298 171.51264212
156.988958351 144.993912122 135.657856053 128.887643197 124.400431149 121.774922258 120.514323413 120.114206385 120.128038038 120.223467174
