338.975358703 338.71268497 338.18863738 337.405813119 336.368101458 335.080675624 333.549981471 331.783722526 329.790840926 327.581493675
325.167023624 322.559924526 319.773799513 316.823312355 313.724130876 310.492861978 307.146977772 303.704732437 300.185069507 296.607519462
292.99208761 289.359132439 285.729234769 282.123058237 278.561201823 275.064045331 271.651588899 268.34328783 265.157884178 262.113236715
259.226151009 256.512211512 253.985617633 251.659025842 249.543399923 247.647871499 245.979612925 244.543724635 243.343138912 242.378541954
241.64831598 241.148502895 240.872790891 240.812525054 240.956742848 241.292235019 241.803632181 242.473517015 243.282561703 244.20968985
245.232261848 246.326282268 247.466627572 248.627292098 249.781649988 250.902730469 251.963503629 252.937173637 253.797476173 254.518976686
255.077366019 255.449749861 255.614928509 255.553663427 255.248927199 254.686133591 253.853344624 252.741451766 251.344328633 249.658952879
247.685495287 245.427374473 242.891275959 240.08713485 237.028081736 233.730351916 230.213158483 226.498530257 222.611116006 218.57795682
214.428228926 210.1929596 205.90471922 201.597292802 197.305334662 193.064010081 188.90862804 184.87426925 180.995413768 177.305572561
173.836927317 170.619982778 167.683235702 165.052864406 162.752442597 160.802680915 159.221199318 158.02233303 157.216974403 156.812452606
338.468151538 338.02542535 337.120151388 335.714109159 333.753452069 331.172688684 327.899668242 323.861313264 318.989801251 313.228870601
306.539914416 298.907530342 290.344214992 280.893926895 270.634290901 259.677277286 248.168257873 236.283416186 224.225565571 212.218504963
200.500113038 189.314444532 178.903144731 169.496536893 161.304760898 154.509348385 149.255609577 145.646180167 143.736033938 143.529210036
144.977435245 147.98074412 152.390116716 158.012068508 164.615043472 171.937383021 179.696573868 187.599420039 195.352740848 202.674169605
209.302618482 215.007983924 219.599693917 222.933742466 224.917915866 225.514987557 224.743740388 222.677763699 219.442063982 215.207618157
210.184083956 204.61095878 198.747543574 192.862118802 187.220773413 182.076343272 177.657912153 174.161306151 171.740972188 170.503574786
189.575938825 193.574834883 194.37138038 189.541350222 188.316856697 202.669625653 233.129230731 267.136377464 291.40729334 302.2327449
224.709512159 223.412708899 220.594517756 215.884123029 208.903810484 199.437908332 187.592106545 173.903828063 159.372181311 145.390532054
133.583326179 125.568086148 122.679888941 125.705941275 134.679942067 148.779029287 166.351102871 185.079523688 202.269034041 215.215172298
221.603252821 219.87512622 209.504050905 191.13006728 166.528559993 138.410087263 110.075996425 84.9775280729 66.2422008064 56.2375419153
