238.796377476 238.997130463 239.396286641 239.989167939 240.768810868 241.726030355 242.849503997 244.12587603 245.539880117 247.074479901
248.711026145 250.42942908 252.208344525 254.025372145 255.857264187 257.680142868 259.469724571 261.2015489 262.851210639 264.394592592
265.808097299 267.068875619 268.155050176 269.045931735 269.722226599 270.166233204 270.362026168 270.295626164 269.955154077 269.330968058
268.415782208 267.204765788 265.695622004 263.888645579 261.786758511 259.395523596 256.723135452 253.780389011 250.580625596 247.139656908
243.475667419 239.609095866 235.562496702 231.360382524 227.029048695 222.596381477 218.09165118 213.545291935 208.98866983 204.453841235
199.973303253 195.579738293 191.305754811 187.183626328 183.245030833 179.520792708 176.040629272 172.832904055 169.924388819 167.340036315
165.102765683 163.233262288 161.749793701 160.668043393 160.000963584 159.758648537 159.948229425 160.573791738 161.636316018 163.133642511
165.060460165 167.408320182 170.165674155 173.317936605 176.847571568 180.734202658 184.95474585 189.483564072 194.292642461 199.351783033
204.628817314 210.089835335 215.699429295 221.420950025 227.216774304 233.048580992 238.877633847 244.665068852 250.372183818 255.960728026
261.393189638 266.63307864 271.645203091 276.395936511 280.853474296 284.988077127 288.77229945 292.181201197 295.192541054 297.786949727
299.948081798 301.662744939 302.921005409 303.716268978 304.045336549 303.908434028 303.309216107 302.2547439 300.755436528 298.824996969
296.480312707 293.741331869 290.630915786 287.174669051 283.400748352 279.339651517 275.023988366 270.488235108 265.76847415 260.902121307
255.927642496 250.884262083 245.811665125 240.749695798 235.738054316 230.815994699 226.022025696 221.393617191 216.96691435 212.776461714
208.854939381 205.232913318 201.938601725 198.997659271 196.432980869 194.264526519 192.509168557 191.180562517 190.289042597 189.84154254
298.101386908 296.679843321 293.889981803 289.836076746 284.669188931 278.580996838 271.795980646 264.562286827 257.141656159 249.798836534
242.790922613 236.357066178 230.70898405 226.022655345 222.431548204 220.021650224 218.828499461 218.836327403 219.97933551 222.14503648
225.1795044 228.894297919 233.074751107 237.489270567 241.89923708 246.069087194 249.776145708 252.819793958 255.029590598 256.272009638
256.455522761 255.533826596 253.507097385 250.421241853 246.365200167 241.466440963 235.88486582 229.805407918 223.429664086 216.96693867
210.625099976 204.601654629 199.075431867 194.199239265 190.093805083 186.843262458 184.492359721 183.045502473 182.467650078 182.687005764
183.599359219 185.073866919 186.959991833 189.095273255 191.313561667 193.453334246 195.365704669 196.92175643 198.018861064 198.585690095
