208.504004312 207.982452647 206.938463855 205.375891487 203.313671613 200.799183839 197.922338993 194.827795122 191.722721771 188.877884848
186.620481625 185.318053568 185.353851317 187.095109432 190.856688997 196.863348825 205.214412837 215.854741481 228.555653951 242.908790584
258.334897249 274.108239143 289.395923777 303.309964969 314.968591501 323.562229176 328.418876818 329.063337556 325.264998518 317.069571831
304.811368451 289.104182735 270.810593856 250.991290989 230.837743496 211.593010659 194.466582579 180.54976114 170.738165772 165.667469203
188.908400909 188.948180692 189.028085745 189.148799065 189.311325335 189.516967471 189.767295914 190.0641111 190.409399701 190.805285271
191.253974054 191.75769678 192.318647318 192.938919145 193.620440597 194.364909909 195.173731063 196.047951464 196.988202429 197.994643477
199.066911332 200.204074519 201.404594346 202.666292994 203.986329358 205.361183143 206.786647665 208.257831652 209.769170225 211.31444515
212.886814276 214.478849992 216.082586392 217.689574726 219.290946582 220.877484168 222.439696929 223.967903655 225.452319169 226.883144578
228.250660059 229.54531906 230.757842802 231.879313946 232.901268258 233.815783167 234.615562093 235.294013508 235.845323701 236.264522341
236.547539962 236.691256634 236.693541152 236.55328021 236.270397126 235.845859843 235.281678015 234.580889171 233.747534032 232.786621239
231.704081835 230.50671401 229.202118708 227.798626827 226.305218841 224.731437762 223.087296463 221.383180421 219.629747032 217.83782266
216.018298647 214.182027476 212.339720328 210.501847223 208.678540907 206.879505617 205.113931774 203.390417586 201.71689847 200.100585071
198.547910588 197.064487969 195.655077417 194.323564539 193.072949307 191.90534589 190.821993257 189.823276334 188.908757346 188.077216875
187.326704006 186.654594854 186.05765864 185.532130395 185.073789293 184.678041542 184.3400067 184.05460626 183.8166533 183.620942005
183.462335852 183.335853295 183.236749791 183.160595093 183.103344768 183.061405007 183.031689853 183.011670099 182.999413204 182.993613703
