298.10227113 297.766105405 297.095792163 296.095355439 294.770800418 293.130076605 291.183029068 288.941338066 286.418447414 283.629482044
280.591155259 277.32166625 273.840588509 270.168749829 266.328104617 262.341599313 258.233031749 254.02690529 249.748278687 245.422612532
241.075613279 236.733075792 232.420725367 228.164060222 223.988195412 219.917709132 215.976492342 212.187602655 208.573123374 205.154028549
201.950054874 198.979581223 196.259516559 193.805196903 191.63029199 189.746722198 188.16458625 186.892100128 185.935547585 185.299242542
184.98550362 184.994640935 185.32495526 185.972749541 186.9323527 188.196155571 189.754658763 191.596532123 193.708685459 196.076350071
198.683170591 201.511306565 204.54154314 207.753410194 211.125309154 214.634646727 218.257974722 221.9711351 225.749409355 229.567671306
233.400542364 237.22254831 241.008276627 244.732533404 248.370498864 251.897880542 255.29106318 258.527254414 261.584625357 264.442445209
267.081209079 269.482758216 271.630391921 273.508970458 275.105008311 276.406757242 277.404278619 278.08950458 278.456287661 278.500438581
278.219751954 277.614019771 276.68503258 275.436568351 273.874369101 272.006105422 269.841329145 267.391414424 264.669487604 261.690346318
258.470368312 255.027410557 251.380699271 247.550711546 243.559049298 239.428306316 235.181929254 230.844073393 226.439454095 221.993194842
217.530672814 213.077362948 208.658681451 204.299829725 200.025639665 195.860421296 191.827813673 187.950639975 184.250767682 180.748974694
177.464822219 174.416535222 171.620891148 169.093117627 166.846799784 164.893797713 163.244174634 161.906136173 160.885981131 160.188064046
159.814769781 159.766500282 160.041673597 160.636735152 161.546181205 162.762594349 164.276690822 166.077379342 168.151831095 170.485560439
173.062515833 175.865180413 178.874681602 182.070909069 185.432640306 188.937673052 192.562963728 196.284771049 200.078803898 203.92037257
207.78454243 211.646289051 215.48065386 219.262899334 222.968662787 226.574107792 230.056072303 233.392212571 236.561141938 239.542563688
242.317397093 244.867895905 247.177758553 249.23222935 251.018190105 252.52424156 253.74077415 254.660027655 255.276139368 255.585180483
337.843902944 337.874526788 337.809307355 337.40895149 336.347324046 334.247301202 330.72307725 325.424889044 318.081882257 308.53900545
296.784365238 282.964355817 267.385004645 250.499245772 232.881123214 215.18911722 198.121765449 182.369428448 168.566363802 157.247199881
148.811449727 143.498925438 141.377881627 142.346534553 146.14738584 152.392642869 160.598079106 170.222004332 180.705676461 191.511509428
202.155805693 212.233423299 221.432702199 229.540026968 236.434484753 242.074078635 246.47577719 249.692240128 251.788303915 252.820219417
