352.871872026 352.617921082 352.110857371 351.352353852 350.344911505 349.091849219 347.597290388 345.866146258 343.904096117 341.717564412
339.313694884 336.700321858 333.885938795 330.879664261 327.691205463 324.330819504 320.809272543 317.137797035 313.328047243 309.392053209
305.342173404 301.191046256 296.951540761 292.636706411 288.259722643 283.833848037 279.372369477 274.888551498 270.395586037 265.906542798
261.434320452 256.991598865 252.590792561 248.244005619 243.962988184 239.759094767 235.643244511 231.625883581 227.716949823 223.925839826
220.261378529 216.73179147 213.34467978 210.106998024 207.025034945 204.104397187 201.349996035 198.766037205 196.356013715 194.122701826
192.068160052 190.193731221 188.50004754 186.987038626 185.653942433 184.499319 183.52106694 182.716442559 182.082081511 181.614022857
181.307735394 181.158146133 181.159670763 181.30624594 181.591363264 182.008104749 182.549179622 183.206962283 183.973531222 184.840708733
185.800101221 186.843139919 187.961121838 189.145250747 190.38667801 191.67654309 193.00601355 194.366324364 195.748816379 197.144973756
198.546460227 199.945154035 201.333181385 202.702948301 204.047170728 205.358902793 206.631563089 207.858958908 209.035308304 210.155259943
211.213910647 212.206820582 213.130026054 213.98004987 214.753909249 215.44912126 216.063705807 216.596186152 217.045587022 217.411430303
217.6937284 217.892975291 218.010135347 218.046630007 218.004322363 217.885499775 217.692854597 217.429463137 217.098762947 216.704528594
216.250846004 215.74208555 215.182873992 214.57806543 213.932711406 213.252030312 212.541376252 211.806207505 211.052054756 210.284489232
209.509090915 208.731416966 207.956970524 207.191170021 206.439319164 205.706577711 204.997933201 204.318173749 203.671862041 203.063310653
202.496558803 201.975350644 201.503115205 201.082948056 200.717594805 200.409436477 200.160476865 199.972331894 199.846221055 199.782960944
