247.930966302 248.166806562 248.636562784 249.33639875 250.260591028 251.401565874 252.749948165 254.294622118 256.022803502 257.920122993
259.970720243 262.157348215 264.461487224 266.863468129 269.342603998 271.877329571 274.445347754 277.023782344 279.589336113 282.118453372
284.587486034 286.972862208 289.251256287 291.399759462 293.396049577 295.218559223 296.84664091 298.260728221 299.442491759 300.374988792
301.042805435 301.432190281 301.531178401 301.329704671 300.819705431 299.995207542 298.852403966 297.389715062 295.607834892 293.509761892
291.100813391 288.388623548 285.383124387 282.096509745 278.543182068 274.739682091 270.70460162 266.458479723 262.023682799 257.424269118
252.685838576 247.835368515 242.90103662 237.912032002 232.898355717 227.890612066 222.919792129 218.017051089 213.213480966 208.539880467
204.026523713 199.702929628 195.597633846 191.737964955 188.149826939 184.857489626 181.883388952 179.247938757 176.969355817 175.063499667
173.543728738 172.420774176 171.702632594 171.39447887 171.498599968 172.014350549 172.938131027 174.263388498 175.980640796 178.07752375
180.538861506 183.346759573 186.480720087 189.917778553 193.632661166 197.597961607 201.784336039 206.160714874 210.694529696 215.351953607
220.098153127 224.897549654 229.714088414 234.511512714 239.253641309 243.90464658 248.429331271 252.793401465 256.963733557 260.908632977
264.598082503 268.003978065 271.10035006 273.863568295 276.272528822 278.308821066 279.956873837 281.204078963 282.040891494 282.460905612
