326.085960388 325.306195056 323.755291377 321.450403157 318.417011905 314.688631154 310.306417793 305.31869509 299.780393145 293.752413505
287.300925586 280.496603344 273.413811349 266.129750021 258.723570241 251.275467909 243.865769234 236.57401762 229.47807298 222.653234097
216.171394364 210.100240786 204.502505575 199.435278978 194.949391227 191.088870613 187.89048374 185.383362984 183.588725103 182.519683826
182.181158068 182.569876275 183.674476209 185.475698335 187.946669826 191.05327515 194.754608116 199.003499348 203.747112235 208.927599637
214.482812915 220.347054297 226.451863109 232.726826057 239.10040154 245.500747858 251.856545255 258.097801849 264.15663383 269.968010687
275.470456761 280.606701029 285.324267768 289.576001543 293.320520856 296.522595758 299.153445708 301.190955036 302.619804425 303.431517901
303.624425917 303.203546177 302.180384871 300.572661988 298.403965322 295.703338618 292.504810141 288.846868609 284.771894054 280.325551683
275.556157167 270.514022098 265.250788493 259.818761247 254.270247392 248.656910794 243.029150609 237.435511428 231.922132484 226.532242705
221.30570768 216.278633839 211.483034291 206.946559884 202.6922981 198.738641445 195.099226 191.782939831 188.793999972 186.132095766
183.792595416 181.766811767 180.042322532 178.60333942 177.431120047 176.504415873 175.79994902 175.29291043 174.957471582 174.767301867
174.696083663 174.718017271 174.808308049 174.943628381 175.102547555 175.265923083 175.41724764 175.542946421 175.632620516 175.679232668
205.876334776 206.05514195 206.409338496 206.932150892 207.613572906 208.440547223 209.397202293 210.465139977 211.623768601 212.850675216
214.122030096 215.41301595 216.698273844 217.952357555 219.150187911 220.267498719 221.28126603 222.170112862 222.914681941 223.497969678
223.905615339 224.126140219 224.151132611 223.975375378 223.596914043 223.017064454 222.2403602 221.274441124 220.129885379 218.819988528
217.360494183 215.769281597 214.066016389 212.271771275 210.408624217 208.499241789 206.566455812 204.632841386 202.720304399 200.849686346
199.040393931 197.310060408 195.674244958 194.146175637 192.73654056 191.453331015 190.301739178 189.284112032 188.399961973 187.64603349
187.01642421 186.502757544 186.094403166 185.778740652 185.541460774 185.366898211 185.238388895 185.138644694 185.050137893 184.955487707
184.837841103 184.681240332 184.470969861 184.193875841 183.838651828 183.39608514 182.859259061 182.223706989 181.487515596 180.651375083
179.718575694 178.694950716 177.588767247 176.410567093 175.172961087 173.890381116 172.578794916 171.255389465 169.93822942 168.645897518
167.397124213 166.210414048 165.103676279 164.093867212 163.196651439 162.426088791 161.794353305 161.311489844 160.985213255 160.820754111
