300.530435138 300.308725605 299.866929992 299.208283099 298.337606942 297.261274797 295.987163678 294.524595609 292.884268151 291.078174687
289.119515085 287.022597412 284.80273144 282.476114746 280.059712278 277.571130281 275.028485548 272.450270977 269.855218436 267.262159988
264.689888502 262.1570187 259.681849683 257.282229968 254.975426032 252.777995346 250.705664858 248.773215791 246.994375642 245.381718155
243.946571994 242.698938809 241.647421243 240.799161439 240.159790435 239.733388842 239.522459019 239.527908963 239.749047967 240.183594056
240.827693103 241.675949439 242.721467689 243.955905483 245.369536596 246.951324013 248.689002325 250.569168798 252.57738241 254.69827005
256.915639079 259.212595361 261.571665854 263.974924828 266.404122728 268.840816716 271.26650189 273.6627422 276.011300071 278.294263764
280.494171544 282.594131722 284.577937708 286.430177226 288.136334922 289.682887625 291.057391598 292.248561175 293.24633826 294.041952216
294.627969791 294.998334755 295.148397052 295.074931318 294.776144738 294.251674246 293.50257322 292.531287845 291.34162344 289.938701098
288.328905072 286.519821411 284.520168408 282.33971948 279.989219183 277.480293069 274.825352175 272.037492948 269.130393453 266.118206724
263.015452135 259.836905686 256.597490094 253.312165565 249.995822124 246.663174354 243.328659366 240.006338784 236.709805509 233.452095954
230.245608405 227.102028113 224.032259636 221.046366922 218.15352152 215.361959246 212.678945581 210.110749956 207.662629047 205.338819093
203.142537201 201.075991493 199.140399915 197.336017418 195.662171167 194.117303388 192.699021349 191.404153972 190.22881447 189.168468387
188.218006358 187.37182088 186.623886343 185.967841563 185.397074016 184.904804992 184.484174861 184.128327647 183.830494141 183.584072766
183.38270745 183.220361805 183.091388902 182.990596037 182.913303866 182.855399389 182.813382292 182.784404225 182.766300662 182.757615056
