197.037890426 198.286404233 200.752615722 204.375857509 209.067506121 214.713739692 221.179059813 228.310452387 235.942040391 243.900065148
252.008022711 260.091778517 267.984486747 275.531150614 282.592675574 289.049288692 294.803223009 299.780594841 303.932433207 307.234852793
309.688393757 311.316581939 312.163790535 312.292507973 311.7801357 310.715453181 309.194895252 307.318788727 305.187691133 302.898964637
300.5437035 298.20411422 295.951424967 293.844375984 291.928316373 290.234906359 288.782398785 287.576450296 286.611392429 285.871876397
285.334793315 284.971364466 284.749294021 284.63487945 284.594982339 284.59877408 284.619186175 284.63401295 284.626634352 284.586347276
284.508314408 284.393159068 284.246251902 284.076749842 283.89645878 283.71859847 283.556550953 283.422672265 283.327241406 283.277610993
212.339672639 214.629516349 219.035708932 225.222444067 232.71326767 240.92186004 249.190000875 256.830329192 263.171207407 267.600864534
269.60803617 268.816535809 265.011569632 258.156121444 248.396353753 236.055656231 221.617681145 205.699392381 189.015777486 172.338391791
156.450287619 142.100106018 129.958159377 120.577207635 114.360336704 111.537903583 112.154946625 116.069806885 122.964008536 132.362746675
143.664673344 156.179098293 169.168265915 181.892062099 193.652363633 203.83427672 211.941717786 217.625155719 220.699836692 221.153418975
219.142617281 214.97915176 209.105971897 202.065337671 194.460850979 186.915907296 180.031257262 174.344416681 170.29353826 168.188067582
