370.38023949 369.906206056 368.957398581 367.532491517 365.62987933 363.248118219 360.386486349 357.045639297 353.228333094 348.94018401
344.190431978 338.992673528 333.365530289 327.333220482 320.926003427 314.180470754 307.139662659 299.852993065 292.375973709 284.769733781
277.100338653 269.43791807 261.855620889 254.428419674 247.23179404 240.340326397 233.826247495 227.757971762 222.198663822 217.204877629
212.825308432 209.099695267 206.057907901 203.719247329 202.091983072 201.173143909 200.948571468 201.393238508 202.471825998 204.139545512
206.343186149 209.022358553 212.110902641 215.538420788 219.231894376 223.117339125 227.121453437 231.173214157 235.205375825 239.155832335
242.96880421 246.595819935 249.996466157 253.138888565 256.000032914 258.565623583 260.829885069 262.795019633 264.470461751 265.871936745
267.020356886 267.94059308 268.6601639 269.207886042 269.612531225 269.901534063 270.099793559 270.228607652 270.304775745 270.339898623
345.228122826 345.479349446 346.290108731 348.023684296 350.708632423 353.69879351 355.561445381 354.28888783 347.801558424 334.589044422
314.267542419 287.84693522 257.59486083 226.525331194 197.673684985 173.397292713 154.932472423 142.344809982 134.866558361 131.474221446
191.73215515 192.381436303 193.695593943 195.699807855 198.417639043 201.856178909 205.989646998 210.743845763 215.983915104 221.507576212
227.045534859 232.269978752 236.811226137 240.281654092 242.305153145 242.549615467 240.759450265 236.784893907 230.604978154 222.341439631
212.261567141 200.768929603 188.382020822 175.701995336 163.371742828 152.029450989 142.260446392 134.551411179 129.251011744 126.540540316
126.417392958 128.693152596 133.006805247 138.852302412 145.61841222 152.637693359 159.24058261 164.810088962 168.832483704 170.939679694
