281.363455413 281.442545261 281.600034891 281.83454449 282.144005215 282.525660432 282.976067698 283.491101738 284.065958752 284.695162409
285.372571952 286.091392844 286.844190434 287.622907099 288.418883357 289.222883398 290.025125471 290.815317547 291.58269859 292.316085754
293.003927721 293.634364342 294.195292637 294.674439132 295.059438399 295.337917564 295.497586446 295.526332865 295.412322567 295.144103093
294.710710808 294.101780235 293.307654714 292.319497349 291.129401112 289.730496927 288.117058516 286.284602711 284.229983995 281.951481939
279.448880306 276.723536553 273.778440556 270.618261428 267.249381378 263.679915691 259.91971797 255.980369958 251.875155382 247.619017409
243.228499473 238.721669426 234.118027104 229.438395635 224.704796954 219.940312217 215.168927968 210.41536911 205.704919887 201.06323427
196.516137287 192.089418964 187.808622701 183.698829982 179.78444344 176.088970337 172.634808597 169.443037538 166.533215447 163.923186155
161.628896671 159.664227915 158.040840478 156.768037203 155.85264429 155.298912421 155.108439257 155.28011446 155.810088161 156.691763607
157.915814451 159.470226927 161.340366901 163.509071516 165.956764929 168.661597356 171.599606408 174.744899465 178.069855603 181.54534537
185.140966517 188.825293603 192.566139234 196.330824549 200.086456477 203.800209157 207.439606896 210.972805969 214.368872571 217.598054254
220.632042229 223.444221979 226.009909746 228.306572573 230.314029748 232.014633658 233.393428275 234.438283703 235.140005455 235.492417372
331.235530203 331.971350623 333.353059207 335.206747758 337.286071982 339.288652483 340.876309919 341.697866622 341.41308519 339.716241648
336.357851355 331.163178474 324.04635755 315.019226156 304.194293816 291.781634167 278.079862062 263.461721718 248.355143503 233.220904914
218.528238624 204.729854385 192.237874553 181.402123232 172.492060456 165.683424939 161.050356141 158.563427148 158.093655453 159.422191945
162.255042128 166.241869434 170.997687155 176.126078103 181.242499692 185.996241436 190.089700956 193.293826743 195.458829374 196.519571234
196.495388438 195.484455528 193.653151192 191.221199406 188.443625372 185.590762483 182.927663095 180.694294939 179.087844862 178.248306337
324.936596431 324.017146451 322.177690264 319.417801185 315.738510403 311.144193617 305.644894978 299.258936692 292.015639765 283.957967471
275.144898929 265.653346199 255.579444198 245.039068056 234.167466088 223.117936985 212.059525138 201.173756351 190.650485095 180.682971774
171.462351806 163.171695659 155.979888307 150.035576459 145.461441116 142.349050892 140.754537894 140.695313129 142.148003209 145.047745899
149.288930519 154.727412417 161.184171143 168.450321932 176.293332371 184.464243121 192.705645642 200.760133157 208.378915308 215.330273301
221.407531738 226.436235888 230.280248609 232.84651866 234.088320249 234.006820657 232.650896249 230.115184771 226.536430669 222.088247547
216.974484971 211.421443076 205.669225401 199.962556226 194.54141171 189.631823461 185.437208251 182.130558647 179.847796934 178.682550286
