350.990328546 349.82832929 347.523204505 344.112338585 339.650908143 334.210823385 327.879351646 320.757452129 312.957856891 304.602938334
295.822407833 286.750893422 277.525446768 268.2830308 259.158039391 250.279899397 241.770803125 233.743616098 226.300000751 219.528791634
213.504651894 208.287034415 203.919464093 200.429150644 197.826933994 196.107557109 195.250254089 195.219634676 195.966840169 197.430940268
199.540535607 202.21552689 205.36900863 208.909243573 212.741673025 216.770918468 220.902731026 225.045847545 229.113715112 233.026049784
236.710199929 240.102289835 243.148124964 245.803846271 248.036327228 249.823313426 251.153310752 252.025233957 252.447832859 252.438918308
252.024414248 251.237265727 250.116235337 248.704622375 247.048939907 245.197584893 243.19953561 241.103108869 238.954806917 236.79828067
234.673431992 232.61567334 230.65535826 228.817391205 227.121019912 225.579808453 224.201784045 222.989745969 221.941720668 221.051543247
220.309542448 219.703303666 219.218482826 218.839643014 218.551085596 218.337648258 218.185443826 218.082515958 218.019390634 217.989505845
194.654891776 193.665469883 191.74469656 189.005953308 185.612538835 181.769885219 177.715737088 173.708739637 170.015954322 166.899870922
164.605509188 163.348201291 163.30261785 164.593546693 167.288856915 171.394984726 176.855166158 183.550519846 191.303956194 199.886762926
209.027596759 218.423502265 227.75248653 236.687106266 244.90847573 252.120081406 258.060793945 262.516499282 265.329827794 266.407540475
265.725230934 263.329117234 259.334823214 253.92317954 247.333204531 239.852548243 231.805794871 223.541113404 215.415820379 207.781468359
200.969097042 195.275279702 190.949566022 188.183864623 187.104227144 187.765394105 190.148345251 194.160968801 199.641830459 206.366889962
214.058886157 222.398996538 231.040278854 239.622325122 247.786505462 255.191152961 261.526042412 266.525545276 269.979899215 271.744110777
