298.991051723 299.579649742 300.715328443 302.31700831 304.267870649 306.420877678 308.605742993 310.63704065 312.323089789 313.475216399
313.916976125 313.492922642 312.076525121 309.576874881 305.943873775 301.171663056 295.300128354 288.414400737 280.64236185 272.150249024
263.136540071 253.824373708 244.452826647 235.267419613 226.510259594 218.41024293 211.173742628 204.976183584 199.954872034 196.203392153
193.767815561 192.644891541 192.78230037 194.080963055 196.399311807 199.559340685 203.354178707 207.556861655 211.929926799 216.235419015
220.244878855 223.748883901 226.565734078 228.548908778 229.592976949 229.637708534 228.670213734 226.725022291 223.88210444 220.262924608
216.024704348 211.353148748 206.453957177 201.543491902 196.83901447 192.548918261 188.863385432 185.945877634 183.925833195 182.892890507
259.890660059 260.076906875 260.442682852 260.974783134 261.65396872 262.455626703 263.350615175 264.306264004 265.287497286 266.258039108
267.181661306 268.023430366 268.750910518 269.335281426 269.752331608 269.983292809 270.015485795 269.842754316 269.465671058 268.89150707
268.133964155 267.212677735 266.152505577 264.982625139 263.735468961 262.445533278 261.148099617 259.877912483 258.66785812 257.547689796
256.542843968 255.673389152 254.953145381 254.38900688 253.98049427 253.719555308 253.590625229 253.57094933 253.631161885 253.736106996
253.84587892 253.917051954 253.904063418 253.760707854 253.441696361 252.904232314 252.109553485 251.024390984 249.622297401 247.884800007
245.802339801 243.374963356 240.612741727 237.535898818 234.174640389 230.568683991 226.766499298 222.824277273 218.804655035 214.775230977
210.806911354 206.97213499 203.343026764 199.989533082 196.977593381 194.367400969 192.211804129 190.554894433 189.430823849 188.862885544
