244.342480148 244.056435268 243.48799132 242.644391352 241.536379133 240.178055991 238.586692907 236.782500363 234.788359008 232.629514731
230.333242183 227.92848126 225.445451353 222.915248533 220.369431023 217.839598502 215.35697083 212.951971853 210.653823816 208.490157835
206.486645629 204.666657457 203.050950848 201.65739432 200.500729816 199.592377059 198.940282519 198.548815033 198.418709565 198.547059898
198.927360454 199.549596731 200.400383256 201.463147269 202.718355779 204.143783035 205.714814918 207.404786268 209.185346701 211.026850112
212.898762699 214.770084124 216.609776214 218.387193506 220.072509902 221.63713573 223.054119636 224.298529893 225.347810004 226.182103778
226.78454545 227.141510883 227.24282637 227.081932117 226.655998079 225.965990414 225.016687515 223.816645179 222.37811119 220.716890228
218.852160668 216.806245498 214.604340153 212.274200659 209.845796011 207.35092916 204.822831459 202.295735711 199.804433325 197.383821259
195.06844461 192.892040761 190.887091023 189.084385604 187.512607598 186.197941445 185.163711038 184.430052249 184.013624255 183.927363525
184.180283807 184.777324873 185.719252156 187.002608756 188.619720645 190.558755196 192.803832508 195.335188278 198.129386361 201.159578475
204.395807919 207.805353606 211.353110189 215.001999568 218.713408696 222.447648224 226.164426256 229.823331312 233.384318414 236.808192226
240.05708115 243.094896431 245.887770478 248.404468877 250.616770902 252.499813714 254.032395907 255.19723656 255.981186523 256.37538927
206.736014949 209.787613194 212.857745966 211.304358855 201.133201067 181.13990443 154.012538555 125.866469609 104.302141075 95.6764611915
102.62292544 122.803657447 149.439316226 173.500857514 186.810478242 184.932226418 168.780944854 144.330705723 120.496363554 105.937263311
