286.780376036 286.751103919 286.692242856 286.603162879 286.482928229 286.330308301 286.143792091 285.921606026 285.66173503 285.361946633
285.019817935 284.632765192 284.198075756 283.712942121 283.174497766 282.579854487 281.926140902 281.210541795 280.430337942 279.582946087
278.665958702 277.677183176 276.614680088 275.476800209 274.262219893 272.969974523 271.599489704 270.150609881 268.623624119 267.019288755
265.338846704 263.584043176 261.757137623 259.860911751 257.898673456 255.87425658 253.792016409 251.656820876 249.47403746 247.249515791
244.989566044 242.70093318 240.390767184 238.06658944 235.736255434 233.407913997 231.089963337 228.791004127 226.519789953 224.285175436
222.096062367 219.961344225 217.889849449 215.890283851 213.97117258 212.140802039 210.407162173 208.77788955 207.26021164 205.860892722
204.586181807 203.44176299 202.432708606 201.563435559 200.837665181 200.258386949 199.827826356 199.547417239 199.417778792 199.438697508
199.609114233 199.92711648 200.38993615 200.993952729 201.734702012 202.606890381 203.604414598 204.720387059 205.94716641 207.276393374
208.699031638 210.205413564 211.785290501 213.427887404 215.12196146 216.855864376 218.617607967 220.394932646 222.175378406 223.946357852
225.695230839 227.40938024 229.076288376 230.683613606 232.219266604 233.671485808 235.028911578 236.280658539 237.416385669 238.426363635
239.301538938 240.033594437 240.615005818 241.039093645 241.300070605 241.393083623 241.31425055 241.060691128 240.630552039 240.023025789
239.238363318 238.277880181 237.143956232 235.84002879 234.370579264 232.741113308 230.958134584 229.029112264 226.96244245 224.767403716
222.454107023 220.033440304 217.517008028 214.917066109 212.246452545 209.518514209 206.747030216 203.946132358 201.130223077 198.313891477
195.511827911 192.73873764 190.009254142 187.337852567 184.738763904 182.225890397 179.812722719 177.512259448 175.336929336 173.29851686
171.408091538 169.675941435 168.1115113 166.723345704 165.519037563 164.505182345 163.687338275 163.069992777 162.656535362 162.449237153
