375.364778713 374.273265098 372.103378202 368.881217852 364.645484339 359.446946458 353.347744427 346.420537873 338.747511371 330.41925207
321.533515785 312.193899566 302.508440051 292.588157976 282.545569933 272.493188895 262.542035096 252.800178661 243.371334779 234.353531394
225.837868208 217.907384346 210.636050356 204.087898285 198.316301436 193.363413149 189.259771506 186.024074348 183.663126425 182.171957932
181.53411108 181.722088904 182.697958076 184.414095254 186.81406439 189.833610569 193.401754264 197.441968512 201.873420404 206.612257436
211.572918762 216.669451151 221.816809594 226.932122856 231.935905032 236.753195137 241.314608027 245.557281495 249.425706108 252.872426316
255.858603465 258.354433583 260.339415186 261.802464696 262.741879522 263.165151254 263.088633759 262.537073222 261.543009333 260.146058743
258.392093753 256.332330705 254.022343901 251.52102193 248.889484047 246.189974785 243.484755122 240.83500849 238.299779492 235.934962515
233.792356496 231.918800895 230.355406456 229.13689273 228.291042447 227.838280878 227.791386159 228.155334405 228.927281135 230.096678304
231.645523962 233.54873939 235.774666465 238.285676046 241.038876359 243.986908745 247.07881674 250.260973277 253.478049899 256.674011215
259.793117481 262.780918111 265.585219102 268.157007878 270.451319788 272.428031546 274.052568108 275.296511036 276.138098016 276.562605081
238.348032362 238.584678821 239.052239424 239.739373032 240.629374128 241.700533211 242.926605742 244.277380027 245.719332359 247.21635597
248.730548762 250.223043605 251.654864028 252.987787609 254.185199122 255.212915694 256.039966689 256.63931194 256.988483109 257.070134479
256.872491244 256.389685414 255.621971647 254.57581776 253.26386714 251.704772854 249.922905872 247.947942315 245.814337155 243.560694066
241.229043295 238.864041328 236.512107766 234.220516179 232.036456723 230.006088995 228.173603888 226.580313178 225.263785132 224.257043631
223.587847203 223.278062836 223.343147736 223.791750126 224.625437944 225.838561842 227.418256327 229.344580199 231.590794749 234.1237755
236.904550649 239.888956863 243.028400794 246.270712509 249.561075231 252.843014189 256.059426154 259.153630348 262.070420901 264.757100868
267.164478099 269.247803847 270.967636004 272.290610199 273.190103664 273.64677873 273.648995046 273.193082047 272.283465821 270.932647224
269.16103093 266.996607878 264.474496386 261.636349857 258.52964155 255.206839258 251.724484802 248.142195121 244.521603234 240.925258536
237.415506692 234.053369821 230.897447717 228.002860466 225.420252104 223.194873852 221.365763975 219.965039553 219.017313357 218.539246719
