359.190251718 358.285653693 356.48900635 353.825200294 350.33105817 346.054729207 341.054899157 335.399829948 329.166246393 322.438090024
315.305162393 307.861682087 300.204781052 292.432966772 284.644577187 276.936255153 269.401468573 262.129101245 255.202137852 248.696464532
242.679804068 237.210802016 232.338277109 228.100646067 224.525529624 221.629543181 219.418272054 217.886428011 217.018180512 216.787653127
217.159572769 218.090056995 219.527522437 221.413695744 223.68470703 226.272244935 229.104751916 232.108638286 235.209493925 238.333277276
241.407462387 244.362126193 247.130959969 249.652190868 251.869401626 253.732238862 255.197002776 256.227113507 256.793451851 256.874574351
256.456805057 255.534208283 254.108448599 252.188545929 249.790535017 246.937039657 243.656772919 239.983975152 235.957801836 231.621673334
227.022598385 222.21048266 217.237433048 212.157067472 207.023839072 201.89238244 196.816888526 191.850513566 187.044826263 182.44929631
178.110826278 174.073327926 170.37734319 167.059709351 164.153267386 161.686612073 159.683882201 158.16458915 157.143482134 156.63044861
362.296336299 360.300325513 356.359047237 350.572516387 343.087120831 334.091383739 323.810515511 312.499920421 300.437854538 287.917456834
275.238393817 262.698369028 250.584751966 239.166576359 228.687145348 219.357461533 211.350673509 204.797698428 199.784143176 196.348606227
194.482399322 194.130684249 195.194976465 197.53692556 200.983243827 205.331619743 210.35742403 215.820992988 221.475257791 227.07347971
232.376850215 237.161721381 241.226245943 244.396227062 246.530004793 247.522238443 247.306480411 245.856476572 243.186169459 239.348422166
234.432521602 228.56055828 221.8828149 214.572326555 206.818800448 198.82210177 190.785524368 182.909069539 175.38295377 168.381556485
162.058002317 156.53954964 151.923928785 148.276740637 145.629990049 143.981790125 143.297234025 143.510391927 144.527353397 146.230200849
148.481769254 151.131021646 154.018850191 156.984099272 159.869600513 162.528010277 164.827247753 166.655346077 167.924549572 168.574516342
