212.011132826 212.960811495 214.705974218 216.957854984 219.330163776 221.38939135 222.71267598 222.946610205 221.860142784 219.385241449
215.640179979 210.93208154 205.73751277 200.662260687 196.383698207 193.581117955 192.860880088 194.684018174 199.303983273 206.721461012
216.661728333 228.577957707 241.681419664 254.996914728 267.439238342 277.904296972 285.366870608 288.976124984 288.139915997 282.589720127
272.419607029 258.094905966 240.428904327 220.528806257 199.715002857 179.4201964 161.076842528 146.002541518 135.293307098 129.734035103
175.520003965 176.128778806 177.339568176 179.138938646 181.506956832 184.417446088 187.838323126 191.732009833 196.05591451 200.762975797
205.802261669 211.119615153 216.658337776 222.359901257 228.164677588 234.012677468 239.844286926 245.600992117 251.226082443 256.665322547
261.867584228 266.785429946 271.375640351 275.599679095 279.424089179 282.820816071 285.767453951 288.247412553 290.250003269 291.770444316
292.809785979 293.374758067 293.477542827 293.135477613 292.370692593 291.209689647 289.682869408 287.824014095 285.6697343 283.258888368
280.631983283 277.830566118 274.896615166 271.8719397 268.797597105 265.713335714 262.657071167 259.664403522 256.768181592 253.998120182
251.380474994 248.937779019 246.688643229 244.647623323 242.825153256 241.227545202 239.857054573 238.712007716 237.786988957 237.073082758
236.558165965 236.227244373 236.062827231 236.045332798 236.153517649 236.364922161 236.656324478 237.004195194 237.385145143 237.776358863
238.156006687 238.503628847 238.800485548 239.029867619 239.177363099 239.231075889 239.181793518 239.023101917 238.751446074 238.366136345
237.869301172 237.265787836 236.56301378 235.770771863 234.900993661 233.967475639 232.985573608 231.971871405 230.943830118 229.919424489
228.916773293 227.95377055 227.047724382 226.215010126 225.470744057 224.828483636 224.299959742 223.894845719 223.620567415 223.482157636
377.781818248 374.336520111 367.569046603 357.720707815 345.141336613 330.275298798 313.643762134 295.823963762 277.426339425 259.070465055
241.360807979 224.863289382 210.083621566 197.448304726 187.289051908 179.831262503 175.186990607 173.3526623 174.211593668 177.541157949
183.024254275 190.264550382 198.804815208 208.147531035 217.776884011 227.181180439 235.874726011 243.418236521 249.436919993 253.63547825
255.809415863 255.852210039 253.758078816 249.620279011 243.625061098 236.041597093 227.208371301 217.516675004 207.39196822 197.273959432
187.596303902 178.766830892 171.149179544 165.046653883 160.689002554 158.222693409 157.705092841 159.102782238 162.29405679 167.075463722
173.172055918 180.250871157 187.937003884 195.831522063 203.530401134 210.643604013 216.813432146 221.731308127 225.152223515 226.90619298
224.200191231 223.841850645 222.335072961 218.390372416 210.700740896 198.450499545 181.679563046 161.383119805 139.318061508 117.585663388
98.1305587416 82.3154550434 70.6949536002 63.0360320081 58.546621645 56.208903584 55.0924856641 54.5490630679 54.250598536 54.1012398352
