193.222635809 193.899435637 195.242385182 197.230352317 199.832056431 203.006562129 206.703925295 210.865981301 215.427262921 220.316033417
225.45541849 230.764619186 236.160186601 241.557338217 246.871295079 252.018618662 256.918526292 261.494164337 265.673819026 269.392045754
272.590699022 275.21984671 277.238554243 278.615526227 279.329595417 279.370051269 278.736802883 277.440373744 275.501728345 272.951933421
269.83165914 266.190528146 262.086322736 257.584062699 252.75496842 247.675325628 242.425269771 237.087509229 231.746007601 226.484645902
221.385885865 216.529455532 211.991077936 207.841263052 204.14418216 200.95664249 198.327178432 196.295273753 194.890727214 194.1331717
194.031754554 194.584984289 195.780746183 197.596486632 199.999563446 202.947756656 206.389931874 210.266845809 214.512081321 219.053097315
223.81237698 228.708656294 233.658213459 238.576198944 243.377985166 247.980514514 252.303624441 256.271328691 259.813034405 262.864675869
265.369746924 267.280215703 268.557307156 269.172140916 269.106214339 268.351722954 266.911713155 264.800064559 262.041302169 258.670241138
254.73146957 250.278677345 245.373841379 240.08627999 234.491591111 228.670490905 222.707570942 216.689993339 210.7061443 204.844267104
199.191095951 193.830512059 188.842243067 184.300626112 180.273453976 176.820922382 173.994694947 171.837100436 170.380474934 169.646659212
267.511011157 267.374308703 267.101577445 266.694162273 266.154074464 265.483984296 264.687211008 263.767709955 262.73005679 261.579428457
260.321580806 258.962822615 257.509985831 255.97039184 254.351813648 252.662433842 250.910798307 249.105765694 247.256452731 245.372175533
243.46238714 241.536611629 239.604375196 237.675134712 235.758204352 233.862680942 231.997368791 230.170704799 228.390684717 226.664791468
224.999926469 223.402344917 221.877595985 220.430468895 219.064945741 217.784161954 216.590375169 215.484943207 214.468311777 213.54001237
212.698670708 211.942025958 211.266960778 210.669542089 210.145072341 209.688150829 209.292744495 208.952267483 208.65966854 208.407525254
208.188143959 207.993664044 207.816165288 207.647776796 207.480786014 207.307746308 207.12158156 206.915686251 206.684019552 206.421191997
206.122543398 205.784210801 205.40318536 204.977357224 204.505547641 203.987527717 203.424023417 202.816706652 202.168172451 201.481902482
200.762215356 200.01420438 199.243663611 198.457003263 197.661155672 196.863473193 196.071619531 195.29345613 194.536925301 193.809931869
193.120225118 192.475282835 191.882199228 191.347578424 190.877435192 190.47710443 190.151160784 189.903349686 189.736530836 189.652635037
