243.625816021 247.782939319 255.677009873 266.515465686 279.222863212 292.560792348 305.263238586 316.170823756 324.347987761 329.169895655
330.370223457 328.046323869 322.623813329 314.787573215 305.389861623 295.348246613 285.546230299 276.747855015 269.534638523 264.269424186
261.087782941 259.91406977 260.496598816 262.454946923 265.332188797 268.645754134 271.932252018 274.783605938 276.873747485 277.976564467
307.249475764 306.92484017 306.277851294 305.31304269 304.037137633 302.458958353 300.589307815 298.44082637 296.027826051 293.366105752
290.472750828 287.365920929 284.064630076 280.588523031 276.957652063 273.192258056 269.312559787 265.338554874 261.289835608 257.185422434
253.043617421 248.881879503 244.716722792 240.563638646 236.43704164 232.35023904 228.31542279 224.343682593 220.445038143 216.628488201
212.902073876 209.27295318 205.747483781 202.33131075 199.029456113 195.846407045 192.78619975 189.852496246 187.048651608 184.377769565
181.842744766 179.446290485 177.190951011 175.079098474 173.112914372 171.29435653 169.625112732 168.106542667 166.739610247 165.524808672
164.462080911 163.550738426 162.789381134 162.175821608 161.70701648 161.379007909 161.186877748 161.12471679 161.185611117 161.361647195
161.643936891 162.022663128 162.487146349 163.02593149 163.626894581 164.277367651 164.964280061 165.674314028 166.394071625 167.11025029
167.809823543 168.480223473 169.109521425 169.686603286 170.201335846 170.644720837 171.009033489 171.287942716 171.476610455 171.571768039
