390.111225824 389.361488696 387.867684584 385.641110116 382.698601322 379.062403558 374.759999098 369.823893323 364.291360621 358.204151402
351.608161881 344.55306854 337.091929461 329.280755022 321.178050702 312.844335078 304.341636349 295.732971042 287.081808813 278.451527531
269.904863085 261.503358569 253.30681769 245.372767414 237.755934967 230.507744378 223.675837765 217.303626526 211.429877495 206.088338934
201.307411029 197.10986523 193.512616417 190.526551426 188.156416981 186.400769498 185.251988618 184.696355653 184.714197401 185.280095073
186.36315724 187.927354986 189.931916584 192.331778291 195.078087026 198.11874998 201.399025516 204.862149033 208.449986915 212.103711176
215.764486959 219.374164769 222.875969043 226.215174573 229.339762288 232.201046003 234.754261968 236.959113429 238.780262812 240.187764783
241.15743405 241.671142594 241.717041847 241.289706287 240.390195918 239.026036164 237.211114789 234.965496563 232.315157536 229.291641844
225.931645102 222.276529429 218.371776144 214.26638308 210.012214258 205.663310371 201.275169156 196.904005151 192.605998732 188.436544485
184.449509053 180.696508519 177.226215143 174.083702923 171.309840939 168.940742813 167.007279854 165.534664612 164.542110587 164.042572795
213.844446617 212.915561872 211.084112203 208.402090525 204.945884983 200.814400779 196.126626977 191.018706959 185.640583162 180.152296971
174.720032941 169.512002659 164.694267372 160.426599985 156.858485995 154.125359569 152.34516526 151.61532796 152.010203817 153.579073262
156.344724159 160.302658955 165.420944636 171.640708893 178.877270407 187.02187597 195.94400271 205.494170202 215.507195198 225.805811252
236.204566994 246.513910381 256.544362081 266.110679319 275.0359121 283.155256647 290.319616131 296.398786167 301.284191887 304.89111454
307.160358087 308.059320005 307.58244502 305.751055486 302.612567171 298.239114016 292.725619581 286.187366019 278.757123295 270.581911616
261.81947845 252.634577882 243.195144272 233.668454043 224.217369047 214.996752193 206.150141115 197.806758561 190.078929254 183.059962319
176.82254628 171.417690484 166.874232845 163.198919396 160.377046727 158.373644173 157.135159163 156.591596553 156.659051567 157.242566293
158.239231808 159.541452181 161.040282867 162.628754545 164.205094243 165.675758627 166.958199516 167.983288934 168.69734005 169.063671059
