286.038224751 285.972632025 285.842211793 285.648482744 285.393693688 285.080788923 284.713362769 284.295603878 283.832230046 283.328414414
282.789704015 282.221931776 281.631123151 281.023398634 280.404873481 279.781556009 279.159245865 278.543433662 277.939203413 277.35113911
276.783236812 276.238823515 275.720484018 275.229996903 274.768280656 274.335350822 273.930288974 273.551224135 273.195327135 272.858818228
272.536988167 272.224232706 271.914100405 271.599353386 271.27204057 270.923582724 270.544868536 270.12636075 269.658211279 269.130384091
268.532784527 267.855393632 267.088406 266.222369544 265.248325567 264.157947498 262.943676589 261.59885295 260.117840253 258.496142535
256.730511558 254.819043279 252.761262093 250.558191599 248.212410791 245.72809472 243.111038815 240.368666233 237.510017785 234.545724145
231.487960283 228.350382209 225.148046344 221.897311995 218.615727648 215.321901911 212.035360187 208.776388272 205.565864257 202.425080253
199.375555577 196.438843174 193.636331111 190.989041098 188.517426013 186.241168466 184.178982454 182.348420134 180.765685745 179.445458639
178.400727321 177.642636318 177.18034756 177.020917875 177.169194008 177.627726442 178.396703125 179.473903997 180.854677034 182.531936318
184.496182404 186.735545071 189.235848297 191.980697082 194.951585531 198.128025399 201.487694064 205.006600736 208.659269486 212.418937529
216.257767021 220.147068491 224.057533906 227.959477258 231.823080468 235.618642365 239.316828425 242.888918951 246.307053383 249.544468443
252.575727888 255.376941686 257.92597256 260.202627932 262.188835454 263.868800446 265.229143746 266.259018662 266.950205901 267.297185571
