255.337005202 255.360598165 255.407511607 255.477202078 255.568858196 255.68140517 255.813510813 255.963592979 256.129828432 256.310163066
256.502323446 256.703829608 256.912009059 257.124011897 257.336826998 257.547299166 257.752147178 257.94798263 258.131329497 258.298644291
258.446336749 258.570790915 258.66838654 258.735520668 258.768629322 258.764209167 258.718839049 258.629201294 258.49210267 258.304494891
258.063494573 257.766402527 257.4107223 256.994177856 256.514730316 255.970593658 255.360249296 254.682459468 253.936279338 253.121067768
252.236496678 251.282558952 250.259574833 249.168196766 248.009412654 246.784547502 245.495263425 244.143558007 242.731761007 241.262529415
239.738840864 238.163985426 236.541555802 234.87543595 233.169788196 231.429038855 229.657862444 227.861164527 226.044063269 224.21186978
222.370067316 220.524289431 218.680297177 216.843955437 215.021208503 213.218054993 211.440522231 209.694640187 207.986415099 206.321802899
204.706682546 203.146829402 201.647888765 200.215349672 198.854519106 197.570496712 196.368150147 195.252091183 194.226652658 193.295866405
192.463442254 191.732748208 191.106791891 190.588203365 190.179219399 189.88166926 189.696962126 189.62607616 189.669549328 189.827471997
190.099481378 190.484757831 190.982023083 191.589540366 192.305116496 193.1261059 194.049416581 195.071518021 196.188450989 197.395839241
198.688903064 200.06247462 201.511015051 203.028633271 204.609106376 206.24590161 207.932199799 209.660920152 211.424746359 213.216153858
215.027438186 216.850744284 218.67809666 220.501430269 222.312621995 224.103522614 225.865989095 227.591917111 229.273273638 230.902129484
232.470691639 233.971335286 235.396635361 236.739397518 237.992688357 239.149864819 240.204602583 241.150923375 241.983221051 242.69628635
243.285330207 243.746005525 244.074427301 244.267191026 244.321389275 244.234626399 244.005031266 243.631267978 243.112544519 242.448619284
241.63980546 240.686973227 239.591549757 238.355517014 236.981407346 235.47229688 233.831796735 232.064042091 230.173679137 228.165849949
226.046175359 223.820735857 221.496050618 219.079054722 216.577074649 213.997802151 211.349266593 208.639805876 205.878036053 203.072819746
200.233233504 197.368534222 194.488124744 191.601518804 188.718305428 185.848112945 183.00057275 180.185282956 177.411772095 174.689462995
172.02763699 169.4353986 166.921640825 164.495011196 162.163878706 159.936301773 157.819997349 155.822311302 153.950190202 152.210154606
150.608273965 149.150143247 147.840861376 146.685011564 145.686643626 144.84925835 144.17579397 143.668614821 143.329502196 143.159647465
