212.250160212 212.416283478 212.746557644 213.237061088 213.881968874 214.673621022 215.602612295 216.65790249 217.826945966 219.095838906
220.449482632 221.871761094 223.34573048 224.853818772 226.37803294 227.90017138 229.402039157 230.865663527 232.273507281 233.608677395
234.855126584 235.997845384 237.023042534 237.918311523 238.672781334 239.277249609 239.724296618 240.008378671 240.125899817 240.075260919
239.856885471 239.47322176 238.928721259 238.229793407 237.384737195 236.403650253 235.298316372 234.082072672 232.769657834 231.377043052
229.921247565 228.42014079 226.892233269 225.35645875 223.831949853 222.337809842 220.892883086 219.515526817 218.223386793 217.033179435
215.960482964 215.019539945 214.22307357 213.582119832 213.105877602 212.801578408 212.67437754 212.727267833 212.961017262 213.374131232
213.962840148 214.72111259 215.640694147 216.711171662 217.920062364 219.25292709 220.693506533 222.223879176 223.82463936 225.475093657
227.153473562 228.837162283 230.502933274 232.127197995 233.686260282 235.15657461 236.515005494 237.739085228 238.807267177 239.699171853
240.395823107 240.879871798 241.135804503 241.150134898 240.911575667 240.411188994 239.642513857 238.60166867 237.287427982 235.701272293
233.847410265 231.732772939 229.366979844 226.76227718 223.933448564 220.897699117 217.674513939 214.285492314 210.754159248 207.105756148
203.367012745 199.565902489 195.731383898 191.893130432 188.081251649 184.326008448 180.657525318 177.105502512 173.698931098 170.465813816
167.432894586 164.625399469 162.066791743 159.778543613 157.779926918 156.087824996 154.716567652 153.677790936 152.980323177 152.630098464
