259.434534616 259.460808916 259.513175784 259.591272597 259.694557543 259.822312142 259.973644608 260.147494008 260.342635223 260.557684676
260.791106802 261.041221234 261.306210676 261.584129421 261.872912479 262.170385274 262.474273875 262.782215693 263.091770622 263.400432564
263.705641271 264.004794486 264.29526029 264.574389625 264.839528937 265.088032856 265.317276898 265.524670089 265.707667488 265.863782531
265.990599154 266.085783631 266.147096079 266.172401576 266.159680844 266.107040444 266.012722441 265.875113495 265.692753333 265.464342565
265.188749812 264.865018102 264.492370522 264.070215082 263.598148775 263.075960821 262.503635063 261.88135152 261.209487071 260.488615289
259.719505392 258.903120349 258.040614118 257.133328047 256.18278644 255.190691314 254.158916359 253.089500142 251.984638561 250.846676605
249.678099431 248.481522821 247.259683034 246.015426115 244.751696699 243.47152636 242.178021554 240.874351205 239.563733993 238.249425401
236.934704564 235.622860987 234.317181194 233.020935353 231.737363943 230.469664519 229.220978638 227.994378985 226.792856787 225.61930953
224.476529069 223.367190157 222.293839462 221.258885103 220.264586761 219.313046414 218.406199717 217.54580809 216.733451523 215.970522152
215.258218623 214.597541271 213.989288133 213.434051822 212.932217262 212.48396031 212.089247259 211.747835234 211.45927347 211.222905477
211.037872082 210.903115325 210.817383207 210.77923526 210.787048918 210.839026669 210.933203941 211.067457711 211.239515777 211.446966668
211.687270151 211.95776828 212.255696939 212.578197847 212.922330953 213.285087173 213.66340143 214.054165909 214.454243508 214.860481393
215.26972462 215.678829759 216.084678458 216.484190892 216.874339041 217.252159731 217.614767394 217.95936648 218.283263479 218.583878488
218.858756286 219.105576857 219.322165331 219.50650128 219.656727348 219.771157166 219.848282522 219.886779753 219.885515336 219.843550648
219.760145878 219.634763075 219.467068318 219.256932994 219.004434187 218.709854173 218.373679019 217.9965963 217.579491941 217.123446191
216.629728759 216.099793127 215.535270061 214.937960357 214.309826846 213.652985699 212.969697063 212.262355079 211.533477317 210.785693671
210.021734779 209.244419999 208.456645007 207.661369061 206.861602 206.060391019 205.260807285 204.465932463 203.678845182 202.902607538
202.140251656 201.394766398 200.66908426 199.966068515 199.288500667 198.639068262 198.020353114 197.434819994 196.884805836 196.3725095
195.899982144 195.46911824 195.081647286 194.739126224 194.442932631 194.194258687 193.994105955 193.843280997 193.742391843 193.691845334
