227.40080061 229.430581404 233.428123484 239.271342938 246.781939129 255.731011943 265.846269017 276.820592565 288.321692031 300.002534185
311.51221755 322.506944034 332.660737761 341.675569418 349.29056376 355.289997539 359.509834162 361.842588515 362.240369175 360.716003864
357.342215642 352.248880005 345.618454699 337.679732753 328.700123028 318.976709825 308.826382158 298.575353083 288.548408832 279.058236029
270.395172448 262.817712967 256.54407776 251.74511537 248.538770062 246.98629226 247.090314526 248.794855192 251.987249498 256.501945759
262.12604378 268.606396426 275.658044635 282.973712992 290.234058581 297.11834128 303.315169889 308.532975709 312.509873761 315.022591253
315.894172723 315.000210397 312.273395607 307.706240939 301.351881522 293.322925543 283.788386806 272.968793761 261.129628177 248.573300333
235.629914835 222.647120138 209.979364537 197.976900646 186.974888743 177.282946432 169.175478031 162.883092338 158.585382801 156.405300635
169.782043553 172.410566524 177.57394263 185.088397454 194.687039065 206.029985947 218.71722909 232.303712654 246.316030167 260.270070823
273.688915532 286.120276455 297.152796838 306.430579078 313.665385747 318.646057498 321.244809117 321.420195351 319.21667612 314.760850372
308.254563293 299.965217247 290.213727303 279.360653183 267.791107043 255.899078158 244.071829722 232.675009254 222.039073413 212.447562319
204.127670832 197.243458704 191.891922721 188.102027255 185.836660534 184.997358131 185.431518 186.941727993 189.296741412 192.243572468
195.520144013 198.86790611 202.043856236 204.831429377 207.049787027 208.561115273 209.275639752 209.154175035 208.208142565 206.497109641
204.124016506 201.22836435 197.977729153 194.558040756 191.163119995 187.983996891 185.198538525 182.961896141 181.398238241 180.594171956
230.51640606 230.253787818 229.732175533 228.95884102 227.94474478 226.704583583 225.256828736 223.623735611 221.831302683 219.909157481
217.89034767 215.811017872 213.70995687 211.62800521 209.607319896 207.690500364 205.919587993 204.334959608 202.974143367 201.870592595
201.052459244 200.541413229 200.351556679 200.488482884 200.948528237 201.718261751 202.774250788 204.083133613 205.602019551 207.279226212
209.055350853 210.864659962 212.63676814 214.298564755 215.776335339 216.998014685 217.895500605 218.406951765 218.478990101 218.068728444
217.145547052 215.692548833 213.707632011 211.204130493 208.210985915 204.772430824 200.94717905 196.80713655 192.435663089 187.925431522
183.375946446 178.890797028 174.574729401 170.530631646 166.856528791 163.642686203 160.96891719 158.902184588 157.494576837 156.781726788
