265.507795689 266.324118759 267.919384758 270.220333309 273.120761934 276.48578172 280.157215783 283.959919211 287.708761809 291.215988488
294.298657663 296.785855988 298.525398388 299.389745041 299.280900759 298.134105635 295.920177045 292.646419783 288.356081058 283.126387462
277.065259559 270.306853727 263.006128177 255.332668705 247.464038014 239.578929393 231.850410333 224.439534367 217.489580291 211.121147933
205.428300219 200.475894047 196.298189744 192.89877277 190.251764435 188.304243155 186.979746535 186.182679618 185.803417792 185.723865725
185.823217367 185.983657158 186.095749207 186.063279055 185.807340666 185.269498371 184.413897727 183.228248766 181.723657502 179.93333462
177.910261487 175.723940774 173.456399934 171.197648758 169.040815733 167.077201006 165.391485764 164.057328868 163.133561918 162.661164609
319.929287528 318.938372016 316.976306805 314.082169188 310.313450762 305.744740009 300.466017836 294.580608857 288.202839724 281.455462865
274.46690953 267.368439812 260.291259329 253.363672353 246.708339521 240.439704734 234.661650773 229.465436482 224.92796046 221.110387182
218.057161682 215.795428582 214.334860699 213.66789197 213.77033928 214.602388299 216.109909743 218.226065026 220.873153948 223.964652322
227.407384138 231.1037712 234.954103078 238.858771694 242.720417813 246.445940987 249.948329973 253.148277102 255.975547307 258.37008025
260.282812045 261.676211145 262.524530814 262.81378806 262.541485697 261.716100149 260.356362651 258.49036537 256.15452675 253.392451907
250.253724281 246.792663942 243.06708608 239.137090401 235.063908497 230.908831999 226.732239522 222.592735445 218.546408381 214.646212274
210.941468272 207.47748134 204.295261885 201.431339746 198.917655774 196.781514945 195.045584555 193.727921491 192.842013855 192.39682419
224.87658493 224.96763045 225.145056731 225.400364663 225.722798596 226.101512058 226.528097935 226.999213434 227.519005529 228.101041993
228.769477133 229.55922891 230.515012371 231.689158778 233.13824491 234.918656047 237.081302116 239.665792308 242.694442614 246.166537461
250.05328678 254.293910657 258.79324447 263.421189344 268.014238988 272.37919939 276.299089016 279.54107156 281.86613925 283.040140665
282.845641079 281.094022664 277.637182442 272.378171747 265.280144255 256.373040357 245.757531323 233.605872996 220.159469116 205.723110982
190.656033801 175.360101115 160.265587447 145.815166506 132.446819964 120.57645334 110.581036476 102.783074145 97.4371575996 94.7192530818
350.207528832 348.728659937 345.824668259 341.600233914 336.205507676 329.828308519 322.684426882 315.00658479 307.03267753 298.993958192
291.103824077 283.547822912 276.475419876 269.993958268 264.165114073 259.003995741 254.480884315 250.525455036 247.033179032 243.873481009
240.899133428 237.956304656 234.894651783 231.576859084 227.887069627 223.737736789 219.074529206 213.879050028 208.169270984 201.997725042
195.447639186 188.62731271 181.663148698 174.69182106 167.852102143 161.276884451 155.085904154 149.379616159 144.23458449 139.700643659
135.799963793 132.528022606 129.856359483 127.736869256 126.107293226 124.897489197 124.036015306 123.45654733 123.103666586 122.937604225
305.379561519 302.657217245 297.333862438 289.646349074 279.935713111 268.630898887 256.228368882 243.26863009 230.310857216 217.906878557
206.57580862 196.78056207 188.907369786 183.249246839 179.994144132 179.218262946 180.884739095 184.847626126 190.860840235 198.591487732
207.636791639 217.543677654 227.829978445 238.006173214 247.596596892 256.159127454 263.302484317 268.700436738 272.102417516 273.340251538
272.330927665 269.075553291 263.654821397 256.221480024 246.990415534 236.227038655 224.234693606 211.341796313 197.889351368 184.219405014
170.664871345 157.541030748 145.138853927 133.72016226 123.514505645 114.717531242 107.490537188 101.960859239 98.2227271552 96.3382508696
