320.993804751 320.570038102 319.725869661 318.468000418 316.806410296 314.754272991 312.327843596 309.546320002 306.43167931 303.008490684
299.303706312 295.346432305 291.16768157 286.80011081 282.277743998 277.635684726 272.909819978 268.136517911 263.352322308 258.593646359
253.896468455 249.296032644 244.826556357 240.520947926 236.410536359 232.524815669 228.891205987 225.534833458 222.478330819 219.741660318
217.341960447 215.293417758 213.607164779 212.291204832 211.350364303 210.786272663 210.597370305 210.778943999 211.323189526 212.219300811
213.45358464 215.009599818 216.868319417 219.008314552 221.405957941 224.035645338 226.870032766 229.880287355 233.036349468 236.307203714
239.661156371 243.066116699 246.489879606 249.900407119 253.266106142 256.556100028 259.740491566 262.790615063 265.679275326 268.380971468
270.872103622 273.131160806 275.138888372 276.878433658 278.335468678 279.498288901 280.357887394 280.908003834 281.14514813 281.068598634
280.680375162 279.985187253 278.990358348 277.705726792 276.143524736 274.318236266 272.246436232 269.946611445 267.438966046 264.745213013
261.888353864 258.892448733 255.782379062 252.583605205 249.321921299 246.023209727 242.713197527 239.417217048 236.159973099 232.965318778
229.856042045 226.853665022 223.978257834 221.248268691 218.680371706 216.289333802 214.087901847 212.086710956 210.294214705 208.71663775
207.357951184 206.219870665 205.301877205 204.601260221 204.113182283 203.830764763 203.745193378 203.845842463 204.120416594 204.555108035
205.134768343 205.843092302 206.662812275 207.575900947 208.563780367 209.607535123 210.68812748 211.786612278 212.884349391 213.963211596
215.005785743 215.995565185 216.917131531 217.756323871 218.500393794 219.138144615 219.660053416 220.058374685 220.327224499 220.462644414
279.40013224 277.867077073 274.859368902 270.491399678 264.928828858 258.381751751 251.096048462 243.343280352 235.409562116 227.583880374
220.146352194 213.356918369 207.44494645 202.600178358 198.965398723 196.631125358 195.632535849 195.948747808 197.50446919 200.173933483
203.786937032 208.1367064 212.989246364 218.093757188 223.193665909 228.037792282 232.391166809 236.045035974 238.825627602 240.601305439
241.287814113 240.851400435 239.309690688 236.730302208 233.22726663 228.955437549 224.103142703 218.883416426 213.524208745 208.258010455
203.311357041 198.89467738 195.192935729 192.357478378 190.49944118 189.685003556 189.932691452 191.212840038 193.449230522 196.522818726
200.27738023 204.526812033 209.063757575 213.669163787 218.122338134 222.211052221 225.74123728 228.545835847 230.492412288 231.489180825
248.101206464 247.421733973 249.969707972 257.229380554 264.941924713 268.105753848 267.693996076 269.501638283 276.10710561 282.690063757
