267.121877077 267.008854298 266.786429078 266.461756425 266.045356489 265.550864765 264.994707281 264.395707664 263.774634397 263.153697878
262.55600797 262.005003631 261.523866808 261.134933206 260.859112659 260.715331696 260.720010528 260.886586017 261.22509135 261.741802011
262.438956349 263.3145576 264.362262551 265.571360341 266.926843067 268.409567992 269.996509313 271.661095586 273.373627162 275.101766304
276.811091129 278.465703167 280.028877148 281.46374068 282.733970779 283.804493754 284.64217473 285.216483215 285.500121411 285.469602618
285.105767906 284.394230353 283.325737441 281.896443715 280.108087487 277.968067152 275.489414578 272.69066502 269.595624948 266.233041177
262.636176579 258.842299488 254.892095602 250.829012717 246.698549983 242.547504474 238.423188788 234.372634006 230.441792671 226.6747566
223.113004059 219.794690416 216.753995605 214.020540738 211.618884971 209.568112227 207.881515808 206.566387026 205.623912152 205.049179886
204.831299547 204.953628071 205.394101871 206.125667663 207.116804448 208.33212716 209.733060914 211.278573448 212.92595225 214.631611992
216.351917294 218.044005555 219.666594546 221.180759726 222.550666807 223.744245899 224.733794659 225.496499181 226.014862889 226.277035435
182.193163866 177.313666068 167.832107904 155.214983877 141.857588432 129.077077545 115.899775725 100.99061172 86.0237091048 76.157429759
187.194077334 189.082192356 192.747724737 197.975749772 204.45966758 211.819081345 219.621927803 227.409532394 234.723089273 241.129985772
246.24840679 249.768765584 251.470706646 251.234701146 249.047588695 245.001790284 239.288303066 232.183964494 224.033817882 215.229702712
206.186413174 197.316904326 189.008068855 181.598556643 175.359967774 170.482526753 167.066055757 165.116726336 164.549703508 165.197426662
166.822921332 169.13722652 171.819773103 174.540375172 176.981408478 178.858753461 179.940173923 180.059979715 179.129071305 177.139769258
174.165173131 170.353149741 165.915397807 161.112352206 156.23495651 151.584530338 147.452075731 144.09839713 141.736350725 140.516395052
