302.719312105 300.100332678 295.005719161 287.714007623 278.62309411 268.227655779 257.091145861 245.813998705 234.999897434 225.222061957
216.991503492 210.729064291 206.742826321 205.212144685 206.179161158 209.548204659 215.093016518 222.471277303 231.245486762 240.908884619
250.914818997 260.707787657 269.754305003 277.57178834 283.753806466 287.990282054 290.08156996 289.945725365 287.618703504 283.247669721
277.078017504 269.435066969 260.701724252 251.293604798 241.633247781 232.125068155 223.132607259 214.959459204 207.834981271 201.905560639
197.231829088 193.791817081 191.489644779 190.168985708 189.63023206 189.650058676 190.001940145 190.476130806 190.897673251 191.141152774
326.530378965 325.805964939 324.21861544 321.512751935 317.3561939 311.394918705 303.315724019 292.909354283 280.126411491 265.118957415
248.262077763 230.151686347 211.577299569 193.471161021 176.837672203 162.669321719 151.856966242 145.103221101 142.84775928 145.212472756
151.972785388 162.559070654 176.089338018 191.431374228 207.289648616 222.309797224 235.191638661 244.800636279 250.26762076 251.067449162
247.069033504 238.551669539 226.185607428 210.978052145 194.188958989 177.223798871 161.512641976 148.386238109 138.960127216 134.037155273
202.664707204 203.051248329 203.816589559 204.945401495 206.415068619 208.196135227 210.252886234 212.544051407 215.023619123 217.64174362
220.345727825 223.081062374 225.792500318 228.425146289 230.925538611 233.242702983 235.329156886 237.141844853 238.642986065 239.800817484
240.590217759 240.993199488 240.999260015 240.605583715 239.817091635 238.646337389 237.113251215 235.244737111 233.074130862 230.640529531
227.988005538 225.164720733 222.221957865 219.213088528 216.192497899 213.214487526 210.332177844 207.596432166 205.054823519 202.750664869
200.722122104 199.001427525 197.614209685 196.578953151 195.90659924 195.600296043 195.65530315 196.059053451 196.791371324 197.824843467
199.125335599 200.652645434 202.361279589 204.201339667 206.119500572 208.06006227 209.966054703 211.780374519 213.446931539 214.911782681
216.124231202 217.037869766 217.611546824 217.810237275 217.605800134 216.977608078 215.913036201 214.407799952 212.466135138 210.100815902
207.333009673 204.191971239 200.714581183 196.94473693 192.93260749 188.73376563 184.408213589 180.019320506 175.632691469 171.314989443
167.132732247 163.151087295 159.432686868 156.036486336 153.016686959 150.421743687 148.29347678 146.666304118 145.566608767 145.012253839
