240.149805386 241.058373878 241.018628842 239.71820991 241.065350567 251.497515802 274.764685968 307.628803009 340.143223806 360.366188189
279.670646274 279.001463507 278.721465344 280.3415513 284.88071942 292.008680351 299.684849551 304.515286888 302.761715134 291.662418528
270.57365143 241.476328657 208.608630476 177.303023359 152.406992631 136.835145746 130.768913506 131.795983331 135.944887064 139.244477696
230.383164672 230.556686707 230.902277426 231.417042768 232.096673128 232.935480792 233.926449304 235.06129426 236.330534979 237.723576339
239.228799997 240.833664136 242.524810776 244.288179617 246.109127361 247.972551349 249.863016374 251.764883462 253.662439416 255.540025919
257.382167 259.173693685 260.899864697 262.546482108 264.100000909 265.547631527 266.877434389 268.078405733 269.140553941 270.054965775
270.813862012 271.410642059 271.839917273 272.097532794 272.180577844 272.087384538 271.817515376 271.371739707 270.751999544 269.961365225
269.003981514 267.885004815 266.610532264 265.18752354 263.623716289 261.927536117 260.10800216 258.17462925 256.137327744 254.006302079
251.791949113 249.50475731 247.155207799 244.753678307 242.310350912 239.83512452 237.337532907 234.826669079 232.311116652 229.798888849
227.29737561 224.813299261 222.352679026 219.920804617 217.522219009 215.160710407 212.839313307 210.560318471 208.325291515 206.135099723
203.989946634 201.889413827 199.832509304 197.817721744 195.843079916 193.906216416 192.004434906 190.134779979 188.294108766 186.479163372
184.686643256 182.913276661 181.155890229 179.411475966 177.677254758 175.950735699 174.229770538 172.51260262 170.797909775 169.084840669
167.373044235 165.662691879 163.954492231 162.249698326 160.550107184 158.858051836 157.176385956 155.508461327 153.858098475 152.22955086
150.627463112 149.056823859 147.522913759 146.031249388 144.587523726 143.197543959 141.867167404 140.602236339 139.408512568 138.291612506
137.256943616 136.309642964 135.454518643 134.69599481 134.038060981 133.484226221 133.037478794 132.700251745 132.474394856 132.36115331
