364.489541692 361.528716673 355.837686321 347.857937225 338.204070091 327.61139171 316.873482105 306.77522966 298.027189046 291.20694812
286.71250981 284.731570036 285.22911052 287.95406397 292.464104006 298.16602119 304.3678149 310.337677897 315.364558238 318.814989193
320.181371865 319.117821014 315.460945695 309.23440613 300.637621982 290.02045716 277.846934923 264.651931552 250.995278542 237.417735881
224.402890884 212.348240161 201.54761644 192.185844921 184.345189971 178.021918902 173.150290837 169.630576925 167.357401302 166.244787565
203.408758573 203.512857231 203.720198849 204.029078076 204.436951964 204.940457952 205.535437655 206.216966313 206.979387684 207.816354177
208.72087194 209.685350606 210.701657381 211.761175098 212.854863866 213.973325893 215.106873067 216.24559682 217.379439845 218.49826915
219.591949988 220.650420155 221.663764158 222.622286759 223.516585394 224.337620979 225.076786622 225.72597377 226.277635348 226.724845438
227.061355105 227.281643961 227.380967121 227.35539721 227.201861109 226.918171189 226.503050786 225.956153717 225.278077681 224.470371431
223.535535619 222.47701728 221.299197969 220.007375564 218.607739843 217.107341941 215.514057855 213.836546201 212.084200451 210.267095941
208.395931942 206.481969153 204.536962977 202.573092988 200.602889022 198.639154325 196.694886258 194.783195024 192.917220934 191.110050729
189.374633481 187.723696598 186.169662473 184.724566306 183.399975619 182.206911987 181.155775491 180.256272385 179.51734644 178.947114446
178.552806262 178.340709855 178.316121682 178.483302752 178.845440705 179.404618145 180.1617875 181.116752569 182.268156946 183.613479413
185.149036385 186.869991433 188.770371869 190.843092348 193.079985358 195.471838494 198.008438296 200.678620439 203.470326012 206.370663574
209.365976649 212.441916282 215.583518251 218.77528449 222.001268271 225.245162635 228.490391573 231.720203427 234.917765947 238.066262474
241.148988648 244.149449091 247.051453482 249.839211441 252.497425671 255.011382775 257.367041216 259.551115873 261.551158688 263.355634899
264.953994392 266.336737742 267.495476503 268.422987396 269.113260037 269.561537893 269.764352213 269.719548689 269.426306681 268.885150851
268.097955114 267.067938857 265.799655418 264.298972872 262.573047191 260.630287939 258.480316648 256.133918117 253.602984879 250.900455154
248.040244616 245.037172361 241.906881489 238.665754744 235.330825696 231.919685953 228.450388952 224.941350861 221.411249172 217.878919553
214.363251566 210.883083848 207.457099345 204.103721234 200.841010099 197.686562993 194.65741494 191.769943464 189.03977671 186.481705659
184.109600984 181.936335007 179.973709216 178.232387778 176.721837414 175.450274006 174.424616231 173.650446509 173.131979481 172.872038204
