312.360784603 310.901623125 308.01033583 303.740458055 298.170964158 291.404704617 283.566373835 274.800051499 265.26636917 255.139361587
244.60306853 233.847958097 223.067245626 212.453184287 202.193403445 192.467369379 183.443039743 175.273778476 168.095591729 162.024738012
157.155757226 153.559953916 151.284359961 150.351191423 150.757803567 152.477137346 155.458640274 159.629634699 164.89709731 171.149805524
178.260799199 186.090100333 194.487628823 203.296249379 212.354883132 221.501617446 230.576748966 239.425697823 247.901735244 255.868472288
263.202064037 269.793091093 275.548088422 280.390700338 284.262449443 287.123116424 288.950736582 289.74122755 289.507670702 288.279276052
286.100066828 283.027325264 279.129845344 274.486041192 269.181961472 263.309260567 256.963176375 250.240562437 243.238018849 236.050162029
228.768068235 221.477919655 214.259875377 207.187182502 200.3255355 193.732684682 187.45828762 181.543990714 176.023721909 170.924170198
166.265422898 162.061728032 158.322346563 155.052457648 152.254079701 149.926970756 148.069473416 146.679272492 145.754037206 145.291924387
247.813101181 247.572514971 247.093385436 246.379779302 245.437749227 244.275277411 242.902201272 241.330121927 239.572296371 237.643514421
235.559961627 233.339069504 230.999354537 228.560247556 226.041915123 223.465074696 220.850805347 218.220355882 215.594952223 212.995605891
210.442925455 207.956932726 205.556885466 203.261108267 201.086833216 199.050051806 197.165379471 195.445933977 193.903228752 192.547082109
191.385543097 190.424834625 189.669314248 189.121452884 188.781831513 188.649155757 188.720288041 188.990296862 189.452522553 190.098658721
190.918848436 191.901794064 193.034879544 194.304303778 195.695223686 197.19190544 198.777882256 200.436117147 202.149168935 203.899359853
205.668943043 207.440268282 209.195944317 210.918996208 212.593016186 214.202306595 215.73201358 217.168250324 218.498208713 219.710258494
220.794033089 221.740501404 222.542025119 223.192401105 223.68688877 224.022222314 224.196608005 224.209706787 224.062602633 223.757757249
223.29895185 222.691216846 221.940750436 221.054827165 220.041697626 218.910480563 217.671048671 216.333909492 214.910082768 213.410975697
211.8482575 210.233734703 208.579228511 206.896455607 205.19691364 203.49177261 201.791773255 200.107133452 198.447463544 196.82169138
195.237997728 193.703762591 192.225522832 190.808941343 189.458787894 188.178931619 186.972344975 185.841118883 184.786488596 183.808869755
182.907903944 182.082512966 181.330960955 180.650923355 180.039561732 179.493603304 179.009424044 178.583134178 178.210664866 177.887854873
177.610536027 177.374616307 177.176159418 177.011459796 176.877112028 176.770073755 176.68772123 176.627896783 176.588947571 176.569755093
