256.683379182 257.18806457 258.187790233 259.663423978 261.586660072 263.920483278 266.61977596 269.632058566 272.898351618 276.354145453
279.930462159 283.554992742 287.153291286 290.650006983 293.970134277 297.040261069 299.789794926 302.152147599 304.065858771 305.475640926
306.333328461 306.598715657 306.240269916 305.235708575 303.572429848 301.247790666 298.269226686 294.654212192 290.430060174 285.633565394
280.310495764 274.514939754 268.308519841 261.759484176 254.941690539 247.933498446 240.816586669 233.674714714 226.59244765 219.653864325
212.941269285 206.533928676 200.506850077 194.929625521 189.865356012 185.369674574 181.489883349 178.264218469 175.721254447 173.879457649
172.746896065 172.32111016 172.589147053 173.527757712 175.103754275 177.274522117 179.988678824 183.186869928 186.802689103 190.763708552
194.992603582 199.408353864 203.927502664 208.465454395 212.937790251 217.26158136 221.356678921 225.14696116 228.561517579 231.535751954
234.012386811 235.942353621 237.285554771 238.011485345 238.099704939 237.540152122 236.333296563 234.490126422 232.031971178 228.990162648
225.405539477 221.327802843 216.814733471 211.931282185 206.748548265 201.342661587 195.793586088 190.18386327 184.597315477 179.11772924
173.827539345 168.806534262 164.130603225 159.870544616 156.09095434 152.849211632 150.194578197 148.16742481 146.798597521 146.108933397
408.292784307 406.695869619 403.370712211 398.078292256 390.516353474 380.379344793 367.4265721 351.550124431 332.833895085 311.59572666
288.406308324 264.080788937 239.641908223 216.256502424 195.150196814 177.507646635 164.367558309 156.522706849 154.43514158 158.175718621
167.395095704 181.330549686 198.849686173 218.528616243 238.758814833 257.873979257 274.286064768 286.618508816 293.824597131 295.27999882
290.840621349 280.859925343 266.163424059 247.981944021 227.848983617 207.47082242 188.580591721 172.78907108 161.445374461 155.519888058
288.61895434 290.732334677 294.806551344 300.545689993 307.528260604 315.232541624 323.067948585 330.410541908 336.640543251 341.179614206
343.525672197 343.283174432 340.187081814 334.11910323 325.115292479 313.364596011 299.19849724 283.072438724 265.540194263 247.222778968
228.77380149 210.843360017 194.042650887 178.91139245 165.889972154 155.297914605 147.319862716 141.999788794 139.24363768 138.830082138
140.428574278 143.623436629 147.942379741 152.887581543 157.967332077 162.726243025 166.772143828 169.798026381 171.597742215 172.074577039
171.242300258 169.218780923 166.212744759 162.504688584 158.423340301 154.319331312 150.537916022 147.392619838 145.141620103 143.968469276
