372.452969998 372.994479076 373.762977982 374.191509865 373.573353209 371.204372938 366.528483112 359.258804912 349.451239587 337.515592521
324.16060957 310.281337797 296.80795331 284.542676181 274.014238855 265.377014524 258.374680041 252.377378109 246.488608799 239.705716224
231.108001536 220.040936019 206.264698089 190.040443069 172.13753028 153.757771538 136.386489076 121.592468942 110.807680067 105.121391496
254.148787734 254.34446431 258.359307126 260.613399786 245.447528804 207.580355368 167.980255784 157.581757912 182.173005416 211.700097064
264.683047478 264.72094339 264.796349147 264.908495003 265.056232295 265.238040553 265.452036916 265.695987794 265.967322727 266.26315033
266.58027627 266.915223134 267.2642521 267.623386274 267.988435559 268.355022915 268.718611852 269.074535004 269.418023614 269.744237755
270.048297122 270.325312205 270.570415661 270.778793716 270.945717395 271.066573406 271.136894497 271.152389105 271.108970123 271.002782614
270.830230303 270.588000702 270.273088697 269.882818476 269.414863649 268.867265443 268.238448859 267.527236696 266.732861331 265.854974212
264.893652966 263.849406095 262.723175212 261.516334792 260.230689439 258.86846866 257.432319178 255.925294803 254.350843919 252.712794643
251.015337728 249.263007295 247.460659495 245.613449219 243.72680496 241.806401977 239.858133896 237.888082901 235.902488672 233.907716245
231.910222969 229.916524722 227.933161598 225.966663236 224.02351398 222.110118079 220.232765104 218.397595775 216.61056841 214.877426149
213.203665177 211.594504086 210.054854589 208.589293721 207.202037706 205.896917632 204.677357081 203.546351844 202.506451837 201.55974533
200.707845593 199.951880027 199.292481861 198.729784472 198.263418366 197.89251085 197.615688405 197.431081768 197.336333695 197.328609388
197.404609522 197.560585839 197.792359206 198.095340074 198.464551227 198.894652702 199.379968773 199.914516842 200.492038103 201.106029818
201.749779031 202.416397564 203.098858087 203.790031095 204.48272259 205.16971226 205.843791975 206.497804374 207.124681352 207.717482234
208.269431439 208.773955424 209.224718715 209.615658834 209.941019922 210.195384885 210.373705887 210.471333017 210.484040986 210.408053684
210.240066492 209.977266194 209.617348396 209.158532347 208.599573075 207.939770768 207.17897735 206.317600188 205.356602936 204.29750347
203.142368943 201.893807964 200.55495994 199.129481632 197.621530985 196.035748306 194.377234899 192.651529241 190.864580834 189.022721861
187.132636786 185.201330053 183.236092055 181.244463538 179.234198628 177.213226673 175.189613093 173.171519434 171.167162852 169.184775212
167.232562036 165.318661495 163.451103672 161.6377703 159.886355189 158.20432554 156.598884363 155.076934176 153.645042192 152.30940716
151.075828052 149.949674738 148.935860816 148.038818745 147.262477387 146.610242108 146.084977507 145.688992901 145.424030603 145.291257094
