221.295169779 225.395926943 233.079347269 243.387533333 255.066777588 266.754171279 277.177067137 285.333874417 290.628083093 292.935403688
292.59510048 290.329091761 287.104090987 283.961020707 281.840684058 281.434490693 283.084016669 286.744261851 292.014237692 298.226931515
304.580744311 310.287872515 314.712888722 317.477281499 318.512425049 318.053122224 316.574751545 314.687207646 313.006458887 312.028321117
302.054144589 302.626255873 303.748201607 305.376060678 307.44551486 309.873675272 312.561436437 315.396291454 318.255528956 321.009722029
323.526411424 325.673880376 327.324916354 328.360456049 328.673013864 328.169800921 326.775450942 324.434280933 321.112028107 316.797019405
311.500745978 305.257831463 298.125399424 290.181861469 281.525162761 272.270535581 262.547823883 252.498452092 242.272119511 232.023307443
221.907689445 212.078535922 202.683202714 193.859789398 185.734047068 178.416607454 172.000595796 166.559679124 162.146589884 158.792152522
156.504828026 155.270778878 155.054444626 155.799606767 157.430910888 159.855804448 162.966840221 166.644288468 170.758995412 175.1754216
179.754791297 184.358283062 188.850192156 193.100997249 196.990267004 200.409346354 203.263767586 205.475337523 206.983859033 207.748452718
172.855286686 175.749744854 181.24538818 188.783910367 197.595721834 206.774016189 215.361999515 222.444863429 227.23763459 229.160444977
227.893997995 223.409934806 215.97324482 206.116576105 194.589021483 182.284419704 170.15617908 159.126912771 150.001647143 143.392983096
139.665394114 138.903952601 140.910374244 145.226594403 151.183402964 157.969227551 164.712207018 170.567427324 174.800722768 176.860821186
176.432793242 173.467635437 168.185188946 161.050237503 152.72427724 143.997848802 135.710231775 128.664536051 123.546663567 120.856214468
