290.366354591 290.255068981 290.033033412 289.701316343 289.261513374 288.715738792 288.066614353 287.317255391 286.471254297 285.532661486
284.505963934 283.396061406 282.208240509 280.948146699 279.621754402 278.235335404 276.795425679 275.308790837 273.782390378 272.223340937
270.638878724 269.036321362 267.423029314 265.80636713 264.193664694 262.592178704 261.009054567 259.451288939 257.925693087 256.438857283
254.997116412 253.606516989 252.272785747 251.00129997 249.797059731 248.664662182 247.608278024 246.631630294 245.737975572 244.930087713
244.210244179 243.580215056 243.041254804 242.59409678 242.238950571 241.975502131 241.802916743 241.719844761 241.724430119 241.814321547
241.986686435 242.238227264 242.565200521 242.963437979 243.428370243 243.955052417 244.538191757 245.172177165 245.851110345 246.56883848
247.318988214 248.095000795 248.890168153 249.697669736 250.510609907 251.322055679 252.125074607 252.912772624 253.6783316 254.415046455
255.116361596 255.77590649 256.387530197 256.945334651 257.443706538 257.877347575 258.241303048 258.530988453 258.742214081 258.871207445
258.91463341 258.869611926 258.733733272 258.505070736 258.182190653 257.764159773 257.250549895 256.641439772 255.937414263 255.139560752
254.249462848 253.269191417 252.201292988 251.048775599 249.815092185 248.504121569 247.120147196 245.667833709 244.1522015 242.578599396
240.952675607 239.280347113 237.567767662 235.821294539 234.047454315 232.252907738 230.444413986 228.628794455 226.812896294 225.003555891
223.207562493 221.431622185 219.68232239 217.966097126 216.289193167 214.65763733 213.077205032 211.553390319 210.091377502 208.696014572
207.371788528 206.122802756 204.95275657 203.864927042 202.862153197 201.94682267 201.120860887 200.385722835 199.742387447 199.191354643
198.73264503 198.365802264 198.08989805 197.903539757 197.804880589 197.791632265 197.861080123 198.010100568 198.235180757 198.532440411
198.89765563 199.326284576 199.813494872 200.354192575 200.943052541 201.574550029 202.242993352 202.942557395 203.667317823 204.411285763
205.168442792 205.932776012 206.698313033 207.459156654 208.209519062 208.943755341 209.656396123 210.342179177 210.996079782 211.613339692
212.189494554 212.720399601 213.202253503 213.63162022 214.005448749 214.321090651 214.576315258 214.769322477 214.898753126 214.963696724
