258.401037012 258.283108436 258.047764661 257.69602974 257.229433018 256.650001102 255.960247214 255.163158009 254.262177923 253.261191146
252.16450132 250.97680909 249.703187624 248.349056252 246.920152382 245.422501836 243.862387797 242.246318533 240.580994087 238.873272119
237.130133102 235.358645059 233.565928055 231.759118623 229.945334344 228.131638766 226.325006859 224.532291197 222.760189054 221.015210588
219.303648287 217.631547841 216.004680584 214.428517667 212.908206073 211.448546607 210.053973967 208.728538984 207.47589312 206.299275281
205.20150101 204.184954083 203.251580545 202.402885187 201.639930454 200.963337776 200.373291278 199.869543816 199.45142529 199.117853151
198.867345006 198.698033245 198.607681555 198.593703211 198.65318102 198.782888767 198.979314029 199.238682193 199.556981534 199.929989176
200.353297781 200.822342794 201.332430077 201.878763759 202.456474135 203.060645454 203.686343428 204.328642297 204.982651307 205.643540456
206.306565345 206.967091032 207.620614737 208.262787301 208.889433286 209.496569617 210.080422691 210.637443877 211.164323335 211.658002125
212.115682545 212.534836694 212.913213232 213.24884234 213.540038891 213.785403856 213.983823972 214.134469723 214.236791684 214.290515291
214.295634113 214.252401715 214.161322181 214.023139421 213.838825339 213.609566994 213.336752851 213.021958244 212.666930176 212.273571568
211.843925091 211.380156695 210.884538958 210.359434388 209.807278773 209.230564722 208.631825478 208.013619135 207.378513342 206.7290706
206.067834222 205.397315061 204.719979054 204.038235662 203.354427249 202.670819461 201.989592625 201.312834213 200.642532373 199.980570556
199.328723218 198.688652605 198.061906598 197.44991759 196.854002362 196.275362917 195.715088227 195.174156828 194.653440207 194.153706914
193.675627328 193.219778989 192.786652432 192.376657434 191.990129577 191.627337064 191.288487681 190.973735829 190.683189543 190.416917398
190.174955247 189.957312694 189.763979228 189.594929963 189.450130908 189.32954371 189.233129824 189.160854057 189.112687449 189.088609464
