299.745037784 299.528200732 299.095622879 298.449490657 297.593068576 296.53068116 295.267689029 293.810459261 292.166330226 290.343571076
288.351336154 286.199614575 283.899175277 281.461507874 278.898759646 276.22366905 273.449496125 270.589950208 267.659115383 264.671374088
261.641329333 258.58372597 255.513371477 252.445056709 249.39347706 246.373154507 243.398360956 240.483043332 237.640750843 234.884564804
232.227031428 229.68009794 227.255052368 224.962467333 222.812148137 220.813085413 218.973412591 217.300368378 215.800264443 214.47845845
213.339332555 212.386277453 211.621682009 211.046928516 210.662393524 210.46745422 210.460500255 210.638950905 210.999277426 211.537030414
212.246871965 213.122612418 214.157251394 215.343022881 216.671444033 218.133367385 219.719036121 221.418142063 223.219885998 225.113039966
227.086011139 229.12690688 231.223600611 233.363798073 235.535103616 237.725086108 239.921344096 242.111569859 244.283611979 246.425536095
248.525683522 250.572727405 252.555726145 254.464173808 256.288047276 258.017849933 259.644651668 261.160125042 262.556577471 263.826979301
264.964987704 265.964966316 266.822000601 267.531908927 268.091249381 268.497322369 268.748169085 268.842565941 268.780015088 268.560731176
268.185624522 267.656280873 266.974937977 266.14445918 265.168304294 264.050497987 262.795595952 261.408649139 259.895166312 258.261075236
256.512682757 254.656634081 252.699871526 250.649593034 248.513210716 246.298309702 244.012607558 241.663914508 239.260094715 236.809028828
234.318578008 231.796549626 229.250664804 226.688527945 224.117598403 221.545164394 218.978319238 216.423940024 213.888668728 211.378895826
208.900746408 206.460068785 204.062425546 201.713087035 199.417027153 197.178921419 195.003147174 192.893785805 190.854626875 188.889173979
187.000652206 185.192017002 183.465964288 181.824941629 180.271160279 178.8066079 177.43306178 176.152102337 174.965126736 173.873362421
172.877880401 171.979608083 171.179341529 170.477756944 169.875421282 169.372801816 168.970274569 168.668131505 168.466586379 168.365779193
