346.19813494 345.90750603 345.327672227 344.461472983 343.313146089 341.888302159 340.193890892 338.238159311 336.030602273 333.581905579
330.903882054 328.00940104 324.912311745 321.627360984 318.170105837 314.556821806 310.804407086 306.930283561 302.952295194 298.888604458
294.757587495 290.577728668 286.367515209 282.14533261 277.929361451 273.737476306 269.587147365 265.495345384 261.478450567 257.552165905
253.731435537 250.030368584 246.462168915 243.039071255 239.772283973 236.671938869 233.747048214 231.005469251 228.453876296 226.09774056
223.941317723 221.987643247 220.238535389 218.694605772 217.355277377 216.218809721 215.282330977 214.541876714 213.992434927 213.627996954
213.441613867 213.425457872 213.57088824 213.868521253 214.308303639 214.879588931 215.571216209 216.371590635 217.268765219 218.250523227
219.304460667 220.418068287 221.578812534 222.774214934 223.99192938 225.21981684 226.446017004 227.659016458 228.847712958 230.001475455
231.110199523 232.164357919 233.155046012 234.074021877 234.913740891 235.667384714 236.328884578 236.892938848 237.355024875 237.711405192
237.959128151 238.096023137 238.120690538 238.032486676 237.831503959 237.518546518 237.09510164 236.56330734 235.925916417 235.186257364
234.348192549 233.416074041 232.394697511 231.289254634 230.105284385 228.848623687 227.525357793 226.141770822 224.704296848 223.219471915
221.693887332 220.134144615 218.546812367 216.938385402 215.315246384 213.683630203 212.049591305 210.418974151 208.797386927 207.190178645
205.602419667 204.038885732 202.504045454 201.002051294 199.536733922 198.111599889 196.729832489 195.394295649 194.107540683 192.87181571
191.689077497 190.561005504 189.489017873 188.474289061 187.517768877 186.62020259 185.782151838 185.004016026 184.286053921 183.628405148
183.031111298 182.494136369 182.017386285 181.600727229 181.244002564 180.947048133 180.70970574 180.531834646 180.413320942 180.35408468
195.413779276 197.537302653 201.708025307 207.77599623 215.522931917 224.669911949 234.887191262 245.80576732 257.030277118 268.152752193
278.766731258 288.481220789 296.93400407 303.803828286 308.821046007 311.776349765 312.5273138 311.002542388 307.203315918 301.202720371
293.1423394 283.226676979 271.715559299 258.914834071 245.165741133 230.833368278 216.294629229 201.926206108 188.092886773 175.136698828
163.367198607 153.053217028 144.416297561 137.625987761 132.797067948 129.988722186 129.205580942 130.400494785 133.478837055 138.304082941
144.704374612 152.479758283 161.409769849 171.261050954 181.79469637 192.773064971 203.965828619 215.15508357 226.139405013 236.736784213
246.786446576 256.149604954 264.709253046 272.369146518 279.052152522 284.698170304 289.261835678 292.710220046 295.020720786 296.179315075
