354.897378773 354.373986395 353.332175841 351.781872361 349.737904567 347.219929526 344.252326817 340.864056815 337.088477837 332.963116516
328.529385855 323.832245899 318.919802887 313.842843975 308.654306319 303.408681215 298.161356214 292.967900502 287.883301316 282.96116162
278.252871662 273.806769195 269.667305061 265.87423234 262.461838336 259.458239228 256.884757147 254.755398851 253.076453865 251.846228096
251.05492647 250.684695102 250.709830037 251.097155717 251.806572129 252.791765254 254.001071012 255.378478531 256.864754468 258.39866626
259.918278831 261.362296514 262.671419803 263.789685178 264.665755698 265.254130338 265.516241213 265.421409828 264.947636371 264.082199635
262.822049462 261.17397846 259.154565076 256.789885716 254.114999457 251.173214647 248.015152419 244.697627461 241.282371301 237.834627681
234.421653151 231.11115879 227.96973078 225.061268454 222.44547826 220.176460981 218.301427393 216.859574485 215.881150444 215.386731944
235.684459957 235.550659022 235.284515987 234.88893496 234.368238319 233.728126507 232.975624994 232.119018884 231.167775747 230.132457376
229.024621268 227.856712708 226.641948426 225.394192887 224.127828309 222.857619588 221.598575347 220.36580635 219.174382556 218.039190103
216.974789498 215.995276293 215.11414549 214.344160899 213.697230621 213.184289757 212.815191418 212.598606991 212.541936566 212.651230315
212.931121539 213.384771972 214.013829821 214.818400945 215.797033396 216.946715481 218.262887359 219.73946606 221.368883712 223.142138639
225.048858865 227.077377474 229.214819151 231.447197144 233.759519787 236.135905658 238.559706343 241.013635738 243.479904766 245.940360311
248.376627181 250.770251853 253.10284676 255.356233871 257.512586342 259.554567003 261.465462524 263.229312111 264.83102965 266.256518284
267.492776466 268.527994636 269.351641716 269.954540769 270.328933213 270.468531111 270.368557187 270.025772284 269.438490126 268.606579363
267.53145297 266.216045198 264.664776388 262.883506057 260.879474775 258.661235439 256.238574663 253.622425057 250.824769266 247.858536711
244.737494009 241.476130118 238.089537304 234.593289007 231.003315772 227.335780353 223.606953139 219.833089016 216.030306767 212.214472067
208.401085102 204.605173762 200.841193333 197.122933509 193.463433474 189.874905758 186.368669404 182.955092979 179.643547783 176.442371566
173.358842916 170.399166407 167.568468478 164.870803901 162.309172605 159.885546524 157.60090603 155.455285431 153.447826928 151.576842332
149.839881795 148.233808717 146.754879961 145.398830438 144.160961109 143.0362294 142.019341037 141.104842265 140.287211453 139.560949078
138.920665105 138.361162828 137.877518252 137.465154182 137.119908212 136.838093883 136.616554379 136.452708163 136.344586089 136.290859578
