204.439403955 205.077950336 206.412614163 208.547800485 211.614587149 215.743622865 221.034467718 227.525288781 235.166920977 243.804952402
253.172724224 262.897022761 272.516896748 281.514593645 289.356224497 295.538583789 299.637697493 301.354246269 300.551067413 297.27848658
291.78422737 284.506006354 276.046518002 267.132196931 258.558751207 251.127831406 245.580197121 242.531260428 242.414863942 245.440579627
251.568736276 260.505890282 271.72167871 284.486096852 297.92439938 311.085206474 323.016156521 332.840703666 339.829484702 343.460096333
331.152339204 331.77340993 331.487263636 327.935396145 319.037739336 304.051175461 284.127874781 262.115685607 241.642871046 225.820357224
216.061345788 211.492435164 209.217898851 205.377692156 196.631681374 181.526256751 161.225223463 139.309052762 120.68489903 109.978906576
270.055204749 268.867205758 266.543547067 263.186485368 258.943461208 254.000269276 248.572443677 242.895251004 237.212748139 231.766405241
226.783815522 222.46801099 218.987877613 216.470115244 214.993119382 214.583076354 215.212464578 216.801046565 219.21932406 222.294317171
225.817422457 229.554009504 233.254334782 236.665289172 239.54245441 241.661925596 242.831362947 242.899765823 241.765514602 239.382299032
235.762642057 230.978831978 225.161188633 218.493706156 211.207230725 203.570441401 195.879000914 188.443326648 181.575496463 175.575846359
170.719835485 167.245747655 165.343767484 165.146914755 166.724244975 170.076630277 175.135327129 181.763419964 189.760108216 198.867683246
208.780926715 219.158557888 229.636268775 239.840816659 249.404596557 257.980093465 265.253617026 270.957749268 274.881988372 276.881145593
366.43641252 366.025877738 365.206321306 363.980768723 362.35375622 360.331328042 357.921032331 355.131915216 351.974512609 348.460839133
344.604373583 340.420040194 335.924185048 331.134546852 326.070221364 320.751618744 315.200413136 309.43948384 303.492847499 297.385580805
291.143733335 284.794230226 278.364764539 271.883679295 265.379839298 258.882493048 252.421125159 246.025299914 239.72449671 233.547938321
227.524413078 221.682092193 216.04834362 210.649543934 205.510889892 200.656211354 196.107787403 191.886167508 188.009999633 184.495867224
181.358136972 178.608819242 176.257442985 174.310946879 172.773588342 171.646871913 170.929498363 170.617335718 170.703413186 171.177938749
172.028340989 173.239335436 174.793015508 176.668967832 178.844411473 181.294360351 183.991807819 186.907932173 190.012321552 193.273216491
196.657768133 200.13230992 203.662640368 207.214314386 210.752940439 214.244480764 217.655551725 220.953721384 224.107801298 227.088129594
229.866842405 232.418130806 234.718480544 236.74689194 238.485077557 239.917635401 241.032195662 241.819539245 242.273686625 242.391955852
242.174988827 241.62674533 240.754464566 239.568594379 238.082688592 236.313273298 234.279683234 232.003869713 229.510181898 226.825123482
223.977087144 220.996069348 217.913368344 214.761268363 211.572713195 208.380972471 205.219304031 202.120615871 199.117131118 196.240059526
193.519278891 190.983029693 188.657626175 186.567186863 184.733387363 183.175238029 181.908888843 180.947463566 180.3009249 179.975972099
