368.233280495 366.113132913 361.92188936 355.756407324 347.758892674 338.113297365 327.040670359 314.79358803 301.649814887 287.905365738
273.867155778 259.845435093 246.146208561 233.063840842 220.874039339 209.827395732 200.143649508 192.006815233 185.561289877 180.909028076
178.107842659 177.170855934 178.067095193 180.723194445 185.026134553 190.826926524 197.945118499 206.17398661 215.286253966 225.040170874
235.185783358 245.471216117 255.64880028 265.480885324 274.745188152 283.239549844 290.785991602 297.233985044 302.462877546 306.383439972
308.938530978 310.102898304 309.882162306 308.311049605 305.450964592 301.387002933 296.224523843 290.08540635 283.104118942 275.423731798
267.191996408 258.557609034 249.6667625 240.660075789 231.669973355 222.818566685 214.216070155 205.959762271 198.133482881 190.807637418
184.039661478 177.874883621 172.347711669 167.483058437 163.297916997 159.802993409 157.00430642 154.904668746 153.504973037 152.805217121
201.070734948 202.283399605 204.670032966 208.154482139 212.625575195 217.94067901 223.930261844 230.403312892 237.153443311 243.965471143
250.622276884 256.911707704 262.633306718 267.604649428 271.667082165 274.690676786 276.578241301 277.268256756 276.736645554 274.997314376
272.101454677 268.135624169 263.21867235 257.497610864 251.142563872 244.340963734 237.291182045 230.195804701 223.254771554 216.658605953
210.581956897 205.177666765 200.571560868 196.858131967 194.097264162 192.31210707 191.488174063 191.573698732 192.481242925 194.09050905
196.252270047 198.793293923 201.522107023 204.235412544 206.724958842 208.784636822 210.21757738 210.84301896 210.502721767 209.066718779
206.438214173 202.557466283 197.404524046 191.000722013 183.408878205 174.732180236 165.111786784 154.723212414 143.771602612 132.4860414
121.113065013 109.909580723 99.1354092696 89.0456818167 79.8833275119 71.8718854134 65.2088648345 60.059861326 56.5536121273 54.7781456829
