360.010147268 359.488763777 358.455318806 356.928267158 354.934821781 352.51040121 349.697910182 346.546867849 343.112401107 339.454123237
335.634920406 331.719670432 327.773919604 323.862544216 320.048423844 316.391153172 312.945818463 309.761863534 306.882068336 304.341661046
302.167581955 300.377914451 298.981495092 297.977711213 297.35649082 297.098485665 297.17544459 297.5507704 298.180249864 299.012942972
299.992214345 301.05688685 302.14249492 303.182613089 304.110233604 304.859165957 305.36543061 305.568619201 305.41319407 304.849701024
303.835870862 302.337587267 300.329701198 297.796674859 294.733041552 291.143671323 287.043836006 282.459071213 277.424836726 271.985980718
266.196017055 260.116228602 253.814612908 247.364689761 240.844192867 234.333670241 227.915019772 221.669987776 215.678659184 210.01796828
204.760258625 199.971919974 195.71212859 192.031715509 188.972184911 186.56490196 184.830466315 183.778283991 183.406346499 183.701222288
184.638261442 186.182010541 188.286830579 190.897706932 193.951236701 197.376775353 201.09772147 205.032915817 209.098128644 213.207607472
217.275656386 221.218217216 224.954422905 228.408093864 231.509149132 234.194905744 236.411241827 238.113601453 239.267822296 239.850770456
324.965040924 324.229664336 322.7547423 320.532509471 317.55272282 313.804275961 309.277235006 303.965201672 297.867892575 290.993811115
283.362880434 275.008903122 265.981715677 256.348913276 246.197032877 235.632099833 224.779464283 213.782878125 202.802790418 192.013867674
181.601774865 171.759281793 162.681787031 154.562376699 147.586557128 141.9268181 137.737196133 135.148014717 134.260980037 135.144806474
137.831535955 142.313699297 148.542446458 156.426746608 165.833728954 176.590202152 188.485354927 201.274604315 214.684521784 228.41873268
242.164651943 255.600890039 268.405138487 280.26232504 290.872815258 299.960430366 307.280051259 312.624585386 315.831086937 316.785840967
315.428248242 311.753379035 305.81309994 297.715716934 287.624119357 275.752451879 262.361383713 247.75208497 232.25905798 216.242005433
200.076946258 184.146813429 168.83178455 154.499605644 141.496170707 130.136614163 120.697160561 113.407955928 108.447078776 105.935896591
381.197812134 379.467411253 376.03622011 370.962862357 364.333792583 356.261555603 346.882525213 336.354171794 324.851918365 312.565653489
299.695976692 286.450257595 273.038593622 259.669752891 246.547188698 233.865209804 221.805386718 210.53326826 200.195475251 190.917229189
182.800363548 175.92185416 170.332893162 166.058518603 163.097799227 161.424561522 160.988634097 161.717573145 163.518822377 166.282251632
169.883010638 174.184628125 179.042282048 184.306163922 189.824859402 195.448668194 201.032789144 206.440300807 211.544873869 216.233159254
220.406804481 223.984060531 226.900951978 229.111994098 230.59045189 231.328147067 231.334829931 230.637143282 229.277214922 227.310923696
224.805891135 221.839256474 218.495297022 214.86295841 211.03336017 207.097341306 203.14310817 199.254042969 195.506725903 191.969217241
188.699637929 185.745078667 183.140858108 180.910141134 179.063918308 177.601337829 176.510371938 175.768790892 175.345409636 175.20156534
175.292778177 175.570543305 175.984198994 176.482814398 177.01704051 177.540869486 178.013250573 178.399515405 178.672571165 178.813827023
