234.215892141 234.98766259 236.369991246 238.070279669 239.718666209 240.936390406 241.405643863 240.927778965 239.458782524 237.115018023
234.147677038 230.890190166 227.687986272 224.823519375 222.450742919 220.551933258 218.926125737 217.21302473 214.950000756 211.653773569
206.913657749 200.480667209 192.336830756 182.73180952 172.178915734 161.409104074 151.288374436 142.710140632 136.478449354 133.199734079
152.930266428 155.566949486 160.7183235 168.146794043 177.51158556 188.386498217 200.282008081 212.670479737 225.013093739 236.787005917
247.51125609 256.770029594 264.232040655 269.665041592 272.944751672 274.057826627 273.098834507 270.261545246 265.825159721 260.136380552
253.588445616 246.598393848 239.583903649 232.941033987 227.024109096 222.128826176 218.479442894 216.2206323 215.414294505 216.041305902
218.007887171 221.155999214 225.276947908 230.127207645 235.445369628 240.96908913 246.45094692 251.67224988 256.453965991 260.664207315
264.22192611 267.096756973 269.305203746 270.903616563 271.978615607 272.635780328 272.987525809 273.14112542 273.187808969 273.193770941
189.608333104 190.968473756 193.6487053 197.570132966 202.617389101 208.642099136 215.467333965 222.892910849 230.701378794 238.664503412
246.55005109 254.12866346 261.180610864 267.502217849 272.91176455 277.254684775 280.407904143 282.283189029 282.829408463 282.033645491
279.921130786 276.554008292 272.028979243 266.473905891 260.043488537 252.914158023 245.278349787 237.338344177 229.299870363 221.365677534
213.729276872 206.569051193 200.042916214 194.283698751 189.395373231 185.450269625 182.487334105 180.511489474 179.494106814 179.374563986
180.062831744 181.442995407 183.377590357 185.712603972 188.282975839 190.918412848 193.449326521 195.712696963 197.557671191 198.850713248
199.480138993 199.359889342 198.432421348 196.670625894 194.07871307 190.692040463 186.57589436 181.82326832 176.551716379 170.899388423
165.02038192 159.079566344 153.247053731 147.692500017 142.579427115 138.059754597 134.268722687 131.320375039 129.303751112 128.279914305
