230.915545927 231.534881531 232.763684137 234.582353159 236.961827447 239.863987853 243.242185584 247.04188924 251.201441894 255.652918055
260.323069046 265.1343441 270.005973492 274.855099157 279.597937597 284.150959448 288.432069808 292.361773425 295.864308997 298.868737252
301.309968032 303.129712438 304.277347012 304.710678145 304.396596135 303.311609826 301.442254283 298.785365655 295.348219125 291.14852763
286.214300902 280.583566227 274.303954121 267.432153963 260.03324631 252.179920308 243.951586107 235.433393626 226.715170278 217.890291337
209.054497573 200.304675524 191.737616252 183.448768829 175.531004833 168.073410093 161.160119575 154.86921078 149.271670315 144.430447354
140.399606637 137.223592359 134.9366129 133.562154798 133.112632685 133.589180178 134.981584881 137.268368786 140.417013479 144.384327682
149.116952795 154.5520003 160.6178132 167.234841985 174.316624166 181.770855016 189.500535979 197.405186157 205.382101443 213.327645235
221.138554207 228.713242414 235.953086962 242.763678728 249.05602199 254.747667498 259.763764321 264.03801685 267.513534514 270.143563154
271.892088488 272.73430374 272.656935245 271.65842166 269.748944273 266.950307852 263.295673344 258.829145687 253.605221831 247.688105886
241.15090002 234.074681321 226.547476348 218.663146375 210.52019752 202.220530913 193.868148851 185.567833429 177.423814563 169.538444386
162.010895009 154.935896272 148.402529673 142.493093889 137.282056435 132.835104893 129.208309849 126.447410291 124.587230606 123.651236662
