351.934240097 351.579139695 350.872051761 349.819128874 348.429419383 346.714657375 344.688993395 342.368674652 339.771685086 336.917356935
333.825966309 330.518325735 327.015386644 323.337864355 319.505897228 315.538750424 311.454573092 307.27021587 303.001113446 298.661234583
294.263099602 289.817862903 285.335455725 280.824782177 276.293959603 271.750592663 267.20206921 262.655865153 258.119845005 253.602544821
249.113424694 244.663078868 240.263392873 235.927638814 231.670501985 227.508034314 223.457532671 219.537342676 215.766591348 212.164854487
208.751767174 205.546587984 202.567729426 199.832268697 197.35545392 195.150221741 193.226742284 191.592007123 190.24947508 189.19878931
188.435577345 187.951343588 187.733461211 187.765267633 188.026264772 188.492422241 189.136578561 189.928932559 190.837614306 191.8293225
192.870013037 193.925621798 194.962803463 195.949667408 196.856491595 197.656395716 198.325955789 198.845743824 199.200778118 199.380872064
331.995345548 334.157536787 338.12899289 343.240822553 348.578418616 353.078008289 355.639892218 355.247079504 351.077456265 342.598223558
329.633048886 312.395027443 291.481885494 267.83355251 242.655919041 217.317922358 193.231735491 171.727518959 153.934762421 140.68163905
132.422076667 129.197583455 130.637512308 135.997733437 144.233972195 154.102720543 164.279972759 173.486328326 180.606413632 184.791156635
185.533147273 182.70796484 176.577692122 167.756538298 157.142195903 145.81989963 134.948809308 125.64204697 118.852311732 115.274418957
211.61056357 212.521847667 214.295710165 216.837027468 220.008730505 223.638260049 227.525713552 231.453315425 235.195782379 238.5311141
241.251319149 243.172587395 244.144443464 244.057459713 242.849170109 240.507905378 237.074361506 232.640813936 227.347994374 221.379751225
214.955713864 208.322270687 201.742247335 195.483731106 189.808527799 184.960756184 181.156082077 178.572068721 177.340073879 177.539058619
179.191591207 182.262235103 186.658407126 192.233684689 198.793434395 206.10253285 213.894858727 221.884156937 229.775814703 237.279048012
244.118977331 250.04807433 254.856486793 258.380795656 260.510824399 261.194203854 260.438491371 258.310748095 254.934587263 250.484815275
245.17989105 239.272523381 233.038806569 226.766357998 220.741964808 215.239268469 210.507014938 206.758374232 204.161787638 202.833735397
