217.660658325 218.437823649 219.978856643 222.257263512 225.233563639 228.85561882 233.059099245 237.768106377 242.89597434 248.346270793
254.014015482 259.787129545 265.548121509 271.176006874 276.548447652 281.544086711 286.045039744 289.939495875 293.124366853 295.507915149
297.012283728 297.575845244 297.15528641 295.727344683 293.290119251 289.863886791 285.491364302 280.237376384 274.18790201 267.448495703
260.142099275 252.406282169 244.389970083 236.249742133 228.145795326 220.237690957 212.680009725 205.618050518 199.183711294 193.491689036
188.636129374 184.687845036 181.6922063 179.667786382 178.605820979 178.470514716 179.200198999 180.709316702 182.891180414 185.621423527
188.762038471 192.165874773 195.681452195 199.157931698 202.450079944 205.423061712 207.956899206 209.950447504 211.324751175 212.025667639
328.594459119 327.38835768 325.000462165 321.478832969 316.894188046 311.338292282 304.921869981 297.772089982 290.029683057 281.845759875
273.378404856 264.7891264 256.239247262 247.886320057 239.880652084 232.362020801 225.456656542 219.274562393 213.907232903 209.425823516
205.879811654 203.296178417 201.679127267 201.010343092 201.24978204 202.336969753 204.192773487 206.72160232 209.813979512 213.349422329
217.199557523 221.231395284 225.310681008 229.305242745 233.088252703 236.541323721 239.557366023 242.043135852 243.921415484 245.132773435
245.636864329 245.413239356 244.461650511 242.801844364 240.472853732 237.531808046 234.052295006 230.122317094 225.841896407 221.320389751
216.673582902 212.020638135 207.480972503 203.171145741 199.201836158 195.674980369 192.681148364 190.297219254 188.584415316 187.586742758
187.329877293 187.820521337 189.046247725 190.97583255 193.560067471 196.733029758 200.413776897 204.508421936 208.912536285 213.513818494
218.19496096 222.83664161 227.320564585 231.532472776 235.365055906 238.72068051 241.513872787 243.673491523 245.144536197 245.889544587
291.823641172 290.540119062 288.640668011 287.110298377 286.698874637 287.40319232 288.215579746 287.272252653 282.379876589 271.747564899
254.662863251 231.859701327 205.432037148 178.310205375 153.476603265 133.192899427 118.505875963 109.194678831 104.157616846 102.073634315
