342.844401003 342.415615994 341.56638589 340.313169424 338.680107756 336.698384234 334.40539709 331.843766818 329.060204305 326.104269534
323.027053567 319.879818663 316.712632541 313.573033111 310.504759313 307.546582121 304.731267317 302.084698336 299.625183444 297.362966859
295.2999582 293.429689078 291.737499766 290.200952967 288.790465739 287.470144978 286.198806422 284.931152274 283.61907825 282.21307723
280.663703972 278.92306341 276.94628413 274.692938594 272.128372698 269.224909118 265.962891798 262.331542532 258.329605098 253.965757412
249.258777817 244.237457606 238.940258103 233.414716985 227.716614766 221.908918429 216.060524864 210.244831923 204.538169456 199.018126423
193.761813108 188.844099456 184.33587153 180.302348086 176.801498241 173.882599166 171.58496975 169.936912329 168.954889878 168.642960722
168.992486895 169.982125929 171.578109227 173.734803473 176.395544804 179.493729032 182.954135072 186.694453132 190.62698427 194.660473754
198.702037323 202.6591371 206.441562564 209.963371672 213.144747986 215.913731441 218.207783197 219.975148726 221.175987883 221.783246003
175.033931569 178.516311322 184.962408269 193.434444036 202.755592789 211.736025591 219.401245468 225.177998458 229.000394938 231.313353073
232.969527708 235.036099928 238.54550425 244.23608602 252.332517608 262.41066769 273.378202164 283.582668757 291.036472517 293.72684167
289.962366327 278.698964388 259.788901268 234.106873663 203.525630653 170.737213745 138.940796725 111.440167072 91.2094049818 80.4916277292
