220.325543988 225.870631037 236.38037641 250.750953284 267.463625848 284.734097086 300.688123406 313.54623801 321.79953479 324.359337478
320.666129063 310.747094617 295.216647599 275.219874963 252.324405981 228.37123946 205.299062691 184.959172761 168.939015638 158.411503159
154.024737373 155.842813981 163.34337979 175.472072361 190.748416316 207.412733159 223.599630495 237.521061836 247.641040614 252.824939156
252.448820722 246.458192617 235.370543682 220.221551937 202.46037627 183.804437781 166.068062763 150.981911812 140.021008605 134.25832096
334.458555733 334.145465289 333.497380079 332.472516569 331.013118498 329.05096688 326.514099876 323.334259413 319.454524069 314.836566605
309.466991155 303.36225859 296.571795793 289.178999957 281.299985248 273.080067604 264.688134351 256.309189065 248.135489179 240.356795837
233.150325608 226.6710269 221.042797867 216.351216982 212.638274886 209.89948129 208.083580555 207.094952636 206.798612033 207.027556418
207.592068921 208.29045282 208.920582817 209.291599211 209.235054092 208.614843635 207.335326374 205.347130424 202.650286788 199.294483234
195.376404198 191.034296454 186.440067174 181.789370333 177.290259985 173.151077099 169.568285011 166.714973949 164.730717099 163.713381511
223.288432917 220.231233977 215.419862154 210.967265476 208.989097383 210.774983158 216.237923989 223.840229364 231.022792304 234.986017854
233.550284327 225.803958697 212.332274519 194.976437504 176.239436592 158.571082968 143.788694322 132.816619463 125.789664733 122.4186358
243.88499361 244.368417249 245.316515503 246.692310274 248.441620856 250.494570369 252.76753321 255.165473089 257.584611068 259.915354364
262.045409774 263.863000614 265.260103135 266.135617583 266.398390435 265.970007802 264.787285522 262.804388871 259.994523955 256.351153489
251.888701509 246.642724385 240.669538896 234.045311855 226.864629382 219.238577206 211.292375847 203.162626037 194.99422983 186.937061439
179.142468517 171.759689398 164.932274421 158.794599944 153.468561919 149.060531989 145.658653125 143.330543907 142.121470896 142.053037439
143.12242479 145.302208168 148.540756373 152.763209406 157.873014379 163.753986289 170.272847297 177.282186273 184.62376987 192.132127573
199.638326141 206.973843931 213.974452797 220.484014705 226.358101899 231.467353401 235.700486657 238.966891207 241.198741081 242.352574041
242.410298458 241.379602312 239.293753082 236.210791966 232.212140391 227.400650993 221.898148613 215.842519235 209.384415728 202.683658582
195.905417267 189.216263219 182.780188672 176.754686458 171.286984549 166.510525459 162.541774852 159.477435819 157.39213561 156.33664032
151.143151361 152.017275 153.859450876 156.840719437 161.177673929 167.090068201 174.752884099 184.248924761 195.528076274 208.378751408
222.415768555 237.087169797 251.700440006 265.466479181 277.557730766 287.175285428 293.618724392 296.352040701 295.059214518 289.683884764
280.448957693 267.85377852 252.648488753 235.787210723 218.363559429 201.533519826 186.431819746 174.088492483 165.352323469 160.827323797
168.181953163 167.800680896 167.31469091 167.598514671 168.822642693 167.986427245 159.297278736 139.5807498 114.199164672 95.9839472129
177.384421035 179.172991676 174.52242176 157.869586729 135.487844821 122.345344075 129.726989621 155.88680158 187.441445723 208.302352756
