202.654771863 202.696728429 202.802842803 203.016347334 203.399212771 204.028826277 204.993775749 206.388913216 208.309900751 210.847465399
214.08160407 218.075984725 222.872786142 228.488205262 234.908838961 242.089116869 249.94992461 258.378513892 267.229748741 276.328687587
285.474450636 294.445272812 303.004596385 310.908015842 317.910852194 323.776106119 328.282520061 331.232469578 332.459404183 331.834567756
329.272748167 324.73683431 318.240995467 309.852341587 299.69097217 287.928374327 274.784185518 260.521391432 245.440082667 229.86994341
214.161689488 198.677710336 183.782198473 169.831069682 157.161986824 146.084799457 136.872700326 129.754378583 124.907419016 122.453157593
294.649368891 294.13331306 293.10843487 291.589094631 289.596567834 287.158731634 284.30965419 281.089093023 277.541909908 273.717411077
269.668622624 265.451511942 261.124166859 256.745944712 252.376604084 248.075432117 243.900380399 239.907222244 236.148743853 232.673981286
229.527514493 226.748828727 224.37175265 222.423981251 220.926690402 219.894248472 219.33402894 219.246326425 219.624376971 220.454481855
221.716232635 223.382833629 225.421516564 227.794040772 230.457271032 233.363824037 236.462773466 239.700402795 243.020994331 246.367642441
249.683078685 252.910496406 255.994362447 258.881203925 261.520358427 263.864676666 265.871167388 267.501575306 268.722883898 269.507736153
269.834767605 269.688847437 269.06122485 267.94957939 266.357975415 264.296722369 261.782143967 258.836260811 255.486392226 251.764684364
247.707572671 243.355187811 238.750714916 233.939716708 228.969431494 223.888057342 218.744033871 213.585333017 208.458769888 203.409344405
198.479623844 193.709175626 189.134058826 184.786381858 180.69393261 176.879886131 173.362593622 170.155455144 167.266877042 164.700313725
162.454392008 160.523114912 158.896140494 157.559130107 156.494159322 155.680183809 155.093551541 154.708552031 154.49799269 154.43379204
154.487579261 154.631289512 154.8377446 155.081208838 155.337910438 155.586519368 155.808573425 155.98884513 156.115643134 156.181042937
195.471826079 195.069021111 194.311235103 193.288608493 192.123174872 190.954643716 189.92392602 189.156195519 188.745348099 188.741597543
189.143638421 189.896346694 190.894421156 191.99175116 193.01569056 193.784886194 194.12890655 193.907684836 193.028756443 191.460439986
189.239469923 186.472104257 183.328354268 180.029654501 176.830944986 173.998709288 171.78694442 170.413287591 170.037563463 170.74483738
172.534679128 175.317792405 178.920497696 183.096833288 187.547328837 191.942875826 195.951629845 199.266578109 201.631321805 202.861765818
