356.291058885 355.293270939 353.316099257 350.395952045 346.586450334 341.957264137 336.592602805 330.589394437 324.055196305 317.10588439
309.863175131 302.45203621 294.998045559 287.624758812 280.45114493 273.589147912 267.141429303 261.199341703 255.841177841 251.130733077
247.11621165 243.829498741 241.285811695 239.483734737 238.405632479 238.018428596 238.274727533 239.114249154 240.465539085 242.247911207
244.373573661 246.749885695 249.281690079 251.873664444 254.432634999 256.869797467 259.102792888 261.057589876 262.670130121 263.887700089
264.669998872 264.989879907 264.833752446 264.201637175 263.106878966 261.575528145 259.645409811 257.364908251 254.791500379 251.990078045
249.031103989 245.98865001 242.938368423 239.955449147 237.112614699 234.47820397 232.114393036 230.0755974 228.407095126 227.143904436
226.309942592 225.917485569 225.966940167 226.446932184 227.334706085 228.596823715 230.190141895 232.063041738 234.156876113 236.407596255
238.747514005 241.107152885 243.417139042 245.610082235 247.622397461 249.396019469 250.879965315 252.031704139 252.818298437 253.217287082
269.120668166 269.079847658 268.997739498 268.87341976 268.705528316 268.492299341 268.231601298 267.92098585 267.557744976 267.138975487
266.661649997 266.122693329 265.519063226 264.847834187 264.106283179 263.291975939 262.402852548 261.437310966 260.394287206 259.273330869
258.074674795 256.799297637 255.448978256 254.026340919 252.534890359 250.97903593 249.364104141 247.696339071 245.982890237 244.231787705
242.451904341 240.652905297 238.845184957 237.039791765 235.248341479 233.482919585 231.755973715 230.080197101 228.468404173 226.933399578
225.487841964 224.144103999 222.914130131 221.809293701 220.840255012 220.016822037 219.347815399 218.840939285 218.502659892 218.338092985
218.350902031 218.543208341 218.915514492 219.466642228 220.193685859 221.091982071 222.15509686 223.374830158 224.741238516 226.242676055
227.865853657 229.59591621 231.416537523 233.310032308 235.25748445 237.238890625 239.233318101 241.219075421 243.173894525 245.075122676
246.899922483 248.625478167 250.229206143 251.688967901 252.983283137 254.09154103 254.994207573 255.673026847 256.111214195 256.293639276
256.206997074 255.839965014 255.183344482 254.230185142 252.975890627 251.418304334 249.557774234 247.397195805 244.942032413 242.200312653
239.182604417 235.901965645 232.373871985 228.616121761 224.648718927 220.493734869 216.175150132 211.718677374 207.151567017 202.502397246
197.800850189 193.077476227 188.363448535 183.690310046 179.089715125 174.593168292 170.231762395 166.035918617 162.035130735 158.257715986
154.730574863 151.478962066 148.526270772 145.893832216 143.600732486 141.663648243 140.096702922 138.911344753 138.116247774 137.717236756
