331.345570264 328.395526215 322.609515671 314.210989948 303.523566187 290.957706055 276.99384607 262.162694533 247.023529267 232.141413693
218.064292787 205.300933123 194.300632608 185.435547331 178.98636854 175.131937251 173.943213619 175.381830366 179.303262507 185.464447728
193.535501738 203.114998831 213.748137347 224.94698906 236.211945969 247.053431122 257.012933843 265.682464264 272.7215957 277.871372931
280.964504836 281.931425024 280.801986704 277.702750125 272.850013977 266.538927839 259.129192927 251.028005658 242.671016503 234.502160256
226.953259467 220.424308655 215.265312774 211.760480879 210.115468354 210.44822319 212.783829854 217.053565342 223.098194146 230.675340244
239.470593246 249.111840478 259.186174287 269.258610515 278.891774855 287.665672139 295.196651304 301.154715922 305.278405029 307.386578285
191.139219329 189.657135024 186.968534756 183.594494451 180.244479911 177.737885131 176.912088181 178.526263196 183.17065674 191.190552502
202.632756161 217.220267645 234.358081573 253.170034091 272.563590403 291.31673686 308.178971062 321.976984546 331.715142114 336.661327308
336.410100023 330.917265515 320.502674678 305.821098636 287.804052567 267.578189853 246.368082013 225.392630571 205.764887028 188.404637606
173.971784514 162.826457453 155.019125803 150.31101602 148.222161939 148.101720147 149.213032356 150.824521688 152.297005292 153.158439367
252.144284942 251.785802469 251.073096222 250.014629834 248.622965005 246.914602925 244.909775992 242.632192491 240.108737489 237.369133756
234.445567046 231.372280506 228.185143384 224.921199536 221.618201465 218.314135846 215.046746546 211.853061223 208.768927496 205.82856459
203.064136125 200.505349453 198.179086616 196.109071574 194.315577874 192.815180444 191.62055459 190.740324687 190.178964411 189.936749709
190.009764998 190.38996244 191.065273436 192.019770814 193.233879571 194.684633362 196.345973389 198.189085792 200.182773152 202.293855293
204.487594211 206.728137645 208.978975582 211.203403857 213.364988875 215.428027563 217.357996642 219.121985551 220.689107504 222.030883508
223.121594499 223.9385972 224.462599767 224.677893821 224.572540051 224.138505159 223.371748563 222.272257935 220.844033304 219.095020123
217.036992365 214.685387351 212.059094637 209.180201876 206.073701121 202.767159534 199.290358926 195.674908936 191.953838984 188.161174414
184.331502389 180.499533264 176.699663178 172.965543564 169.329663191 165.822948145 162.474384925 159.310671488 156.355900709 153.631280282
151.154892571 148.941497425 147.002380348 145.345247838 143.97417107 142.889578461 142.088296984 141.56364148 141.305550568 141.300767125
141.533060753 141.983489056 142.630694083 143.451229789 144.419916014 145.510214071 146.694618823 147.945061865 149.233320324 150.531425697
151.81206719 153.048984064 154.217341681 155.294086165 156.258272861 157.09136417 157.777492732 158.303686398 158.660051967 158.839915193
