300.952932746 300.294520093 298.986028822 297.044000557 294.492933728 291.364912657 287.699122675 283.541259388 278.942841889 273.960441352
268.65483777 263.090118764 257.332735305 251.450529801 245.511752406 239.584081474 233.733663925 228.024190797 222.51602259 217.265377992
212.323598405 207.736499298 203.543817787 199.778764146 196.467683085 193.629828677 191.277254859 189.414821385 188.040313192 187.144669155
186.712314437 186.721588904 187.145262548 187.951127493 189.102654997 190.55970494 192.27927457 194.216272864 196.324306628 198.55646456
200.866085775 203.207499877 205.536726414 207.812122557 209.994969032 212.049985659 213.945769348 215.655148988 217.15545332 218.428689613
219.461632653 220.24582526 220.7774932 221.057378874 221.090499638 220.885837888 220.455971165 219.816651493 218.98634391 217.985734681
216.83721999 215.564386016 214.191491167 212.742960886 211.24290493 209.714666243 208.180409671 206.660757682 205.174479071 203.738235332
202.366388028 201.070869046 199.861114249 198.744059568 197.724197275 196.803688816 195.982529462 195.258758909 194.628711063 194.087295484
193.628302359 193.244722515 192.929073739 192.673724724 192.471208099 192.314514439 192.197359702 192.114419246 192.061522546 192.035803652
168.405943289 170.561120314 170.32333804 165.544391448 160.312618635 159.819121186 163.118975814 164.042578359 159.492828715 153.975805093
352.237168539 351.554026645 350.162198977 348.012835441 345.038128199 341.15752298 336.285435484 330.340021989 323.252481448 314.976320045
305.495991416 294.834338693 283.058308852 270.282484837 256.670084302 242.43120145 227.818214921 213.118442885 198.644288255 184.721273299
171.674504597 159.814227165 149.421212501 140.7327724 133.93019381 129.128347384 126.368133838 125.61230116 126.744997906 129.575232065
133.844191943 139.23616756 145.392601292 151.928607987 158.45114963 164.577938265 169.956081113 174.279478364 177.304038348 178.859884116
351.707609889 350.767725807 348.897595555 346.116371289 342.452473914 337.943229349 332.634391927 326.579561921 319.839505719 312.481388589
304.577931198 296.206502093 287.448159252 278.386654413 269.107414372 259.696513612 250.239652635 240.82115612 231.523004562 222.423912405
213.598464797 205.11632406 197.041515781 189.431803054 182.338155992 175.804322042 169.86650104 164.553127316 159.884759467 155.874076814
152.525979965 149.837791372 147.799550378 146.394395925 145.599028942 145.384245423 145.715530368 146.553702078 147.85559586 149.574775875
151.662263807 154.067273101 156.737937816 159.622025589 162.667624819 165.823796946 169.041185589 172.272575308 175.473393845 178.602152863
181.620823393 184.495143436 187.194856373 189.693880068 191.970407653 194.006942136 195.790267923 197.311363303 198.565258702 199.550846214
200.270646449 200.730539129 200.939464143 200.909099879 200.653525653 200.188874875 199.532985352 198.705052731 197.72529257 196.614616006
195.394323285 194.085818759 192.710350199 191.288774526 189.841351292 188.387564525 186.945972814 185.534086871 184.168273207 182.863682008
181.634196905 180.49240392 179.449576681 178.515674796 177.699352274 177.007972879 176.447629509 176.02316487 175.738191089 175.595106235
