303.475643259 303.317958887 303.003180778 302.532486615 301.907633995 301.130949789 300.205316095 299.134152872 297.921397418 296.571480828
295.089301622 293.480196764 291.749910257 289.904559603 287.950600338 285.894788949 283.744144427 281.505908759 279.187506643 276.79650473
274.340570691 271.827432394 269.264837492 266.660513704 264.022130062 261.35725938 258.67334221 255.977652497 253.277265171 250.579025851
247.889522846 245.215061617 242.561641801 239.934936938 237.340276956 234.782633485 232.266608031 229.796423012 227.375915648 225.008534653
222.697339686 220.445003449 218.253816348 216.125693588 214.062184549 212.064484297 210.133447051 208.269601424 206.473167237 204.74407371
203.08197882 201.486289607 199.956183217 198.490628473 197.088407747 195.748138947 194.468297397 193.247237432 192.083213518 190.974400728
189.918914418 188.914828951 187.960195352 187.053057769 186.191468654 185.373502578 184.597268624 183.860921312 183.162670031 182.500786971
181.873613559 181.279565435 180.717135994 180.184898561 179.681507257 179.205696653 178.756280283 178.332148133 177.932263211 177.555657311
177.201426092 176.868723602 176.556756366 176.264777162 175.992078621 175.737986758 175.501854556 175.283055723 175.08097871 174.895021094
174.724584418 174.569069555 174.427872666 174.300381807 174.185974226 174.084014387 173.993852724 173.914825156 173.846253329 173.787445594
173.737698676 173.696300002 173.662530646 173.635668815 173.614993839 173.599790568 173.589354121 173.582994886 173.580043708 173.579857155
173.5818228 173.585364419 173.589947021 173.595081636 173.60032978 173.605307534 173.609689158 173.613210199 173.615670039 173.616933836
