316.749349444 315.393589761 312.720632629 308.806434219 303.762044346 297.730245602 290.881236235 283.407490732 275.517957403 267.43177269
259.371686609 251.55740238 244.199035501 237.490893358 231.605765932 226.689901737 222.858821227 220.194093316 218.741170166 218.508342006
219.466838541 221.552067529 224.665945558 228.680242094 233.440826428 238.772679385 244.485508346 250.379785961 256.25302062 261.906060461
267.149232778 271.808127069 275.728842337 278.782537371 280.869145813 281.920145234 281.900300257 280.80833299 278.676508544 275.569158224
271.580196834 266.82972242 261.459815706 255.629681434 249.510294113 243.27872562 237.112341229 231.183053716 225.651822066 220.663572223
216.342702439 212.789315751 210.07629748 208.247327332 207.315884506 207.265271308 208.049647126 209.596031385 211.807202334 214.565389263
217.73662993 221.175643488 224.731052658 228.250777885 231.587421076 234.603457383 237.17606037 239.201398515 240.598258952 241.310877041
363.798566316 362.608850153 360.240681193 356.716597301 352.070426707 346.34729614 339.603613274 331.907000938 323.33615708 313.980612294
303.940356078 293.325303804 282.254578879 270.855588551 259.26287728 247.616748351 236.06165221 224.744348705 213.81185954 203.409236657
193.677181441 184.749558333 176.750854288 169.793642093 163.976110742 159.379729405 156.067112934 154.080156194 153.438501547 154.138398819
156.152009772 159.427199977 163.887849916 169.43470469 175.946767966 183.283231352 191.285915473 199.782184217 208.588279298 217.513008922
226.361712383 234.940412216 243.060057513 250.540756422 257.215892912 262.936022839 267.572447169 271.020365925 273.201525021 274.066279229
273.595008129 271.798837367 268.719634755 264.429269063 259.02813835 252.642993832 245.424104012 237.541821645 229.182632468 220.544779125
211.833565817 203.256458653 195.018103099 187.315383149 180.332646765 174.237218681 169.175314981 165.268464053 162.610525865 161.26538634
355.836643879 353.055986765 347.579819795 339.57532571 329.285622191 317.020913534 303.147243488 288.073291865 272.235732933 256.083727726
240.063153127 224.601176604 210.091766821 196.882687719 185.264459132 175.461683236 167.627036811 161.838118625 158.097223916 156.333998917
156.410812588 158.130575051 161.246637035 165.474325895 170.503614542 176.012382228 181.67971197 187.198678712 192.288114559 196.702890827
200.242328845 202.756438896 204.149785699 204.382884754 203.471142254 201.481457181 198.526703253 194.758396201 190.357924813 185.526779236
180.476244954 175.417044469 170.549400483 166.053965148 162.084011089 158.759213991 156.161276543 154.331553429 153.270740821 152.940595996
153.267557759 154.148050467 155.455177752 157.046449805 158.772143139 160.48386604 162.042897463 163.327882141 164.241499266 164.715774706
