396.121352052 395.175811707 393.294859553 390.498622309 386.816966089 382.289112909 376.963138094 370.895355856 364.149601936 356.796423663
348.912189082 340.578127901 331.879317929 322.903631375 313.740655828 304.480605014 295.21323439 286.026776442 277.006910102 268.235778003
259.79106447 251.745146033 244.16432507 237.108155782 230.628870218 224.770910486 219.570571597 215.055757712 211.245852825 208.151705221
205.77572337 204.112079357 203.147014398 202.85923966 203.220424309 204.195761654 205.744603299 207.821150494 210.37519131 213.352871911
216.697490032 220.350298784 224.251309168 228.340080027 232.556484778 236.841444959 241.137621497 245.390055594 249.546752175 253.55920003
257.382823973 260.977365591 264.307190394 267.341520435 270.054592649 272.425744324 274.439428165 276.085160439 277.357406509 278.255408862
278.782963361 278.948149949 278.763024375 278.24327778 277.407871014 276.278650555 274.879952702 273.238202437 271.381512961 269.339291426
267.141855812 264.820067312 262.404981868 259.927523863 257.418184238 254.906744605 252.422028271 249.991678421 247.641963148 245.397606463
243.28164398 241.315301592 239.517895171 237.906749111 236.497131437 235.302203201 234.332979912 233.598302946 233.104819075 232.856966557
193.419312143 194.314664232 196.085191656 198.690995883 202.073355549 206.156047673 210.847059264 216.040648162 221.619703688 227.45835071
233.424735243 239.383925773 245.200862247 250.743284187 255.884570583 260.506427096 264.5013606 267.774886983 270.247425302 271.855839661
272.554599237 272.316536551 271.133194051 269.014759122 265.989597429 262.103403862 257.417999002 252.009806728 245.968055246 239.392749198
232.392464535 225.082020451 217.580083843 210.006761467 202.481233319 195.119477783 188.032135007 181.322549803 175.085029393 169.403344745
164.349497155 159.982764515 156.349034405 153.480424075 151.395180728 150.097849313 149.579689668 149.819320178 150.783561434 152.428450594
154.700395398 157.537435968 160.870582677 164.625199332 168.722402719 173.080451937 177.616103916 182.245914819 186.887470585 191.460533531
195.888095487 200.09733138 204.020450241 207.595443354 210.766731437 213.485714488 215.711229037 217.409918124 218.556519398 219.13407628
