377.859335622 377.281054275 376.129611216 374.415194254 372.152956989 369.362866564 366.06950316 362.301813315 358.09281963 353.479289915
348.501369193 343.202178414 337.62738405 331.824743037 325.843627811 319.734536343 313.548592273 307.3370403 301.150742057 295.039677653
289.052458032 283.235853139 277.634340734 272.289680449 267.24051742 262.522019492 258.165551656 254.198390937 250.64348456 247.519253727
244.839444872 242.613029731 240.84415508 239.532142427 238.671537455 238.252208454 238.259492499 238.674387593 239.473788553 240.63076393
242.114870855 243.892504287 245.927276826 248.180424892 250.611236869 253.177498549 255.83595107 258.542756436 261.253965627 263.925984324
266.516031315 268.98258474 271.285811504 273.387975385 275.253819609 276.85091996 278.150004844 279.125239088 279.754468666 280.019423978
279.905879785 279.403770359 278.507258921 277.21476093 275.528921291 273.456546071 271.008489766 268.199499679 265.048019422 261.575953966
257.808399108 253.773338573 249.501312325 245.025059935 240.379143138 235.599551893 230.723298433 225.788003895 220.831482177 215.891325678
211.004497529 206.206934823 201.533167216 197.015955052 192.685950965 188.571388585 184.697801673 181.087776662 177.760741166 174.732790611
172.016554712 169.621105051 167.551904533 165.810799039 164.396051091 163.302414899 162.521251646 162.040683469 161.845784111 161.918803834
162.239425795 162.785050744 163.531106562 164.451378934 165.518359163 166.703605001 167.978110193 169.312678373 170.678296889 172.046506162
173.389760246 174.681774348 175.897855257 177.01521081 178.013234785 178.873763905 179.581303945 180.12322233 180.48990496 180.674875462
