340.999213182 340.666195004 340.001836818 339.009486328 337.694143525 336.062434894 334.122579148 331.884344615 329.358998415 326.55924761
323.499172524 320.194152494 316.660784307 312.916793644 308.980939893 304.872914687 300.613234624 296.223128618 291.72442038 287.139406591
282.49073133 277.801257399 273.093935183 268.391669763 263.717186988 259.092899286 254.540771985 250.082190966 245.73783247 241.527535915
237.470180558 233.583566884 229.884303556 226.387700782 223.107670919 220.056637128 217.245450843 214.683318795 212.377740267 210.334455227
208.5574039 207.048698276 205.808605995 204.835546937 204.12610278 203.675039685 203.47534417 203.518272136 203.7934109 204.288753976
204.990788258 205.884593119 206.953950865 208.181467846 209.548705448 211.036320085 212.624211204 214.291676245 216.017571415 217.78047706
219.558866354 221.331275989 223.076477491 224.773647765 226.40253746 227.94363573 229.378329994 230.689059291 231.859459896 232.874501878
233.720615368 234.385805365 234.85975399 235.133909214 235.201559168 235.057891292 234.700035661 234.127092022 233.340140149 232.342233328
231.138374891 229.735477892 228.142308173 226.369411198 224.429023212 222.334967409 220.102535941 217.748358742 215.290260255 212.747105271
210.138635224 207.48529632 204.808061046 202.128244587 199.467317804 196.846718429 194.28766216 191.810955373 189.436811121 187.1846701
185.07302821 183.119272281 181.339525459 179.748503689 178.359384588 177.183689937 176.231182862 175.509780657 175.025484053 174.782323591
171.364428583 171.364751135 171.435671831 171.709069627 172.361654218 173.591255719 175.587952358 178.50242193 182.414452297 187.304949246
193.034935577 199.33484756 205.806835879 211.941749857 217.151072818 220.812399952 222.325288122 221.172683329 216.981883867 209.578341134
199.025693766 185.646343577 170.018575708 152.948550541 135.418202605 118.512852891 103.334827697 90.9112495263 82.1051597662 77.5390898961
