298.801537786 298.270907811 297.215924171 295.649062134 293.588842196 291.059601911 288.091196135 284.718629476 280.98162555 276.924138465
272.593812671 268.041397943 263.320126858 258.485062552 253.592424937 248.698903808 243.860967429 239.134175231 234.572503184 230.227690252
226.148614034 222.380703342 218.96539495 215.939641221 213.335474631 211.179634481 209.493260321 208.291655712 207.584125094 207.373885577
207.658054519 208.427712813 209.668042816 211.35853894 213.473288004 215.981315542 218.846993485 222.03050383 225.48835224 229.173924886
233.038081336 237.029775841 241.096699054 245.185931967 249.244603743 253.220545093 257.062928935 260.722890284 264.154117585 267.313408148
270.161180788 272.661939382 274.784681691 276.503248549 277.796609279 278.649080057 279.050472826 278.996173245 278.487147115 277.529875624
276.136220696 274.323222597 272.112832873 269.531586449 266.610217564 263.383224878 259.888391732 256.166268118 252.259621368 248.212862945
244.071459007 239.881332583 235.688265279 231.537306391 227.472197169 223.534817751 219.76466393 216.198360507 212.869217456 209.806834532
207.036759289 204.580202737 202.453816072 200.669531118 199.234466197 198.150898333 197.416301737 197.023451689 196.960592009 197.2116635
197.756589915 198.571617244 199.62970141 200.900938824 202.353033705 203.951795563 205.66165988 207.44622472 209.268795798 211.092932449
212.882986946 214.604629709 216.225353175 217.714947389 219.045940775 220.194000039 221.138283711 221.861744496 222.351376257 222.598402293
