273.011246432 273.065609263 273.174086531 273.336182401 273.551155505 273.818021802 274.135558361 274.502308068 274.916585242 275.376482117
275.879876191 276.424438397 277.007642072 277.626772685 278.278938286 278.961080653 279.669987057 280.402302649 281.154543373 281.923109394
282.704298967 283.494322698 284.289318153 285.085364747 285.878498853 286.664729097 287.440051747 288.200466166 288.94199025 289.660675806
290.3526238 291.013999431 291.641046955 292.230104214 292.777616825 293.280151942 293.734411581 294.137245424 294.485663066 294.776845663
295.008156932 295.177153456 295.281594267 295.319449663 295.288909227 295.188389019 295.016537914 294.772243065 294.454634464 294.063088594
293.597231147 293.056938817 292.442340134 291.753815369 290.991995484 290.157760149 289.25223483 288.276786953 287.233021171 286.122773748
284.948106077 283.711297369 282.414836531 281.061413276 279.653908485 278.195383877 276.689071009 275.138359665 273.546785668 271.918018164
270.255846437 268.56416629 266.846966058 265.108312298 263.35233522 261.583213907 259.805161381 258.022409582 256.239194301 254.459740142
252.688245559 250.928868026 249.185709399 247.462801531 245.764092177 244.093431262 242.454557553 240.851085784 239.286494286 237.764113173
236.28711311 234.858494727 233.481078703 232.15749656 230.890182199 229.681364216 228.533059016 227.447064747 226.424956091 225.468079913
224.577551787 223.754253414 222.998830935 222.311694141 221.69301659 221.14273661 220.660559202 220.245958814 219.898182988 219.616256847
219.398988419 219.244974761 219.152608859 219.120087281 219.145418544 219.226432159 219.360788324 219.545988214 219.779384835 220.058194394
220.379508132 220.740304587 221.137462219 221.567772359 222.027952428 222.514659363 223.024503213 223.554060833 224.099889637 224.658541337
225.226575638 225.800573811 226.377152104 226.952974938 227.524767824 228.08932997 228.643546516 229.184400343 229.708983434 230.214507713
230.698315352 231.157888474 231.590858246 231.995013305 232.368307497 232.708866895 233.014996079 233.28518364 233.518106906 233.712635861
233.867836248 233.982971849 234.057505933 234.09110187 234.083622909 234.035131128 233.945885564 233.816339523 233.647137098 233.439108907
233.193267064 232.910799416 232.593063068 232.241577226 231.858015386 231.444196911 231.002078022 230.533742261 230.041390436 229.527330129
228.993964778 228.443782406 227.879344023 227.303271772 226.718236846 226.126947253 225.532135449 224.936545931 224.342922797 223.753997367
223.172475888 222.601027386 222.042271719 221.49876787 220.973002541 220.467379089 219.984206847 219.525690884 219.093922238 218.690868666
218.318365954 217.978109811 217.671648392 217.400375481 217.165524353 216.968162348 216.809186176 216.68931798 216.60910216 216.568902983
