309.986392064 309.67969689 309.067921161 308.154283881 306.943588063 305.442190334 303.657960743 301.600233064 299.279745933 296.708575249
293.900058292 290.868710126 287.630132839 284.200918282 280.598544968 276.841269871 272.948015848 268.938255492 264.831892192 260.649139241
256.410397789 252.136134498 247.846759703 243.562506908 239.303314411 235.088709851 230.937698408 226.868655403 222.899223969 219.04621843
215.325533999 211.75206333 208.339620417 205.100872275 202.047278773 199.18904094 196.535057978 194.092893177 191.868748837 189.86745026
188.092438787 186.545773805 185.22814358 184.138884716 183.276009966 182.636244094 182.215067396 182.006766471 182.004491772 182.200321425
182.58533078 183.1496671 183.882628806 184.77274863 185.807880048 186.975286335 188.261731574 189.653572962 191.136853761 192.697396235
194.320893935 195.993002734 197.699429996 199.426021326 201.15884436 202.8842691 204.589044319 206.260369624 207.885962796 209.454122062
210.953783024 212.37456999 213.706841533 214.941730109 216.071175662 217.087953155 217.985694031 218.758901647 219.402960774 219.91414129
220.289596244 220.527354486 220.626308123 220.586195058 220.407576921 220.091812722 219.641028554 219.058083732 218.346533726 217.510590278
216.555079098 215.485395533 214.307458586 213.027663693 211.652834617 210.190174836 208.647218777 207.031783224 205.351919221 203.615864769
201.83199857 200.008795089 198.15478113 196.278494131 194.388442341 192.493067013 190.60070672 188.719563885 186.857673567 185.02287453
183.222782621 181.464766401 179.755925023 178.103068263 176.512698656 174.990995618 173.543801451 172.176609127 170.894551702 169.702393243
168.604521126 167.604939562 166.707264231 165.914717874 165.230126734 164.655917714 164.194116162 163.846344167 163.613819307 163.497353764
216.592345277 215.081330776 215.343062393 215.590641879 206.299315673 180.264684514 143.590350024 112.15948069 96.3520638918 92.7144197031
