284.614158563 284.698876647 284.86570196 285.109451869 285.422449587 285.79463928 286.213737091 286.66541602 287.13352213 287.600319127
288.046757974 288.452767832 288.797564362 289.059971132 289.218749725 289.252933989 289.142163826 288.867013876 288.409312548 287.752446935
286.881649347 285.784261403 284.449971957 282.871025412 281.042397413 278.961935306 276.63046122 274.051836117 271.232983683 268.183873438
264.917463006 261.449600018 257.798884658 253.986494391 250.035972919 245.97298588 241.825046279 237.621213025 233.391766329 229.167864039
224.981183245 220.863551716 216.846573856 212.961255984 209.237635751 205.704420491 202.388639179 199.315312544 196.507145641 193.984246916
191.763877485 189.860233949 188.284267665 187.043542916 186.142135951 185.580576314 185.355831383 185.461334452 185.887056151 186.619618431
187.642449812 188.935980029 190.47787174 192.243286441 194.205181336 196.334633448 198.601186968 200.973219477 203.418322466 205.903691375
208.396520235 210.864395956 213.275687272 215.599923443 217.808157928 219.873312421 221.770496918 223.477301746 224.974057885 226.24406227
227.273765256 228.052917866 228.574676985 228.835667201 228.835998518 228.579239773 228.072348132 227.325555603 226.352214066 225.168600842
223.79368734 222.248873792 220.5576935 218.745490458 216.839074502 214.866358464 212.855982024 210.83692712 208.838129905 206.888094246
205.014511784 203.24389345 201.601217211 200.109596593 198.789974257 197.660844608 196.738009 196.034366713 195.559744397 195.320766192
