350.672148071 349.648090111 347.646234654 344.757071651 341.111345862 336.874309252 332.238447408 327.414992478 322.624587225 318.087501245
314.013819606 310.594025319 307.990380169 306.329474183 305.696263936 306.129856171 307.62121855 310.112917039 313.500892995 317.638206163
322.340586314 327.393559656 332.560849792 337.593699644 342.240722745 346.257871111 349.418103534 351.520352569 352.397420055 351.922478377
350.013915608 346.638334556 341.811595467 335.597876094 328.106807486 319.488825502 309.928953063 299.639293492 288.850567928 277.803067728
266.737414237 255.885522537 245.462152685 235.657402142 226.630448 218.504789267 211.365170548 205.256291996 200.183329838 196.114210732
192.983505183 190.69773376 189.141818072 188.186358985 187.695389701 187.534232472 187.577085702 187.71398309 187.856797525 187.94400824
304.753348292 304.346729946 303.536500493 302.328650139 300.732103727 298.758648748 296.422840319 293.74188392 290.735496892 287.425749883
283.836889558 279.995144104 275.928513158 271.666543943 267.24009549 262.68109295 258.022274048 253.296929823 248.538641807 243.781017869
239.057428895 234.400748523 229.843098063 225.41559873 221.148133201 217.069118475 213.20529184 209.581511711 206.220574904 203.143051792
200.367140637 197.908542194 195.780355537 193.992995838 192.554134661 191.468663127 190.738678104 190.363491391 190.339661636 190.661048585
191.318889005 192.301893495 193.596363195 195.186325238 197.053685653 199.178398254 201.538647962 204.111046847 206.870841117 209.792127181
212.848074844 216.011155661 219.253374435 222.546501828 225.86230609 229.172781895 232.450374347 235.668196272 238.800236977 241.821560761
244.708493573 247.438796321 249.991823469 252.348665732 254.492275786 256.407576119 258.081548292 259.503303055 260.664130967 261.557533308
262.179233299 262.527167781 262.601459717 262.40437203 261.940243471 261.215407345 260.238094113 259.018318975 257.56775571 255.899598137
254.028410667 251.969969504 249.741096121 247.359484688 244.843525167 242.212123818 239.48452285 236.680120949 233.818296381 230.918234327
227.99876004 225.078179342 222.174127903 219.303430605 216.481972224 213.724580509 211.04492261 208.455415662 205.96715219 203.589840832
201.331762737 199.199743805 197.199142808 195.333855248 193.606332651 192.017616861 190.567388718 189.254030399 188.074700534 187.025421115
186.101175075 185.296013344 184.603170075 184.015184665 183.524029161 183.121239544 182.798049416 182.545524549 182.354696788 182.216695797
182.122877197 182.064945646 182.035071525 182.025999934 182.031150793 182.044708976 182.061703457 182.078074642 182.090729125 182.097581288
