351.033181396 352.702322567 353.236462037 350.547422032 345.738345214 341.491122522 338.776694945 336.302293372 333.127080486 330.54172043
343.389105599 334.342427322 315.317376804 288.657929485 261.434470465 240.483118861 226.598235195 215.490562604 204.563186847 196.794096817
292.414882903 293.112262243 294.469678969 296.414892982 298.845486382 301.635537032 304.643787531 307.722748027 310.72810516 313.527785638
316.010043137 318.090000442 319.714180972 320.862698585 321.54893312 321.816691206 321.735026096 321.391055228 320.88125876 320.301856747
319.738938972 319.259054098 318.900951142 318.669106308 318.529565276 318.408491024 318.193638586 317.7387913 316.870999548 315.400275176
313.13122458 309.875961993 305.467541246 299.773086203 292.705791772 284.235010015 274.393727779 263.282878461 251.072103413 237.996778034
224.351332063 210.479110205 196.759224919 183.591035555 171.37703584 160.505035771 151.330577814 144.160527174 139.238721576 136.734460188
199.857655902 200.516131625 201.823154722 203.759019216 206.294540617 209.39149881 213.003217872 217.075273871 221.546319709 226.349014292
231.411041672 236.656204464 242.005574665 247.378684158 252.694736575 257.873821866 262.83811494 267.513039945 271.828382388 275.719332048
279.127440796 282.001480721 284.298189572 285.98289227 287.029989178 287.423303931 287.156285782 286.232063712 284.663351872 282.472208187
279.689650303 276.355135204 272.515910979 268.226251172 263.54658396 258.54253003 253.283864391 247.843418538 242.295940275 236.716929103
231.18146545 225.763052054 220.532485575 215.556776007 210.898130657 206.613018407 202.751328681 199.355637998 196.460595306 194.092435337
192.268627243 190.997663597 190.278992601 190.103094114 190.451697821 191.298139606 192.607850066 194.338966967 196.443061554 198.865966808
201.548694188 204.428423995 207.439553381 210.514785134 213.586239771 216.586573117 219.450081531 222.113777131 224.518415924 226.609462494
228.337975977 229.661403289 230.544267141 230.958737995 230.885081063 230.311971403 229.2366723 227.665074336 225.611594733 223.098938832
220.157727741 216.82599834 213.148583857 209.176385114 204.96554432 200.576534786 196.073181308 191.521627038 186.989263518 182.543641119
178.25137743 174.17708117 170.382308918 166.924571442 163.856405584 161.224526607 159.069074618 157.422967162 156.31136837 155.751283187
199.073628711 198.238798562 196.742949936 194.88903355 193.029408051 191.468411862 190.368956746 189.684931811 189.136887639 188.240483403
186.386947434 182.964197346 177.498280715 169.789180224 160.013963075 148.77413816 137.072431361 126.215700051 117.653478514 112.773487597
112.684256632 118.019153364 128.794710072 144.349204502 163.37597175 184.051646731 204.244733245 221.776967043 234.701024203 241.554735851
