334.54264521 334.362674956 334.00406379 333.469456644 332.762786681 331.889234634 330.855175269 329.668111563 328.336597294 326.870148898
325.27914752 323.574732339 321.768686306 319.873315523 317.901323576 315.865682171 313.779499454 311.655887453 309.507830056 307.348052934
305.188896832 303.042195554 300.919159974 298.830269299 296.785170747 294.792588705 292.860244332 290.994786459 289.201734494 287.485433948
285.849025021 284.294424557 282.82232155 281.432186208 280.122292441 278.889753506 277.730570388 276.639692355 275.611088994 274.637832925
273.712192246 272.825731685 271.969421325 271.133751683 270.308853872 269.484623509 268.650846993 267.797328749 266.914018041 265.991133947
265.019287112 263.989596943 262.893802946 261.724368986 260.474579319 259.138625341 257.711682092 256.189973699 254.570827007 252.852712847
251.035274459 249.119342785 247.106938453 245.001260448 242.806661585 240.52861107 238.173644566 235.749302303 233.264055943 230.727224984
228.148883646 225.539759255 222.911123254 220.274676038 217.642426894 215.026570352 212.439360327 209.892983427 207.399432832 204.970384126
202.617074446 200.350186292 198.179737264 196.114976941 194.164292044 192.335120915 190.633878264 189.065891002 187.635345864 186.345249414
185.197400844 184.19237789 183.329536001 182.607020786 182.02179358 181.569669866 181.245370117 181.042582506 180.954036784 180.971588522
181.086312783 181.288606193 181.568296294 181.914756969 182.317028669 182.763942127 183.244244185 183.746724364 184.26034077 184.77434397
185.278397452 185.762693367 186.218062261 186.636075605 187.009139985 187.330581924 187.594722396 187.796940217 187.933723619 188.002709426
