225.560075634 230.845976258 240.82976029 254.395613212 270.01434489 285.900572103 300.196930371 311.166850339 317.376530136 317.8477523
312.166034387 300.532988622 283.757267605 263.184549231 240.573066182 217.926616623 197.301265811 180.604639151 169.407546179 164.786573996
167.213350116 176.501681473 191.818164622 211.755678849 234.463023036 257.818441268 279.630442586 297.846584976 310.750034119 317.124812657
316.373623051 308.576671557 294.485603345 275.452928327 253.303564612 230.160744036 208.242964365 189.651502421 176.168944408 169.088150609
288.47155081 288.07175163 287.27350278 286.079542372 284.494073852 282.522877538 280.173452761 277.455185204 274.379532915 270.960223532
267.213454513 263.158087619 258.815828563 254.211382664 249.372577479 244.33044379 239.119246923 233.776461246 228.342681746 222.8614678
217.379115719 211.944358131 206.607989968 201.422422497 196.441168633 191.71826447 187.307633708 183.262403255 179.634179786 176.472298392
173.823055621 171.728940136 170.227874939 169.352485537 169.129408607 169.578655557 170.713045003 172.537717438 175.049744391 178.237843092
182.082206166 186.554454078 191.617716154 197.226843853 203.328757713 209.862927077 216.761979301 223.952432761 231.355545648 238.888270252
246.464300337 253.99519725 261.391578667 268.564352392 275.425976432 281.891725664 287.880944849 293.318267536 298.134780546 302.269114207
305.668439383 308.289353553 310.098639696 311.073883616 311.203937434 310.489219352 308.941842341 306.585567158 303.455577924 299.598081416
295.069734142 289.936904165 284.274777452 278.16632117 271.701118864 264.974094661 258.084145674 251.132703409 244.222246328 237.454786711
230.930355488 224.745508974 218.99188115 213.754804591 209.112022072 205.132509557 201.875429503 199.389231379 197.710913933 196.865461171
