350.517052165 351.035444334 352.018434664 353.361376217 354.914509056 356.491221131 357.878429326 358.84857549 359.172651182 358.633610903
357.039509314 354.235704614 350.115507654 344.628723033 337.787621345 329.669996976 320.419098169 310.240359618 299.395016192 288.190822799
276.970243227 266.096593806 255.938730134 246.854942198 239.176771281 233.193478589 229.137879608 227.174210127 227.38861149 229.782717137
234.270694243 240.679948727 248.755545262 258.168232986 268.525809368 279.38740606 290.280148166 300.717528019 310.218751376 318.328261626
324.634628834 328.788006183 330.515406333 329.633132455 326.055810005 319.801601095 310.993337999 299.855479426 286.70696572 271.950219734
256.056701616 239.549571214 222.984134989 206.926849996 191.93372142 178.52895957 167.184755743 158.302994179 152.199641055 149.092444297
268.280449183 268.049103356 267.588714204 266.903853061 266.001293346 264.889911919 263.580560263 262.085907774 260.420259888 258.599354234
256.640138374 254.560532981 252.379184554 250.11521193 247.787950924 245.416701426 243.020481204 240.617790512 238.226391342 235.863104874
233.543630297 231.282387749 229.092387644 226.985128133 224.970521916 223.056853037 221.250763731 219.557270819 217.9798106 216.520310633
215.179286339 213.955959864 212.848398286 211.853667855 210.968000747 210.186970553 209.505672639 208.918905435 208.421348777 208.007735489
207.673012609 207.412488908 207.221965649 207.097847943 207.037234465 207.037983773 207.098755979 207.219029056 207.399089584 207.639998321
207.943531474 208.312099103 208.748642544 209.256513206 209.839335482 210.500856857 211.244788598 212.074640576 212.993553963 214.00413557
215.108297596 216.307106473 217.600644316 218.987886257 220.466596648 222.033246749 223.682956085 225.409459244 227.205099315 229.060848714
230.966357566 232.910029257 234.879122258 236.859876786 238.83766434 240.797157741 242.722518827 244.59760064 246.406160597 248.132080925
249.759592462 251.273497837 252.659390027 253.903862342 254.994706051 255.921092033 256.673733168 257.245024468 257.629158412 257.822213349
184.864892788 186.247964822 188.985694655 193.021808894 198.273275769 204.63193292 211.966614329 220.125739614 228.940320223 238.227328955
247.793371544 257.438592186 266.960738848 276.15930922 284.839694457 292.817235526 299.921106235 305.997938046 310.915104592 314.563588652
316.860361084 317.750209958 317.206968736 315.234104695 311.864642664 307.160414271 301.210638946 294.129859501 286.055271788 277.143504231
267.566918476 257.509516531 247.162552015 236.719953214 226.37367299 216.309085006 206.70054692 197.707248968 189.469460762 182.105280088
175.707975268 170.343997506 166.051721903 162.840956027 160.693233601 159.562888639 159.378882856 160.047337178 161.454697271 163.471443911
165.956242398 168.760411516 171.73258236 174.723410951 177.590206239 180.201336949 182.440286745 184.209237208 185.432071875 186.056711636
181.185337617 203.174492325 231.40808995 249.254326888 252.862354706 250.409364506 250.761582345 255.494761506 260.918290507 263.961542097
