292.049301171 291.994361849 291.876623436 291.680671635 291.384139092 290.958585287 290.370628765 289.583298011 288.557560601 287.253984654
285.634482287 283.664081764 281.312673538 278.556675323 275.38056288 271.778216111 267.754034494 263.32378156 258.515124989 253.367846753
247.933706404 242.275949821 236.468465311 230.594598634 224.745648012 219.019069281 213.516429796 208.341157281 203.596136275 199.381210083
195.790649942 192.910655421 190.816950734 189.572540734 189.225687759 189.808166299 191.333846837 193.797653083 197.174928611 201.421239536
206.472629795 212.246334867 218.641948787 225.543028231 232.819106655 240.328081099 247.918924713 255.434669442 262.715595964 269.602561949
275.94039534 281.581276603 286.388032933 290.237268286 293.022255717 294.655522967 295.071068313 294.226151333 292.10261225 288.707683696
284.074269883 278.260679941 271.349814467 263.447816629 254.682211422 245.199568384 235.162734158 224.747691284 214.14010847 203.53165496
193.116157387 183.085681504 173.62662338 164.915894828 157.117286196 150.378086044 144.826031829 140.566658625 137.681104274 136.224419365
248.495596931 252.607601381 260.195235873 270.080181195 280.716285381 290.416260232 297.595906556 300.9985136 299.865764587 294.030489639
283.919405243 270.468422607 254.96680726 238.857197858 223.524541597 210.10748401 199.360717748 191.587228832 186.647005512 184.035759645
183.015781496 182.773114109 182.572057545 181.880009685 180.442322631 178.296897086 175.729777895 173.183947826 171.14188274 170.006757982
