394.696632316 392.203907004 387.283530749 380.063810156 370.732655674 359.532276824 346.752361393 332.721944097 317.800208739 302.366498454
286.809830373 271.518223275 256.868149266 243.214413223 230.88074706 220.151380485 211.263816803 204.403002647 199.69703575 197.214506562
196.963519246 198.89238714 202.891948685 208.799403702 216.403528138 225.451089231 235.654253393 246.698756796 258.252594051 269.974973713
281.525290464 292.571872467 302.800277775 311.920935165 319.675951244 325.844936127 330.24973314 332.757972732 333.285405817 331.797006029
328.306862818 322.876917026 315.614616848 306.669594391 296.229480927 284.514992335 271.774425126 258.27770791 244.310153757 230.166055776
216.142262206 202.531858699 189.618075144 177.668522687 166.929854293 157.622929637 149.938552795 144.033839326 140.02925825 138.006384016
247.312078988 245.464687392 241.911550009 236.923647517 230.87779263 224.224068754 217.4471585 211.025050217 205.388825919 200.887105775
197.758266602 196.112809546 195.927296871 197.05020108 199.218913579 202.086148314 205.25314266 208.306480153 210.855088939 212.564027919
213.182049501 212.560583177 210.662650977 207.561217799 203.427498982 198.510695347 193.11141113 187.551558967 182.14381822 177.163667377
172.826667243 169.273067895 166.561012958 164.668702448 163.50494341 162.926660287 162.761240171 162.831121152 162.977840217 163.082857898
259.799332603 259.250200587 258.164663592 256.567851939 254.496659926 251.998807123 249.131624052 245.960592982 242.557680789 238.999506149
235.365387524 231.735321493 228.18794279 224.798517944 221.637023642 218.766358886 216.240736704 214.104296735 212.389974514 211.118656867
210.29864568 209.925444572 209.98187488 210.438519104 211.254481663 212.378448813 213.750021952 215.301291611 216.958613215 218.644540515
220.279868435 221.785734185 223.085723768 224.107930697 224.786914694 225.065510395 224.89643965 224.243685657 223.083592935 221.405663797
219.213029379 216.522581288 213.364758253 209.782990714 205.832814765 201.58067507 197.102444207 192.481692972 187.807752514 183.173614515
178.673719793 174.401688753 170.448048766 166.898013926 163.829371615 161.310527981 159.398760801 158.138723387 157.561237301 157.682404807
158.503064372 160.008604332 162.169141247 164.940060692 168.262909467 172.066619748 176.269037583 180.778720793 185.496964722 190.320008684
195.141371529 199.854261472 204.354003462 208.540426783 212.32015644 215.608754061 218.332657541 220.430873395 221.856381616 222.577219639
