286.462782865 286.354343589 286.137732083 285.813481671 285.382390416 284.845518827 284.204186802 283.459969837 282.614694491 281.670433143
280.62949804 279.494434669 278.268014461 276.953226862 275.553270789 274.071545499 272.511640903 270.877327354 269.172544937 267.4013923
265.568115064 263.677093839 261.732831888 259.739942484 257.703135984 255.62720668 253.517019449 251.377496256 249.213602543 247.030333555
244.832700637 242.625717539 240.414386794 238.203686176 235.998555305 233.803882432 231.624491434 229.46512907 227.33045253 225.225017306
223.153265435 221.119514135 219.127944868 217.182592871 215.287337163 213.445891079 211.661793339 209.938399682 208.278875087 206.686186599
205.163096776 203.712157774 202.335706089 201.035857949 199.814505389 198.673312999 197.613715348 196.636915107 195.743881838 194.935351481
194.211826509 193.573576761 193.020640935 192.552828736 192.169723662 191.87068642 191.654858953 191.521169057 191.468335569 191.494874118
191.599103393 191.779151925 192.032965347 192.358314106 192.752801609 193.213872753 193.738822839 194.324806811 194.96884881 195.667851998
196.418608625 197.217810312 198.062058503 198.94787507 199.871713025 200.829967309 201.818985635 202.835079335 203.874534199 204.933621253
206.008607467 207.095766345 208.191388379 209.291791329 210.393330306 211.49240764 212.585482487 213.669080167 214.739801203 215.794330043
216.829443435 217.84201845 218.829040115 219.787608663 220.714946359 221.608403915 222.465466453 223.28375903 224.061051702 224.795264119
225.484469651 226.126899035 226.72094354 227.265157649 227.758261255 228.199141378 228.586853394 228.920621789 229.199840442 229.42407243
229.593049385 229.70667039 229.76500043 229.768268419 229.716864796 229.611338717 229.452394848 229.240889777 228.977828058 228.664357905
228.301766548 227.891475272 227.435034149 226.934116496 226.390513055 225.806125936 225.182962328 224.523127993 223.828820585 223.102322782
222.345995275 221.562269625 220.753641002 219.922660837 219.07192939 218.204088273 217.321812929 216.427805096 215.524785271 214.615485187
213.702640338 212.78898254 211.877232576 210.970092919 210.070240564 209.180319966 208.302936125 207.440647806 206.595960928 205.771322124
204.969112487 204.19164152 203.441141294 202.719760833 202.029560727 201.372507991 200.750471181 200.165215767 199.618399781 199.111569736
198.646156844 198.223473509 197.844710137 197.510932236 197.223077829 196.981955186 196.788240869 196.642478091 196.545075416 196.496305766
