186.285329604 186.664247445 187.418153058 188.539224677 190.015825207 191.83261587 193.970706042 196.407837848 199.118603758 202.074695106
205.245179157 208.596802077 212.094314921 215.700819512 219.378130907 223.08715299 226.788263596 230.441705472 234.007979334 237.448235257
240.724658625 243.800846945 246.642173902 249.216137135 251.492686381 253.444528825 255.047408674 256.280358253 257.125918158 257.570324306
257.603660036 257.219971733 256.417346792 255.197953109 253.568039629 251.537897861 249.121784641 246.337806776 243.207768589 239.75698371
236.014052814 232.010609331 227.781035454 223.362151052 218.792878367 214.113885601 209.367212686 204.595882746 199.843502853 195.15385782
190.570500825 186.136344725 181.893257871 177.881668259 174.140179732 170.705203874 167.610611064 164.887404039 162.563417032 160.663043405
159.206994358 158.212091064 157.691092242 157.652558867 158.100757359 159.035602259 160.452639002 162.343067053 164.693803286 167.487585094
170.703112385 174.315227211 178.295129471 182.610626739 187.226416004 192.104394755 197.203998618 202.482562449 207.895701611 213.397709946
218.941970795 224.481377288 229.968758063 235.357304469 240.600995339 245.655015397 250.476163434 255.023246483 259.257456331 263.142724878
266.646055037 269.737824096 272.39205671 274.586664962 276.30365326 277.529286113 278.25421722 278.473578623 278.187029062 277.398761041
276.117466489 274.356261293 272.132569349 269.467967152 266.387990321 262.921903795 259.102437769 254.965491779 250.549809614 245.896628016
241.049302375 236.052912833 230.953854392 225.799414788 220.63734398 215.515419205 210.481009586 205.580644275 200.859588111 196.361428657
192.127678446 188.197396043 184.606829447 181.389085073 178.573825376 176.18699789 174.250598173 172.78246883 171.796136474 171.300688115
