240.093563676 240.152989222 240.271453122 240.448183336 240.682027652 240.971460661 241.314592976 241.709182653 242.152648717 242.642086722
243.174286222 243.745750056 244.35271531 244.991175817 245.656906052 246.345486264 247.052328676 247.772704592 248.501772226 249.234605076
249.966220669 250.691609481 251.405763855 252.103706736 252.780520039 253.431372481 254.051546695 254.636465474 255.181716977 255.683078752
256.13654044 256.538325018 256.884908482 257.173037836 257.39974732 257.562372775 257.658564083 257.686295635 257.643874765 257.529948147
257.343506125 257.083884988 256.750767186 256.344179545 255.864489486 255.312399339 254.688938778 253.99545549 253.233604141 252.405333747
251.512873551 250.558717529 249.54560763 248.476515898 247.354625595 246.183311458 244.966119246 243.706744706 242.4090121 241.076852442
239.714281582 238.325378281 236.914262401 235.485073358 234.041948949 232.589004692 231.130313776 229.669887743 228.211657992 226.759458204
225.317007773 223.887896306 222.475569273 221.083314846 219.714251987 218.371319818 217.057268289 215.774650179 214.525814418 213.312900749
212.137835705 211.002329882 209.907876499 208.855751181 207.847012961 206.882506416 205.962864911 205.088514884 204.2596811 203.476392823
202.738490825 202.045635163 201.397313648 200.792850938 200.231418162 199.712043023 199.23362028 198.794922552 198.394611369 198.031248393
197.703306744 197.409182372 197.147205412 196.915651454 196.712752695 196.5367089 196.385698148 196.257887306 196.151442202 196.064537469
195.995366017 195.942148123 195.903140116 195.876642631 195.861008434 195.854649796 195.856045416 195.863746885 195.876384697 195.892673793
195.911418657 195.931517956 195.951968733 195.971870158 195.990426842 196.006951718 196.020868507 196.031713748 196.039138432 196.042909212
