213.463562627 217.958256201 226.496638847 238.220625084 251.948606015 266.290481539 279.782935835 291.031751201 298.847273042 302.359814393
301.103755455 295.062159681 284.667592667 270.759115298 254.499708902 237.262258082 220.495288088 205.581627645 193.703852091 185.729688893
182.128604196 182.92772756 187.711412394 195.66444984 205.654673183 216.346827425 226.336512725 234.291041113 239.083366094 239.905920996
236.35316794 228.464722613 216.724780647 202.01785137 185.545084826 168.709339319 152.980201051 139.752134778 130.20962201 125.212464792
204.213420226 204.326270105 204.623950672 205.239126704 206.343877034 208.120957897 210.731020661 214.279752647 218.789028697 224.175833897
230.241973229 236.676494095 243.071421374 248.949976391 253.805067669 257.14464682 258.539644795 257.669738957 254.362207135 248.619611429
240.6329846 230.778482895 219.59700149 207.757876516 196.009363354 185.119930359 175.815404642 168.717548704 164.289672345 162.794381493
164.267572954 168.511387749 175.107161432 183.447611337 192.785745332 202.29642917 211.14535659 218.55944236 223.892474615 226.680239808
198.437763008 201.648702378 201.601565456 192.282958801 174.207069364 153.425882745 135.727953007 122.976584499 114.497639327 109.997911414
216.156982422 215.50546474 214.442905192 213.408370393 212.962533334 213.688052899 216.083427016 220.467457825 226.909725757 235.198261987
244.849643129 255.159998479 265.289024192 274.364075783 281.588553505 286.338526185 288.233842877 287.174415491 283.338130997 277.14297373
269.181377894 260.138700551 250.709410286 241.523917924 233.096140774 225.797469852 219.857642556 215.388063562 212.419256024 210.942037387
177.690333655 178.981557508 181.502168173 185.131559782 189.696329976 194.978837489 200.727889383 206.670991357 212.527515573 218.022097577
222.897569532 226.926770917 229.922647789 231.746153364 232.311589806 231.589176114 229.604781405 226.436917558 222.211231399 217.092865903
211.277165302 204.979274759 198.423227682 191.831121124 185.412952339 179.357630078 173.825586785 168.943308631 164.799976306 161.446278702
158.895332068 157.125516924 156.084940965 155.697154422 155.867689187 156.490967145 157.457127246 158.658353641 159.994345751 161.376650623
162.731672651 164.002278717 165.148021078 166.144098577 166.97926256 167.652941574 168.17190418 168.546799392 168.788908413 168.907410255
