310.611899682 304.803165259 294.366356599 281.268302123 267.623592674 255.054838852 244.291719695 235.152849532 226.901995808 218.820714279
210.751674675 203.375945244 198.091069675 196.515860505 199.80128873 208.014737295 219.851578468 232.816172821 243.844330152 250.174151067
302.683641681 302.614492571 302.476357405 302.269561811 301.994593035 301.652098501 301.24288391 300.767910867 300.228294056 299.625297957
298.960333139 298.234952112 297.450844777 296.60983347 295.713867627 294.765018078 293.765471 292.71752153 291.623567082 290.486100363
289.307702131 288.091033706 286.838829266 285.553887936 284.23906572 282.897267276 281.531437578 280.144553476 278.739615199 277.319637804
275.887642617 274.446648688 272.999664271 271.549678383 270.09965244 268.652512016 267.211138738 265.778362348 264.356952949 262.949613473
261.558972369 260.187576563 258.837884681 257.512260582 256.212967196 254.942160704 253.701885064 252.494066908 251.320510815 250.182894978
249.082767286 248.021541807 247.000495712 246.02076662 245.083350392 244.189099362 243.338721025 242.532777166 241.771683448 241.055709446
240.384979133 239.759471806 239.179023457 238.643328577 238.15194238 237.704283457 237.299636821 236.937157364 236.615873685 236.334692294
236.092402168 235.887679645 235.719093647 235.585111196 235.484103225 235.414350649 235.374050688 235.361323411 235.374218483 235.410722096
235.468764061 235.546225032 235.640943847 235.750724957 235.873345925 236.006564962 236.148128488 236.295778685 236.447261028 236.600331755
236.752765274 236.902361467 237.046952875 237.18441175 237.312656937 237.429660577 237.533454608 237.62213705 237.693878038 237.746925611
237.779611222 237.790354956 237.777670444 237.740169468 237.676566219 237.58568123 237.466444939 237.317900906 237.139208643 236.929646079
236.688611635 236.415625912 236.110332982 235.772501295 235.402024182 234.99891996 234.563331655 234.095526321 233.595893977 233.064946159
232.503314096 231.911746511 231.291107069 230.642371463 229.966624161 229.26505482 228.538954385 227.789710873 227.018804876 226.227804772
225.418361688 224.592204208 223.751132853 222.897014352 222.031775717 221.157398145 220.275910764 219.389384238 218.49992426 217.609664951
216.720762174 215.835386798 214.955717929 214.083936116 213.222216577 212.37272244 211.537598033 210.718962247 209.918901977 209.139465678
208.382657036 207.650428798 206.94467675 206.267233886 205.619864772 205.004260123 204.422031614 203.874706933 203.363725101 202.89043206
202.456076552 202.061806297 201.708664484 201.397586576 201.129397454 200.904808898 200.724417408 200.588702384 200.498024663 200.452625418
