330.552938857 328.857369708 325.505316102 320.574093796 314.177558483 306.463609207 297.610933962 287.825060099 277.333786439 266.382087206
255.226589946 244.129740108 233.353773777 223.154626846 213.775913425 205.44310834 198.358067885 192.694019415 188.591143807 186.152865172
185.442949528 186.483498527 189.253905988 193.690824152 199.689163736 207.10412738 215.754250565 225.425398216 235.875639528 246.840898952
258.041258369 269.187765046 279.989582691 290.161309421 299.430277304 307.543643775 314.275085922 319.430914666 322.855437126 324.435411855
324.103462919 321.840344344 317.675975756 311.68920232 304.006266364 294.798013523 284.275891679 272.68683547 260.307161533 247.435628993
234.385845031 221.478215844 209.031658244 197.355296024 186.740367657 177.452567798 169.725034423 163.752176569 159.684514984 157.624680166
147.099641919 151.688913982 160.552120492 173.08506374 188.445239635 205.621890562 223.519234497 241.045394296 257.199096989 271.146497435
282.281473163 290.264339588 295.03599158 296.806790617 296.021865215 293.306652869 289.398280957 285.06959727 281.053208536 277.972722439
276.287539471 276.256095508 277.920561394 281.113851327 285.487590223 290.557656899 295.762251831 300.526294728 304.325444646 306.743197304
307.515327029 306.557316899 303.97221723 300.038406377 295.178792925 289.914887469 284.810696451 280.412398809 277.190159649 275.488177037
349.974114828 352.425418259 356.865935634 362.424763519 367.923142578 372.012479006 373.334861574 370.689038228 363.184083287 350.364070585
332.289868791 309.568419923 283.325131872 255.120787391 226.820068962 200.423849021 177.881286796 160.900106876 150.77396306 148.244443884
153.412168144 165.706839695 183.92051754 206.302251886 230.706233726 254.780293419 276.177488006 292.771047861 302.852365163 305.293072463
299.655462841 286.240248139 266.066491895 240.784933741 212.532232131 183.739286242 156.911212171 134.39931518 118.186247559 109.70438355
229.020860248 229.196513415 229.544170628 230.056571346 230.722919471 231.528998225 232.457325233 233.487349185 234.595689446 235.756419867
236.941397606 238.120637231 239.262729515 240.335303351 241.305528012 242.14065164 242.808570413 243.278421358 243.521190291 243.510324932
243.222341992 242.637415885 241.739935895 240.519018075 238.968957944 237.089610229 234.886682522 232.371930678 229.563245301 226.484620432
223.165997852 219.642982933 215.956430849 212.151905 208.279012736 204.390626695 200.542003306 196.789813078 193.191100175 189.802191313
186.677576146 183.86878299 181.42327485 179.383391226 177.785361085 176.658411613 176.02399594 175.895161001 176.276074005 177.161722812
178.537801806 180.380790782 182.658229987 185.329189879 188.344929533 191.649733022 195.181908683 198.87493203 202.658709344 206.460935721
210.208518753 213.829037005 217.252201265 220.411286054 223.244499246 225.696258756 227.718347179 229.270917889 230.323329405 230.854788729
