357.346081638 357.113522342 356.649345113 355.955428361 355.034578941 353.890519299 352.527870433 350.952130752 349.169650929 347.187604886
345.013957042 342.65742598 340.127444728 337.434117828 334.588175417 331.60092453 328.484197882 325.250300354 321.911953462 318.482238068
314.974535613 311.402468163 307.779837538 304.12056384 300.438623664 296.747988285 293.062562123 289.396121777 285.76225592 282.174306329
278.64531035 275.187945039 271.814473266 268.536692018 265.365883141 262.312766752 259.387457528 256.599424068 253.957451514 251.469607585
249.14321218 246.984810671 245.000151002 243.194164666 241.570951656 240.133769413 238.885025822 237.826276246 236.958224602 236.280728438
235.792807966 235.492658973 235.377669526 235.444440362 235.688808832 236.105876261 236.690038564 237.435019936 238.333909433 239.379200242
240.562831416 241.876231862 243.310366325 244.855783143 246.502663515 248.240872014 250.060008092 251.949458316 253.89844905 255.896099333
257.931473672 259.9936345 262.071694022 264.154865208 266.232511669 268.29419619 270.329727682 272.329206318 274.283066664 276.182118587
278.017585767 279.781141635 281.464942578 283.061658277 284.564499054 285.967240107 287.264242559 288.450471237 289.521509135 290.473568515
291.303498632 292.008790089 292.587575826 293.038628788 293.361356331 293.555791414 293.622580693 293.562969596 293.378784506 293.072412191
292.646776613 292.105313287 291.451941362 290.691033587 289.827384381 288.866176189 287.812944333 286.673540577 285.454095628 284.160980778
282.800768938 281.380195268 279.906117642 278.385477164 276.825258967 275.232453508 273.614018567 271.976842165 270.327706609 268.673253824
267.019952196 265.374065064 263.741621038 262.128386284 260.539838917 258.981145623 257.457140607 255.972306971 254.530760602 253.136236618
251.792078427 250.501229433 249.266227395 248.08920144 246.971871716 245.915551649 244.92115275 243.98919192 243.119801165 242.312739633
241.567407864 240.882864145 240.257842821 239.690774442 239.17980758 238.722832159 238.317504138 237.961271355 237.651400364 237.385004071
237.159069983 236.970488874 236.81608367 236.692638367 236.596926779 236.525740931 236.475918901 236.444371936 236.428110657 236.424270177
236.43013398 236.443156391 236.460983501 236.481472405 236.502708628 236.523021631 236.54099829 236.555494265 236.565643187 236.570863596
