270.513254613 270.700222569 271.11858983 271.849123428 272.993704978 274.65482071 276.912268538 279.799987231 283.285996624 287.258193428
291.518195898 295.784625549 299.706235333 302.884240342 304.902187138 305.360817596 303.914736419 300.307349824 294.400548281 286.195966517
275.845341622 263.648444469 250.038192571 235.55375669 220.803632896 206.421652677 193.019646181 181.140881295 171.218428775 163.542241996
158.238017128 155.259878705 154.397708935 155.298619609 157.50077582 160.476642214 163.681842823 166.605289009 168.816089055 170.003022826
243.866370859 243.81643314 243.717201429 243.569958188 243.376614677 243.139696129 242.862322148 242.548182464 242.201508227 241.82703902
241.429985851 241.015990358 240.591080537 240.161623283 239.734274093 239.315924283 238.913646075 238.534635957 238.186156707 237.875478476
237.60981936 237.396285867 237.241813696 237.153109238 237.136592214 237.198339852 237.344032977 237.578904407 237.907690005 238.334582726
238.863189992 239.496494667 240.236819934 241.0857983 242.044344944 243.112635611 244.290089198 245.57535516 246.966305824 248.460033684
250.052853694 251.740310553 253.517190952 255.377540711 257.314686694 259.321263392 261.389243986 263.509975724 265.674219383 267.87219258
270.093616669 272.327766935 274.563525786 276.789438619 278.993772028 281.164574002 283.289735759 285.357054854 287.354299179 289.269271499
291.089874141 292.804173466 294.400463765 295.867330209 297.193710518 298.368954993 299.3828846 300.225846785 300.888768731 301.363207779
301.641398748 301.716297937 301.581623576 301.231892533 300.662453133 299.86951391 298.850168199 297.60241446 296.125172264 294.418293893
292.482571541 290.319740103 287.932475588 285.324389197 282.500017136 279.464806258 276.22509563 272.788094173 269.161854502 265.355243131
261.377907229 257.240238103 252.953331612 248.528945735 243.979455492 239.317805462 234.557460135 229.712352315 224.796829841 219.825600855
214.813677867 209.776320859 204.728979674 199.687235928 194.666744676 189.683176081 184.752157288 179.889214745 175.109717169 170.428819374
165.861407151 161.422043392 157.124915644 152.983785255 149.011938281 145.22213831 141.626581342 138.236852856 135.063887201 132.117929417
129.408499595 126.944359875 124.733484172 122.783030701 121.099317386 119.687800204 118.553054526 117.698759492 117.127685471 116.841684631
