179.841349841 180.177927806 180.848408483 181.847463468 183.16715521 184.797002552 186.724067232 188.933060599 191.406469631 194.124701161
197.066243074 200.207841085 203.524689576 206.990634866 210.578389144 214.259753262 218.005846457 221.787341057 225.574700153 229.338416234
233.049248741 236.678458544 240.198037348 243.580930115 246.801248625 249.834474407 252.657649348 255.24955242 257.590861078 259.664296022
261.454748177 262.949386884 264.137748494 265.011804686 265.566010063 265.797328716 265.705239667 265.291721256 264.561214755 263.52056763
262.178957106 260.547794786 258.640613311 256.472936149 254.06213176 251.427253526 248.588866928 245.568865578 242.390277783 239.077065416
235.653916892 232.146036115 228.57892928 224.978191397 221.369294437 217.777378921 214.227050768 210.742185143 207.345738958 204.059573617
200.90428946 197.899073265 195.061560032 192.407710134 189.95170276 187.70584645 185.680507316 183.884055423 182.322829596 181.001120762
179.921173783 179.083207525 178.485452788 178.124207526 177.993908647 178.08721953 178.395132266 178.907083496 179.611082585 180.493850812
181.540970116 182.737039888 184.065840234 185.51050009 187.053668521 188.677687547 190.364764822 192.097144517 193.857274787 195.627970249
197.392567969 199.135075515 200.84030975 202.494025108 204.083030238 205.595292008 207.020026001 208.347772771 209.570459276 210.681445058
211.675552882 212.549083727 213.299816149 213.926990213 214.431276339 214.814729544 215.080729724 215.233908735 215.280065175 215.226067889
215.079749302 214.849789811 214.545594541 214.177163813 213.754958788 213.289763714 212.792546307 212.27431775 211.745993823 211.218258649
210.701432502 210.205345084 209.73921562 209.311541015 208.929993285 208.601327307 208.331299883 208.124600949 207.984797664 207.914291953
215.394970175 215.311332475 215.145599119 214.900821953 214.58149883 214.193479603 213.743843895 213.24075321 212.693280523 212.111220911
211.504887204 210.884894942 210.261941117 209.646581307 209.049009819 208.478847377 207.944940706 207.455178088 207.016324622 206.633880461
206.311964814 206.053227944 205.858792774 205.728227099 205.65954676 205.649249471 205.692378376 205.782613807 205.912391132 206.073042096
206.254956592 206.447761419 206.640512312 206.821895277 206.980433183 207.104693495 207.183493108 207.206096366 207.162402601 207.043119779
206.83992126 206.545583054 206.154099449 205.660775388 205.062294484 204.356762122 203.543723602 202.624157824 201.600447483 200.476327215
199.25681153 197.948104728 196.557495275 195.093237349 193.564422397 191.980843649 190.352856514 188.691237727 187.007046002 185.311486714
183.615782928 181.931054766 180.268208799 178.637838765 177.050138565 175.514828093 174.041092072 172.637531728 171.312128777 170.072220888
168.924487542 167.874944973 166.928948704 166.091202099 165.365769289 164.756090816 164.265000446 163.894741655 163.646982512 163.522827847
