305.86293107 305.331469887 304.273297906 302.697867929 300.619239762 298.055938343 295.030766921 291.570577252 287.705999237 283.471132852
278.903205612 274.04219918 268.930449053 263.612221525 258.133272383 252.540391958 246.880941306 241.202384378 235.551821054 229.975525943
224.518497715 219.224023677 214.133264092 209.284860526 204.714572259 200.454944477 196.535011611 192.980038818 189.811304176 187.04592373
184.696721054 182.772142531 181.276219032 180.20857422 179.564479151 179.334952401 179.506904424 180.063324398 180.983507352 182.243318943
183.815494872 185.669971525 187.774244151 190.093748567 192.592262143 195.232319648 197.975639367 200.783554822 203.617447375 206.439174998
209.21149256 211.89845909 214.465827622 216.881413441 219.11543681 221.140836526 222.933551007 224.47276397 225.741112162 226.724853018
227.413990597 227.802358574 227.887659572 227.671460585 227.159144746 226.359820135 225.286186859 223.95436402 222.383678692 220.596419384
218.617556908 216.474435874 214.196440383 211.814637752 209.361404343 206.870037756 204.374359783 201.908314611 199.505566814 197.199103653
195.020846151 193.001273299 191.169063595 189.550757924 188.170447508 187.049490417 186.206259769 185.655926394 185.410278356 185.477579307
185.862467207 186.565894484 187.585110263 188.913684799 190.541575785 192.455235739 194.637759227 197.069068197 199.726133321 202.583228808
205.612217799 208.782865092 212.063173672 215.419741228 218.818132652 222.22326429 225.599795645 228.912524104 232.126778258 235.208805388
238.12614876 240.848010507 243.345595997 245.592435852 247.564681979 249.241374311 250.604675253 251.640069219 252.336525004 252.68661919
220.577933825 223.88427727 230.219625615 239.051656716 249.635903974 261.075502417 272.392871622 282.607406717 290.812805512 296.247766351
298.354432517 296.820071781 291.598959475 282.913143958 271.232559588 257.236655089 241.761175717 225.734851179 210.111408294 195.802501097
183.61683129 174.209963553 168.04820878 165.388570399 166.275260718 170.551838173 177.886726853 187.808871073 199.749633134 213.086806643
227.186794079 241.441547839 255.297724958 268.276555312 279.984052919 290.112287006 298.43335931 304.788412088 309.074352502 311.230994082
234.929170374 234.230033537 232.857189291 230.860389944 228.311547253 225.301609251 221.936617556 218.333122252 214.613160355 210.899023582
207.308050729 203.947679048 200.910977491 198.272863228 196.087172238 194.384716458 193.172415583 192.433543202 192.129076534 192.200089002
192.57107735 193.154072188 193.853344608 194.57049351 195.209679813 195.682765631 195.914119162 195.844859458 195.436338818 194.672693295
193.562332316 192.138285008 190.457371319 188.59821839 186.658194484 184.749381784 182.993753511 181.51775795 180.446540577 179.898054152
179.977314595 180.771057193 182.343033374 184.730163376 187.939725769 191.947722301 196.698507757 202.105721569 208.054502929 214.40491666
220.996465251 227.653515673 234.191429745 240.42315574 246.166017927 251.248430756 255.51626591 258.838613407 261.112701803 262.267776359
