269.625981256 269.733099732 269.946105928 270.262549111 270.678780039 271.189982934 271.790217709 272.472472076 273.22872312 274.050007813
274.926501892 275.847606428 276.802041382 277.77794535 278.76298068 279.744443067 280.709374725 281.644680174 282.537243686 283.37404739
284.142289059 284.829498577 285.423652112 285.913283025 286.28758858 286.536531554 286.650935871 286.622575456 286.444255537 286.109885698
285.614544049 284.954531946 284.127418773 283.132076396 281.968702943 280.638835695 279.145352934 277.492464694 275.685692454 273.731837887
271.638940904 269.416227272 267.07404621 264.62379844 262.077855232 259.449469077 256.752676689 254.00219509 251.213311596 248.401768587
245.583643955 242.775228208 239.992899191 237.252995441 234.571689187 231.964860021 229.44797026 227.035943007 224.743043903 222.582767529
220.567729389 218.709564358 217.018832422 215.504932507 214.17602509 213.038964249 212.099239728 211.360929499 210.826663236 210.497597026
210.373399546 210.452249856 210.730846844 211.204430293 211.866813432 212.710426731 213.726372639 214.904490839 216.233433548 217.700750271
219.292981378 220.995759764 222.793919828 224.671612899 226.61242824 228.599518655 230.615729742 232.643731762 234.666153093 236.665714219
238.625361204 240.528397582 242.358613639 244.100412047 245.738928867 247.260148957 248.651014859 249.899528312 250.994843579 251.927351825
252.688755902 253.272134912 253.671998045 253.884327253 253.906608409 253.7378507 253.378594088 252.83090477 252.098358666 251.186013047
250.100366536 248.849307765 247.442053104 245.889073943 244.202014086 242.393597909 240.47753 238.468387072 236.381502989 234.232847818
232.038901854 229.81652561 227.582826797 225.355025344 223.150317522 220.985740241 218.878036595 216.843523719 214.897963992 213.056440617
211.333238546 209.741731711 208.294277431 207.002118843 205.875296131 204.922567244 204.15133874 203.567607295 203.175912354 202.979300274
158.361728658 162.083700934 169.1543687 178.86222118 190.224289652 202.07835405 213.191886647 222.377478588 228.603912196 231.092490426
229.389669004 223.409316266 213.440829205 200.122581273 184.383455264 167.358208833 150.2848451 134.39378682 120.799328565 110.403508585
103.821239787 101.333400542 102.871824157 108.037013336 116.146247835 126.306857211 137.507076089 148.715311993 158.977984164 167.506394
173.744325737 177.410120015 178.509604465 177.319238314 174.341834532 170.239963936 165.754349373 161.616007385 158.461448629 156.759855115
