376.823901296 376.132279937 374.756263817 372.710219962 370.015484573 366.70010882 362.79852485 358.351136192 353.403837658 348.007470721
342.21722117 336.091966527 329.693581349 323.086209053 316.335509289 309.507890202 302.669735077 295.886632921 289.222622458 282.739458843
276.495912064 270.547105616 264.943903462 259.732352708 254.953188664 250.641408177 246.825916237 243.529249907 240.767382661 238.549611163
236.878525488 235.750062715 235.153642765 235.072384334 235.483397734 236.358150517 237.662900834 239.359192627 241.404406025 243.75235558
246.353928464 249.157754216 252.110897289 255.159563382 258.249810422 261.328255003 264.342765241 267.243131173 269.981704189 272.513997411
274.799239474 276.800874814 278.487004283 279.830760712 280.810614925 281.41060863 281.620511565 281.435901311 280.858165167 279.894424524
278.55738319 276.8651021 274.840703797 272.512010994 269.911124369 267.073945513 264.039651668 260.850129492 257.549375595 254.182872013
250.796945078 247.438116326 244.152454174 240.984935037 237.978822422 235.175072232 232.611772184 230.323622723 228.341466267 226.691870925
225.396774115 224.473190673 223.932989175 223.782739271 224.023631881 224.651473112 225.656751779 227.024779407 228.735900662 230.765771162
233.085698783 235.66304369 238.461671557 241.442453739 244.563807546 247.782269215 251.053091787 254.330859736 257.570112018 260.725965065
263.754727309 266.614496895 269.265734514 271.67180361 273.799470669 275.619358832 277.106348724 278.239921075 279.004436537 279.389348911
233.180131701 236.191333623 239.093321451 238.760985064 235.058751311 230.804876543 229.088146048 230.762328061 234.180020917 236.764539388
