178.576211228 180.127403839 183.188727471 187.679110531 193.479548099 200.436151414 208.364093326 217.052350304 226.269121459 235.767787895
245.293261983 254.588566191 263.401475118 271.491052592 278.633918088 284.630083263 289.308209959 292.530155276 294.194686988 294.24027315
292.646872784 289.436679424 284.67379542 278.462841673 270.94653411 262.302284188 252.737905237 242.486529094 231.800857463 220.946889443
210.197280145 199.82449504 190.093930233 181.257170331 173.54555265 167.164199521 162.286669336 159.050362171 157.552797573 157.848860914
159.949091099 163.819056893 169.379842443 176.509635237 185.046382569 194.791456081 205.514238983 216.957527516 228.843617848 240.880932336
252.77102533 264.215798858 274.924752833 284.622092991 293.053522661 299.992551655 305.246166808 308.659723803 310.120938461 309.562877235
306.965870737 302.358300066 295.816232966 287.461914711 277.461146389 266.01961032 253.378227971 239.807659349 225.602073838 211.072340318
196.538798711 182.323785465 168.744091715 156.103534731 144.68582076 134.747870556 126.513767907 120.16947661 115.858452917 113.678259015
248.960296955 248.600009759 247.804833466 246.499634884 244.714474784 242.656950852 240.69469316 239.229309389 238.495078274 238.359829937
238.221404651 237.070822697 233.737816214 227.264570249 217.295536663 204.348586087 189.857281545 175.940482731 164.942793033 158.867803671
170.684884652 171.087219003 171.873342087 173.006872982 174.434990995 176.090467108 177.894259435 179.75858069 181.590328617 183.294757056
184.779256147 185.957105514 186.751064259 187.096666246 186.945098343 186.26555275 185.046961739 183.299043693 181.052612362 178.359126193
175.289480489 171.932071199 168.390184474 164.778789877 161.220836485 157.843169429 154.772198912 152.12946408 150.027239756 148.564334919
147.822227698 147.861672786 148.719903687 150.408534599 152.912245462 156.188309462 160.166995849 164.752853113 169.826849228 175.249317833
180.863632634 186.500507928 191.982801785 197.130680698 201.766991136 205.722674739 208.842060342 210.987867601 212.045763854 211.928327701
210.578289323 207.970938356 204.115614448 199.056222816 192.870746335 185.669755976 177.593951893 168.810797188 159.510334328 149.900299657
140.200673443 130.637820854 121.43839256 112.823161862 105.000978097 98.1630134838 92.4774725506 88.0849201358 85.0943660163 83.5802220555
