229.724096226 229.750891886 229.804443854 229.884673226 229.99146114 230.124648188 230.284033628 230.469374432 230.680384164 230.916731711
231.178039891 231.463883939 231.773789913 232.107233026 232.463635949 232.84236708 233.242738845 233.664006025 234.105364158 234.56594804
235.044830351 235.541020441 236.053463302 236.58103876 237.1225609 237.676777774 238.242371399 238.817958073 239.402089043 239.993251523
240.589870107 241.190308574 241.792872097 242.39580989 242.997318267 243.595544148 244.188588997 244.774513192 245.351340835 245.917064972
246.469653238 247.007053888 247.527202216 248.028027329 248.507459256 248.963436369 249.393913075 249.796867762 250.170310947 250.5122936
250.8209156 251.094334281 251.33077302 251.528529832 251.685985908 251.801614073 251.873987083 251.901785745 251.883806787 251.818970434
251.706327658 251.545067023 251.334521105 251.074172434 250.763658905 250.402778628 249.991494174 249.529936171 249.018406237 248.457379193
247.847504548 247.189607224 246.484687501 245.733920163 244.938652845 244.100403552 243.220857364 242.301862326 241.345424509 240.353702286
239.3289998 238.273759672 237.190554953 236.082080366 234.951142845 233.800651433 232.633606568 231.453088793 230.262246954 229.064285929
227.862453939 226.660029508 225.460308124 224.266588666 223.082159666 221.910285469 220.75419235 219.617054675 218.501981164 217.412001318
216.350052101 215.318964926 214.321453018 213.360099233 212.437344376 211.555476102 210.71661845 209.922722065 209.175555175 208.476695358
207.827522166 207.229210629 206.682725695 206.188817631 205.748018421 205.360639182 205.026768614 204.746272518 204.518794362 204.343756921
204.220364988 204.14760913 204.124270502 204.148926679 204.2199585 204.335557875 204.493736543 204.692335722 204.929036618 205.201371742
205.506736978 205.842404349 206.205535413 206.593195234 207.002366852 207.429966176 207.872857245 208.32786776 208.791804818 209.261470779
209.733679164 210.20527053 210.673128215 211.134193896 211.585482868 212.024098967 212.447249066 212.852257067 213.236577314 213.597807364
213.933700043 214.242174737 214.521327845 214.769442348 214.984996448 215.166671224 215.313357271 215.424160285 215.498405565 215.535641414
