235.215636289 235.46896629 235.970037177 236.707777633 237.665845919 238.822942466 240.153217294 241.626764468 243.21019413 244.867271157
246.559608242 248.247400149 249.890185112 251.447618829 252.880246305 254.150256801 255.222207516 256.063702242 256.646012076 256.94462644
256.939723969 256.616554402 255.965724309 254.98338135 253.671293721 252.036823428 250.092794107 247.857256098 245.353153466 242.607899526
239.652869186 236.522817982 233.255239097 229.889670799 226.466967676 223.028549708 219.615643616 216.268531029 213.02581787 209.923738894
206.995510612 204.270744865 201.774934109 199.52901806 197.549039745 195.845897258 194.425195647 193.28720141 192.426900078 191.834155358
191.493966358 191.386817495 191.489113917 191.773693633 192.210406049 192.76674537 193.408526276 194.100588498 194.807516383 195.494359292
196.127338691 196.674528106 197.106492656 197.396875735 197.522921472 197.465922872 197.211587064 196.750310686 196.077360265 195.192954315
194.102245799 192.815205619 191.346409695 189.714734133 187.942964766 186.057329037 184.086959727 182.063301345 180.019471126 177.989587461
176.008079218 174.108989749 172.325289504 170.688210955 169.226619095 167.966430047 166.930089362 166.136120386 165.598751684 165.327630927
401.612782385 398.768853738 393.174919177 385.015497235 374.559173114 362.149111867 348.190968603 333.138646586 317.47843259 301.712096592
286.339577692 271.841888747 258.664858397 247.204291617 237.793070317 230.69063644 226.075204741 224.038944959 224.586257792 227.635150672
233.021602537 240.50669629 249.786197704 260.502174046 272.256177873 284.623473645 297.167758692 309.455826183 321.071635895 331.62929751
340.784528883 348.244225359 353.773862468 357.202549209 358.425648531 357.404981232 354.166725152 348.797209163 341.436877717 332.272763449
321.529850414 309.461737395 296.341018763 282.449789702 268.07065437 253.47857141 238.93381374 224.676251679 210.921093665 197.856140821
185.640534079 174.404899323 164.252730265 155.262793716 147.492299808 140.980552548 135.752784701 131.823885813 129.201752646 127.890026121
223.303026112 223.156450413 222.865222365 222.433172164 221.866003516 221.171242847 220.358170173 219.437730584 218.422425214 217.326180595
216.164195447 214.952764247 213.709077305 212.450997612 211.196815364 209.964981761 208.773824499 207.641248174 206.584423663 205.619471349
204.761143815 204.022514282 203.414677595 202.946470944 202.624221689 202.451529663 202.429091072 202.554570677 202.822528248 203.224404362
203.74856951 204.380439162 205.102655976 205.895338743 206.736395991 207.601900444 208.466518831 209.303989899 210.087641938 210.790939738
211.388049731 211.854411133 212.167300241 212.306374718 212.254184646 211.996637509 211.523404892 210.828259729 209.90933424 208.769290338
207.41539616 205.859504466 204.117930922 202.211232638 200.163889736 198.003895129 195.76225999 193.472444572 191.169725978 188.890516218
186.671645255 184.549624811 182.559909372 180.736171073 179.109605033 177.708281107 176.556557088 175.674567026 175.077796641 174.776755805
