282.867528794 282.010971361 280.319678529 277.836741419 274.625429179 270.767589094 266.361580698 261.519799133 256.365853781 251.031477133
245.653245692 240.369199228 235.315446788 230.622847552 226.413851774 222.799581979 219.877227256 217.727814231 216.414407434 215.980779513
216.450578536 217.827005879 220.093004193 223.211941272 227.128762503 231.771572501 237.053595739 242.87545682 249.127713751 255.693572288
262.451706354 269.27910856 276.053896211 282.658001508 288.979680017 294.915778586 300.37371246 305.273111177 309.547103526 313.143223037
316.02392695 318.166732789 319.563987446 320.222293526 320.161626539 319.414183889 318.02301252 316.040466214 313.526545967 310.547177441
307.172478325 303.475065629 299.528448565 295.405546993 291.177368661 286.911870853 282.673023963 278.520086132 274.507089804 270.682533135
267.089261889 263.76452106 260.740150145 258.042891958 255.694782214 253.713585916 252.113246843 250.904318121 250.094344938 249.688174619
243.217548567 243.116488658 242.915255323 242.615617867 242.220220742 241.732571134 241.157020802 240.498740922 239.763688502 238.95856287
238.090750759 237.168258633 236.199631114 235.193854739 234.160246649 233.108328353 232.04768526 230.987813289 229.937954508 228.906924359
227.902933677 226.933409215 226.004816899 225.122492381 224.290483746 223.511411295 222.786349344 222.114734732 221.494306398 220.921079857
220.389359732 219.891792668 219.419462038 218.962024792 218.507889698 218.044435074 217.558262951 217.035485454 216.462038141 215.824014053
215.108011361 214.301486834 213.393106823 212.373087168 211.233513342 209.968632315 208.57510799 207.052232694 205.402088041 203.629649516
201.742830379 199.752461822 197.672207854 195.518414905 193.309897798 191.067665317 188.814590155 186.575029511 184.374403915 182.238743035
180.194208185 178.266601966 176.480875938 174.860647455 173.427736663 172.201734348 171.199610665 170.435373882 169.919787174 169.660150124
