302.155396919 302.091795946 301.96264767 301.764115667 301.490584647 301.134824216 300.688201557 300.140938305 299.482405917 298.701452951
297.786756932 296.727192894 295.512210254 294.132209444 292.578909624 290.845698939 288.927959037 286.82335606 284.532090911 282.057102426
279.404217938 276.582246824 273.603013713 270.481329274 267.234897766 263.884161838 260.452086333 256.963884172 253.44668858 249.929177079
246.441153723 243.013096982 239.675681467 236.45928233 233.393471634 230.506516279 227.824887153 225.372789116 223.171721101 221.240075203
219.592782922 218.241015978 217.19194811 216.448583192 216.009653809 215.869593107 216.018581396 216.442667572 217.123964003 218.040912148
219.168614782 220.479229464 221.942416627 223.525834646 225.195673263 226.917215992 228.655421489 230.375513467 232.04356852 233.627091139
235.095565447 236.420973483 237.578270481 238.545808307 239.30569914 239.844112574 240.151500478 240.222745316 240.057228993 239.658820758
239.035784217 238.20060496 237.169741827 235.963306225 234.604675279 233.120045809 231.537937271 229.888652743 228.203707818 226.515237921
224.855394934 223.255744267 221.746673488 220.356823459 219.112552468 218.037443314 217.151862441 216.472579308 216.012453055 215.780192259
161.241314414 163.903302913 169.062189982 176.398328377 185.457905282 195.681889118 206.441679608 217.079179507 226.948721744 235.458164559
242.106517387 246.515678629 248.454239526 247.851812518 244.802945914 239.560351236 232.517853149 224.184131015 215.148914001 206.043780412
197.500065397 190.106576453 184.369840563 180.679458183 179.280826608 180.25703771 183.52118114 188.819629686 195.746189579 203.766308815
212.249894491 220.510736242 227.850102467 233.601796393 237.175848469 238.098087481 236.04307171 230.858259019 222.577826618 211.425184635
197.803923282 182.277648156 165.539847561 148.375556722 131.617097533 116.09654693 102.597798482 91.8111169533 84.2929419465 80.4333828885
215.065312732 215.357854724 215.933539069 216.773814309 217.851466537 219.131337946 220.571256377 222.123152337 223.734335208 225.348896292
226.909203114 228.357447019 229.637204708 230.694973911 231.481643988 231.953863755 232.075271383 231.817554531 231.161313115 230.096701927
228.62383582 226.752946046 224.504282514 221.907763091 219.002377378 215.835358525 212.461142512 208.940139638 205.33734773 201.720840642
198.160168773 194.724710696 191.482016293 188.496182183 185.826299534 183.525012734 181.637224778 180.198981741 179.236564413 178.76581016
178.791682513 179.308099955 180.298029048 181.733840612 183.577921208 185.783525895 188.295852359 191.053310974 193.98896059 197.032075674
200.109807172 203.148897112 206.077405546 208.82640808 211.331622868 213.53492759 215.38572957 216.842155677 217.872033025 218.453636506
218.576184867 218.240073097 217.456835337 216.248839033 214.648717618 212.698555355 210.44884403 207.957236731 205.287128912 202.506101147
199.68426138 196.892526927 194.200887968 191.676694742 189.383010084 187.377067374 185.708871417 184.419976277 183.542469819 183.098189669
