208.798110389 210.169102089 212.745225236 216.212254761 220.140810609 224.031898034 227.37013022 229.679186515 230.573807356 229.802947746
227.279574485 223.093913883 217.508606327 210.936038587 203.899924251 196.984807832 190.778418331 185.812567193 182.508494392 181.132190834
181.764298642 184.287801104 188.394995132 193.613357786 199.348058704 204.937214548 209.714693343 213.074484224 214.530431954 213.76552037
210.66584062 205.335809593 198.092975064 189.442687055 180.034842624 170.606637332 161.91661385 154.676154242 149.484833562 146.775710848
244.320616303 244.256504481 244.128398999 243.936536718 243.681274249 243.363089505 242.982583715 242.540483855 242.037645436 241.475055589
240.853836363 240.175248162 239.440693221 238.65171903 237.810021612 236.917448526 235.976001524 234.98783872 233.955276186 232.880788867
231.767010699 230.61673386 229.432907036 228.218632637 226.977162882 225.711894691 224.426363327 223.124234753 221.809296665 220.485448194
219.156688279 217.827102705 216.500849857 215.182145221 213.875244688 212.584426741 211.313973602 210.068151454 208.851189836 207.667260351
206.520454822 205.414763038 204.35405026 203.342034648 202.382264781 201.478097455 200.632675931 199.848908833 199.129449863 198.476678532
197.89268208 197.379238761 196.937802656 196.569490194 196.275068507 196.054945775 195.909163679 195.83739208 195.838926013 195.912685076
196.05721528 196.270693402 196.550933848 196.895398057 197.301206398 197.765152538 198.283720223 198.853102377 199.469222434 200.127757773
200.824165118 201.55370775 202.311484349 203.092459284 203.891494131 204.703380227 205.522871997 206.344720844 207.163709339 207.974685469
208.772596673 209.552523424 210.309712092 211.039606836 211.737880272 212.400462681 213.023569518 213.603727006 214.137795596 214.622991112
215.05690339 215.437512264 215.76320075 216.032765312 216.245423118 216.400816205 216.499012514 216.540503761 216.526200144 216.457421923
216.335887907 216.16370094 215.94333047 215.677592331 215.36962589 215.022868716 214.641028963 214.228055678 213.788107257 213.325518279
212.844764996 212.350429714 211.847164372 211.339653573 210.832577379 210.330574148 209.838203706 209.359911147 208.89999154 208.462555839
208.051498235 207.670465241 207.322826735 207.011649196 206.739671352 206.509282426 206.322503155 206.180969739 206.085920839 206.03818774
