245.421639528 245.492595779 245.633435813 245.842026577 246.115198063 246.448778468 246.837640499 247.275758381 247.75627496 248.27157824
248.81338655 249.372841497 249.940607732 250.506978516 251.061986008 251.59551513 252.097419842 252.55764063 252.966321975 253.313928601
253.591359272 253.790056947 253.902114144 253.920372377 253.83851461 253.651149736 253.353888141 252.943407532 252.417508268 251.775157558
251.016521987 250.142987947 249.157169656 248.062904594 246.865236292 245.570384521 244.185703094 242.719625571 241.181599313 239.582008422
237.932086244 236.24381819 234.52983575 232.803302664 231.07779428 229.367171237 227.68544863 226.046661905 224.464730754 222.953322304
221.525714923 220.194663969 218.972270777 217.8698562 216.897839939 216.065626882 215.381501605 214.852532126 214.4844839 214.28174499
214.247263212 214.382495986 214.687373459 215.160275412 215.798022259 216.595880402 217.547581988 218.645359056 219.879991873 221.240871155
222.716073724 224.292451034 225.955729867 227.690624388 229.480958643 231.309798458 233.159591649 235.012315308 236.849628925 238.65303198
240.404024635 242.08427011 243.675757272 245.160962006 246.52300589 247.745810752 248.814247678 249.714279122 250.43309278 250.959225997
251.282679525 251.395019557 251.289467048 250.960973449 250.406282109 249.623974692 248.614502125 247.380199704 245.925286124 244.255846356
242.379798433 240.306844326 238.048405278 235.617542057 233.028860761 230.298404912 227.443534709 224.482794446 221.435769162 218.322931744
215.165481751 211.985177315 208.804161563 205.644785007 202.529425443 199.480306891 196.519319122 193.667839336 190.946557528 188.375307032
185.972901733 183.756981336 181.743866046 179.94842191 178.383938 177.062016497 175.992476637 175.183273354 174.640431321 174.367994981
