224.527867955 224.637987354 224.88318826 225.311736613 225.991969522 227.007652045 228.452159574 230.421783238 233.008503025 236.29260449
240.33552821 245.173336155 250.811155648 257.218920839 264.328675153 272.033628607 280.189084213 288.615261517 297.101956529 305.414889888
313.303513096 320.509969825 326.77884903 331.867321762 335.555226398 337.654658852 338.018635858 336.548430297 333.199226689 327.983810368
320.974082882 312.300285457 302.147908133 290.752360372 278.391575222 265.376809378 252.04198165 238.731958969 225.790249014 213.546589608
202.304935646 192.33233388 183.849144616 177.021018498 171.95296801 168.685789942 167.195000276 167.392340643 169.129810052 172.206071298
176.374982924 181.355918793 186.845462211 192.530003252 198.098728956 203.256478256 207.735937436 211.308677781 213.794583569 215.069283978
313.62160959 313.788569052 314.103899808 314.531213836 315.017868899 315.497210717 315.891423593 316.114877561 316.077840793 315.690411844
314.866517999 313.527823654 311.607396576 309.052989694 305.82981142 301.922677761 297.337463752 292.101799035 286.264981683 279.897114295
273.087495913 265.942331137 258.581842956 251.136897184 243.745263287 236.547648124 229.683645382 223.287743994 217.485533793 212.390236285
208.09967328 204.693766921 202.232642248 200.755378827 200.279432209 200.800720199 202.294344095 204.715892319 208.003253998 212.078853912
216.852208311 222.222693851 228.082419472 234.319093346 240.818783897 247.468484786 254.158408159 260.783947454 267.247269979 273.458519203
279.336626381 284.809749853 289.81537716 294.300139338 298.219397736 301.536670949 304.222972779 306.256131405 307.620155273 308.304702971
