247.34435449 250.141859647 251.014599314 244.915770668 231.077797168 213.719783787 198.712357461 189.563898578 185.956363381 185.269584078
347.235971476 344.783253965 339.969329732 332.973709034 324.057018439 313.55101913 301.84592248 289.375505056 276.600610951 263.991691042
252.011064013 241.095591302 231.640437486 223.984539868 218.398338332 215.074222052 214.120037356 215.555875726 219.314227886 225.243454624
233.114393229 242.629795396 253.436183391 265.137620446 277.310822423 289.520993302 301.337748772 312.350500293 322.182706144 330.504454061
337.042919573 341.590341298 344.009264897 344.234926194 342.274766022 338.205189265 332.165793272 324.351391539 315.002243089 304.392962986
292.8206322 280.592644298 268.014821462 255.380303969 242.959666922 230.992648481 219.681788416 209.188178636 199.629422975 191.079796883
183.572493576 177.103746479 171.63853278 167.117493418 163.46465388 160.595500047 158.42495507 156.874817299 155.880254514 155.395004632
92.1687078993 107.342617367 137.151679218 173.665793438 200.906146533 206.440357901 193.214906848 176.390930367 167.864003916 166.84602082
178.094808407 178.813947184 180.240495423 182.35119633 185.111665647 188.476982619 192.392461224 196.79458774 201.612107716 206.767242772
212.177015296 217.754657256 223.411077847 229.056363718 234.601285021 239.95878051 245.045395407 249.782646714 254.098292096 257.927480315
261.213763484 263.909954004 265.978812027 267.393552422 268.138163623 268.207534231 267.607386781 266.354021653 264.473877569 262.002918444
258.985859509 255.475248465 251.530420006 247.216344233 242.602391278 237.761035814 232.766526047 227.693542196 222.615869453 217.605109886
212.729456769 208.052553419 203.632456787 199.520723863 195.761636413 192.391576789 189.4385645 186.921960074 184.852339436 183.231538708
182.052866063 181.301474037 180.954882685 180.983641123 181.352112428 182.019364632 182.940148643 184.065942429 185.346039713 186.728660796
188.162062919 189.595627823 190.980904877 192.272589244 193.429416093 194.414953732 195.198280771 195.754534917 196.065323724 196.118990536
195.91073189 195.442565695 194.72315261 193.767476025 192.596388927 191.236038627 189.717182774 188.074412255 186.345298386 184.569483309
182.787733546 181.040977354 179.369346723 177.8112447 176.402458072 175.175334407 174.158041056 173.373921899 172.840965533 172.571396212
