264.473713498 264.454745372 264.416633022 264.35902597 264.281402793 264.183076241 264.063200008 263.920777106 263.754669797 263.563610994
263.346217077 263.101002019 262.82639273 262.520745523 262.182363574 261.809515263 261.400453267 260.95343428 260.466739203 259.938693684
259.367688849 258.752202077 258.090817678 257.382247311 256.625350012 255.819151664 254.962863774 254.055901415 253.097900191 252.088732093
251.028520116 249.917651528 248.75678965 247.54688408 246.289179227 244.985221095 243.636862227 242.246264743 240.815901421 239.348554779
237.847314122 236.315570527 234.757009784 233.175603268 231.575596777 229.96149737 228.338058235 226.710261654 225.083300122 223.462555712
221.853577771 220.262059044 218.693810346 217.154733906 215.650795506 214.187995565 212.772339315 211.409806217 210.106318793 208.867711027
207.699696526 206.607836588 205.597508394 204.673873467 203.841846604 203.106065451 202.470860904 201.940228507 201.517801027 201.206822378
201.010123037 200.93009714 200.968681386 201.127335892 201.407027142 201.808213146 202.330830921 202.974286399 203.737446843 204.618635857
205.615631043 206.72566437 207.945425267 209.27106649 210.698212741 212.221972057 213.836949928 215.537266117 217.316574129 219.168083253
221.084583117 223.058470637 225.081779275 227.14621046 229.243167069 231.363788794 233.498989255 235.639494686 237.775884021 239.898630187
241.998142416 244.064809381 246.089042929 248.061322232 249.972238104 251.812537295 253.57316653 255.24531607 256.820462586 258.290411116
259.647335901 260.883819884 261.992892664 262.968066711 263.803371648 264.493386417 265.033269152 265.418784599 265.646328923 265.712951776
265.616375483 265.355011234 264.927972192 264.335083423 263.576888575 262.654653265 261.570365122 260.326730467 258.927167637 257.375796941
255.677427304 253.837539616 251.862266872 249.758371157 247.533217589 245.194745317 242.7514357 240.212277805 237.586731381 234.884687462
232.116426785 229.292576217 226.42406337 223.522069635 220.597981836 217.663342741 214.729800646 211.809058284 208.912821288 206.052746458
203.240390067 200.487156466 197.804247219 195.202611018 192.692894607 190.285394973 187.990013 185.816208835 183.772959174 181.86871666
180.11137161 178.508216239 177.065911563 175.790457132 174.687163753 173.760629319 173.014717872 172.452542002 172.076448655 171.888008433
