283.992715533 282.499021282 279.559763696 275.269655111 269.766940156 263.228945123 255.866369037 247.91650016 239.63557623 231.290534296
223.150415675 215.477702671 208.519865895 202.501394281 197.616564393 194.023181812 191.837496186 191.130453741 191.92540804 194.197362897
197.873772013 202.836869865 208.927459065 215.950032562 223.679066067 231.866278428 240.248626482 248.556777245 256.523784903 263.893693408
270.429787837 275.922228874 280.19482461 283.110721496 284.576831023 284.546849304 283.022771973 280.054855128 275.740023067 270.218773433
263.670678782 256.308628679 248.371996985 240.118953599 231.818167468 223.740167319 216.148637645 209.291929633 203.395059891 198.65245424
195.221669973 193.21829861 192.712213306 193.725281951 196.230619916 200.153407019 205.373243031 211.727966642 219.018815818 227.016764373
235.469831792 244.111132071 252.667403565 260.867746361 268.452286997 275.180492621 280.838867929 285.247787972 288.267247643 289.801343393
296.148756281 295.732121785 294.902943889 293.669361765 292.043477078 290.04122675 287.682215438 284.989509508 281.989394693 278.711100045
275.186491087 271.449735478 267.536944713 263.485795705 259.33513626 255.124578645 250.894085581 246.683553045 242.53239432 238.479129712
234.560986255 230.813511678 227.270206679 223.962179408 220.917825786 218.162539018 215.718451342 213.604210708 211.834794688 210.421363554
209.371153983 208.687414472 208.369383045 208.412307422 208.807507331 209.542478215 210.601035141 211.96349528 213.606896918 215.505252591
217.62983354 219.949482387 222.430950608 225.039257148 227.738064277 230.49006663 233.257389237 236.001990249 238.686064058 241.272440476
243.724975722 246.008931056 248.091335043 249.941325616 251.530468339 252.833047542 253.826327291 254.490779516 254.810276948 254.772248931
254.367798589 253.591780224 252.442836268 250.923393586 249.039619304 246.801336843 244.221903223 241.318049148 238.109683773 234.619666419
230.8735479 226.899284387 222.726927077 218.388291165 213.916607825 209.346163106 204.71192775 200.049182034 195.393139802 190.7785758
186.23946042 181.808605843 177.517327426 173.395124011 169.469380596 165.765096569 162.304642385 159.107547252 156.190320059 153.566305362
151.245575877 149.234862506 147.537522506 146.153545971 145.079600377 144.309112523 143.832386755 143.636757992 143.706777654 144.024430261
144.56937809 145.319231015 146.249838339 147.335599218 148.549788039 149.864891002 151.252949982 152.68590972 154.135964338 155.57589918
156.979424072 158.32149417 159.578614709 160.729126193 161.753466734 162.634408567 163.357266024 163.910072602 164.283725104 164.472093208
