371.744317969 370.380777641 367.67667551 363.677458975 358.45003811 352.081308735 344.676242593 336.355593403 327.253277151 317.513492917
307.287656667 296.731224532 286.00048408 275.249391984 264.626534158 254.272280161 244.316197424 234.874782959 226.049560815 217.925582993
210.570360136 204.033236369 198.345210562 193.519194377 189.550686035 186.418828215 184.087809013 182.508556883 181.620674005 181.354547804
181.633577502 182.376451622 183.499413239 184.91845255 186.551370704 188.319664773 190.150190954 191.976571345 193.740318684 195.391662886
196.890072872 198.204476713 199.313192087 200.203587477 200.871501854 201.320456817 201.560700068 201.608122468 201.48309288 201.209255302
200.812331704 200.318971354 199.755683575 199.147885875 198.519093469 197.890269587 197.27934894 196.700939459 196.166200282 195.682887178
195.255550305 194.885863834 194.573062418 194.314456193 194.105993819 193.942842241 193.819952257 193.732580691 193.676742795 193.649572443
301.383672695 301.306550034 301.796178193 303.808000068 308.074760201 314.582198647 322.268924194 329.086730864 332.428304397 329.796384365
319.500781812 301.158789675 275.843293741 245.844705081 214.142072595 183.768158538 157.27177545 136.424710756 122.214778211 115.053798258
176.159432794 177.132395527 179.065078442 181.931192752 185.691793033 190.29585412 195.681026405 201.774557919 208.494369017 215.750263119
223.445254913 231.476995611 239.739273368 248.123565877 256.520621324 264.822043541 272.921857117 280.718028613 288.113920735 295.019657381
301.353378949 307.042368972 312.024035248 316.24673087 319.670403122 322.267060899 324.021054145 324.929161759 325.000487421 324.256165766
322.728884313 320.46222941 317.509867195 313.934573119 309.807125939 305.205084134 300.211464544 294.913344478 289.400409709 283.76347156
278.092976712 272.477533416 267.002477483 261.748500728 256.790363504 252.195711579 248.0240159 244.325651814 241.14113204 238.500505231
236.422929299 234.916425884 233.977819429 233.592861414 233.736537313 234.373550934 235.458978016 236.939078193 238.752252013 240.830127309
243.098757232 245.47991047 247.892432711 250.253657294 252.480842231 254.492610367 256.210369388 257.559688773 258.471611406 258.883878693
258.742049344 258.000493745 256.623247761 254.584712133 251.870186014 248.476225907 244.410823989 239.693402708 234.354625487 228.436026241
221.989463353 215.076406522 207.76706755 200.139388648 192.277904081 184.272493008 176.217043104 168.208045971 160.343146448 152.719668653
145.433141989 138.575850338 132.235427331 126.493519835 121.424540757 117.094530831 113.560147365 110.867795894 109.052918469 108.13944979
180.166760472 181.597389937 180.813852121 172.934734172 156.980810522 140.372175628 136.392667096 153.278295403 183.92158343 208.106099218
