238.298982248 238.312429428 238.339167494 238.378884793 238.431116194 238.495245881 238.57051107 238.656006603 238.750690414 238.853389832
238.962808687 239.077535172 239.196050444 239.316737884 239.437892995 239.557733871 239.674412181 239.786024615 239.890624726 239.986235099
240.070859796 240.142496996 240.199151762 240.23884888 240.259645676 240.259644767 240.237006654 240.189962101 240.116824227 240.016000247
239.886002783 239.725460709 239.533129436 239.307900603 239.048811106 238.75505142 238.425973152 238.061095801 237.660112657 237.222895832
236.74950036 236.240167364 235.695326247 235.115595904 234.501784931 233.854890827 233.176098186 232.466775883 231.728473252 230.962915286
230.171996855 229.357775982 228.522466198 227.668428005 226.798159493 225.914286139 225.019549852 224.116797299 223.208967568 222.299079234
221.390216886 220.485517163 219.588154398 218.701325904 217.828236998 216.972085825 216.136048058 215.32326155 214.536811013 213.779712806
213.054899892 212.365207063 211.713356487 211.101943662 210.533423845 210.010099031 209.534105532 209.107402256 208.731759706 208.408749787
208.139736471 207.925867358 207.768066198 207.667026404 207.623205594 207.636821211 207.707847226 207.836011965 208.020797069 208.2614376
208.556923307 208.906001042 209.307178331 209.758728083 210.258694432 210.804899678 211.394952307 212.026256067 212.696020043 213.401269713
214.138858917 214.905482703 215.69769099 216.511902979 217.34442227 218.191452593 219.0491141 219.913460139 220.780494429 221.646188573
222.506499807 223.357388926 224.194838287 225.014869815 225.813562925 226.587072279 227.331645294 228.043639309 228.719538354 229.355969414
229.949718125 230.497743833 230.997193927 231.445417388 231.839977492 232.178663595 232.45950194 232.680765457 232.84098247 232.938944299
232.973711704 232.94462013 232.851283749 232.693598248 232.471742366 232.186178161 231.837650002 231.427182291 230.956075916 230.425903449
229.838503113 229.195971532 228.500655305 227.755141426 226.96224661 226.125005547 225.246658156 224.330635883 223.380547109 222.400161722
221.393394941 220.364290444 219.317002884 218.255779879 217.184943537 216.108871623 215.031978431 213.958695467 212.893452014 211.840655675
210.804672988 209.789810185 208.800294201 207.840254002 206.913702337 206.024517973 205.176428519 204.372993898 203.617590553 202.913396459
202.263377 201.670271795 201.136582505 200.664561711 200.256202881 199.913231498 199.637097369 199.428968173 199.289724253 199.219954693
