310.145051371 309.911246761 309.444430667 308.746188463 307.818895974 306.6657167 305.290597973 303.698265926 301.89421911 299.884720614
297.676788471 295.27818416 292.697398979 289.943638053 287.026801764 283.957464353 280.746849485 277.406802563 273.949759591 270.388712425
266.737170248 263.009117172 259.218965878 255.381507252 251.511856027 247.625392472 243.73770023 239.864500453 236.021582429 232.224730958
228.489650781 224.831888415 221.266751809 217.809228266 214.473901151 211.274865908 208.225645986 205.339109287 202.627385777 200.101786937
197.772727734 195.649651809 193.740960583 192.053946978 190.594734429 189.368221866 188.378035287 187.626486541 187.114539879 186.841786791
186.80642958 187.005274085 187.433731874 188.085832175 188.954243708 190.030306543 191.304073974 192.764364356 194.398822722 196.193991954
198.135393137 200.20761469 202.394409743 204.678801159 207.043193524 209.46949134 211.939222597 214.433666829 216.933986709 219.42136217
221.877126026 224.282900013 226.620730152 228.873220328 231.023662972 233.056165734 234.955773069 236.708581663 238.301848677 239.724091847
240.965180496 242.016416622 242.870605286 243.522113589 243.966917648 244.202637061 244.228556448 244.045633787 243.656495341 243.065417125
242.278292943 241.302589171 240.147286555 238.822809427 237.340942851 235.714738302 233.958408614 232.087213017 230.117333167 228.065741175
225.95006071 223.788422306 221.599314092 219.401429164 217.2135109 215.054197513 212.941867167 210.894484959 208.929453095 207.063465527
205.312368312 203.69102689 202.213201435 200.891431346 199.736929899 198.759489955 197.967401563 197.367382164 196.964520003 196.762231263
209.562952022 207.631820952 204.725565981 200.632048244 194.642003362 189.868569123 194.467632824 214.500742603 244.365049662 267.009207013
331.142256522 329.576249249 326.47597316 321.904161637 315.953074931 308.742345056 300.416188571 291.140058122 281.096817633 270.482537701
259.502016829 248.364140325 237.27719186 226.444232821 216.058661595 206.300059055 197.330417856 189.290841971 182.298789646 176.445917859
171.796570013 168.386931365 166.224859125 165.290376734 165.536804993 166.892487029 169.263049809 172.534132598 176.574502544 181.239469836
186.374509681 191.818995863 197.40995077 202.985719587 208.389481528 213.472518458 218.097170633 222.139420358 225.49105658 228.061386616
229.778474752 230.589901022 230.463046686 229.384925325 227.36158975 224.417154834 220.592484494 215.943597455 210.539850718 204.46196197
197.799932475 190.650930277 183.117190111 175.303981301 167.317688525 159.264042761 151.246531494 143.365008501 135.714514749 128.384313316
121.457133208 115.008609677 109.106902486 103.812468609 99.1779623387 95.2482337207 92.0603957052 89.6439313718 88.0208149273 87.2056237952
