367.045637816 364.164924012 358.507748953 350.278363376 339.772688195 327.366266493 313.499006837 298.657364866 283.354717881 268.110762398
253.430804157 239.785812245 227.594073653 217.205213473 208.88724201 202.817158018 199.075482737 197.644929179 198.413232573 201.179988769
205.667175488 211.532874043 218.387573296 225.812329027 233.377975245 240.664542468 247.280033393 252.877738816 257.171344496 259.947180063
261.073089345 260.503552174 258.280854017 254.532274518 249.463441416 243.348164771 236.515220533 229.33268559 222.190532637 215.482268048
209.586436056 204.848816347 201.56610952 199.971837266 200.225084579 202.402584295 206.494495402 212.404062349 219.951170437 228.879639697
238.867934189 249.542812615 260.495316147 271.298386225 281.525333166 290.768339041 298.656176909 304.870363311 309.159030237 311.347903671
238.855535362 237.189654213 233.956065578 229.344997419 223.626881602 217.135523331 210.247354004 203.358073628 196.858145738 191.108669428
186.419116698 183.028292675 181.089661521 180.661897484 181.705188503 184.083461401 187.572336732 191.872280709 196.62612215 201.439861471
205.905529144 209.6247604 212.231743536 213.41426795 212.931737178 210.629210211 206.44677663 200.423841519 192.698178002 183.499882474
173.140625724 161.998819809 150.501506375 139.103910529 128.267691992 118.438961266 110.027114737 103.385482619 98.7946824978 96.4494351834
