299.340316464 299.066948647 298.523030044 297.714161914 296.64866455 295.337480463 293.794047118 292.034140771 290.075693273 287.938584059
285.64440983 283.21623469 280.678323758 278.055863434 275.374671686 272.660901827 269.940743304 267.240123083 264.584411166 261.998133738
259.504697319 257.126127174 254.882823032 252.793334956 250.87416194 249.139575538 247.601470505 246.269244094 245.149705309 244.247015021
243.562657515 243.095443588 242.841545008 242.794559699 242.945606678 243.283449419 243.794645943 244.463723671 245.273376732 246.204683201
247.23733948 248.349908889 249.520081321 250.724940763 251.941237368 253.145660753 254.315111214 255.426965579 256.459334547 257.391308465
258.20318867 258.876701758 259.395194334 259.743806092 259.90961937 259.88178361 259.651613517 259.212660026 258.560753567 257.694019429
256.612865444 255.319942492 253.820078716 252.120188651 250.229158759 248.157711177 245.918247713 243.524676393 240.992223018 238.337230392
235.576947984 232.7293149 229.812739068 226.845875576 223.847407071 220.835829045 217.829242766 214.84515845 211.900311101 209.010491265
206.190392697 203.453478682 200.811868493 198.276245164 195.855785448 193.558112522 191.389271669 189.353728858 187.454391818 185.692652881
184.068452603 182.58036285 181.225687808 180.000581118 178.900177131 177.918734102 177.04978698 176.28630734 175.620867921 175.045809195
174.553405363 174.136027225 173.786299421 173.497249639 173.262447528 173.076131207 172.933319459 172.829907924 172.762747843 172.729706174
363.987613595 361.737130374 357.28919963 350.748536323 342.268858906 332.048967367 320.327682122 307.377781651 293.499103613 279.01099626
264.244323774 249.533240007 235.206949984 221.581677062 208.95304613 197.589079803 187.723985687 179.552889069 173.227637559 168.853773075
166.488733133 166.141308626 167.772350184 171.296680898 176.586140549 183.473656555 191.758210424 201.21054629 211.579450785 222.598421387
233.992533886 245.485318685 256.805460372 267.693145017 277.905894563 287.223747072 295.453664564 302.433076198 308.03249255 312.15715597
314.7477214 315.779990821 315.263751639 313.240794144 309.782204837 304.985050397 298.968580799 291.870089289 283.840571435 275.040325141
265.634628643 255.789624246 245.668522351 235.428223805 225.216439241 215.169362812 205.409935114 196.046707169 187.173294719 178.868390688
171.196284173 164.207817384 157.941698144 152.426075304 147.680278055 143.71661778 140.542152805 138.160322095 136.572363264 135.778442943
