351.161724167 350.867700853 350.280908088 349.403848792 348.240265323 346.795125036 345.074601002 343.086047867 340.837972836 338.340001759
335.602840313 332.638230259 329.458900806 326.07851507 322.511611701 318.773541708 314.880400597 310.848955923 306.696570415 302.441120861
298.100912984 293.694592572 289.24105319 284.759340818 280.268555834 275.787752784 271.335838454 266.931468757 262.592945058 258.338110525
254.184247191 250.147974405 246.245149396 242.490770683 238.898885093 235.482499133 232.253495489 229.222555401 226.39908764 223.79116482
221.4054677 219.247238139 217.320241269 215.626737437 214.167464372 212.941629965 211.946915991 211.179492982 210.634046396 210.303814119
210.180635241 210.255009937 210.516170189 210.952160974 211.549931443 212.295435509 213.173741157 214.169147718 215.265310216 216.445369857
217.692089626 218.98799389 220.315510864 221.657116725 222.995480142 224.313605949 225.594976689 226.823690732 227.984595718 229.063416059
230.046873312 230.922798249 231.680233545 232.309526052 232.802407746 233.152064485 233.353191877 233.402037631 233.296429908 233.035791307
232.621138281 232.055065872 231.341717852 230.486742447 229.497234007 228.381661086 227.149781563 225.81254556 224.381987009 222.871104894
221.293735241 219.664415063 217.998239559 216.310713898 214.617601029 212.93476697 211.27802508 209.662980811 208.104878474 206.618451504
205.217777691 203.916140819 202.725900051 201.658368377 200.723701316 199.930796965 199.287208421 198.799069406 198.471033868 198.306230144
234.670389124 237.151763619 241.785299828 247.948598573 254.794400485 261.34413458 266.596974854 269.643034854 269.768825306 266.54380052
259.878659993 250.048872648 237.680376199 223.698227616 209.242761546 195.561173224 183.885042121 175.305887128 170.661228488 170.442777764
174.736358905 183.200170476 195.084318173 209.290534264 224.467048058 239.130066901 251.800617285 261.143851589 266.097516641 265.977155078
260.547694189 250.054176362 235.208207655 217.130882005 197.257077476 177.209719309 158.655504859 143.155406152 132.023828038 126.209546004
