246.540331727 246.688965913 246.983722537 247.41961095 247.989226902 248.682849516 249.488568771 250.392441971 251.378677323 252.429842423
253.527095141 254.650434132 255.778965955 256.891185574 257.965266845 258.979359473 259.911888817 260.741854892 261.449126899 262.014729654
262.42111837 262.652438377 262.694766489 262.536330984 262.167707347 261.581987221 260.774918317 259.745013331 258.493626313 257.02499525
255.346250065 253.467385582 251.401199465 249.163195477 246.771452886 244.246463184 241.610935687 238.889573977 236.108825463 233.296606677
230.482007237 227.694975637 224.965990294 222.325719459 219.80467374 217.432855139 215.239406534 213.252265586 211.49782703 210.000617248
208.78298491 207.864811327 207.263243974 206.992456394 207.063437449 207.483812564 208.257699295 209.385599181 210.864327446 212.68698175
214.842950722 217.317962615 220.094173966 223.150297718 226.461769823 230.000952916 233.737375243 237.638002624 241.667540867 245.788765694
249.962876915 254.14987333 258.308944547 262.398875737 266.378461166 270.206922193 273.84432541 277.251996496 280.392925433 283.232158752
285.737174624 287.878236727 289.628723057 290.965426065 291.86882079 292.323297991 292.317359595 291.843774215 290.899690822 289.486709172
287.610905947 285.282816096 282.517369284 279.333781835 275.755405039 271.809531112 267.527158587 262.942719308 258.093769622 253.020648743
247.766107612 242.374911891 236.893423014 231.369161449 225.850356532 220.385487381 215.022819488 209.809941684 204.793308116 200.017789909
195.526241028 191.359082763 187.553911068 184.145130737 181.163620154 178.636430042 176.586519281 175.03253049 173.98860768 173.464257835
170.902930573 171.326794039 172.358810855 174.315591029 177.55265644 182.348705064 188.791684592 196.691319267 205.538569181 214.524357047
222.619192964 228.703962257 231.732161716 230.89710696 225.775378109 216.420536155 203.388565445 187.687391369 170.655371622 153.785729714
138.523402865 126.066034283 117.20087654 112.204092785 110.819155252 112.31833208 115.637722289 119.564203353 122.944031718 124.879149937
193.065173833 194.08485996 194.600934133 191.367177645 182.005939308 169.699632595 163.693150384 171.760278127 190.836385392 206.956377234
