280.909538649 280.856450709 280.749781966 280.588564439 280.371390141 280.096462837 279.76166536 279.364641079 278.902887798 278.373862099
277.775091912 277.104294863 276.359499855 275.539169174 274.642318387 273.668631289 272.618567194 271.493457964 270.295592303 269.028285074
267.695929565 266.304030983 264.859219712 263.369243234 261.842935991 260.290166847 258.721764189 257.149419166 255.585567907 254.043254017
252.535972994 251.077500583 249.681707439 248.362362734 247.13292964 246.006355817 244.99486221 244.109733577 243.361114228 242.757812469
242.307117185 242.014629893 241.884115423 241.91737418 242.11413866 242.471996561 242.986342507 243.650359943 244.455034394 245.389198756
246.439610865 247.591063052 248.826522935 250.127304188 251.47326555 252.843035877 254.21426261 255.563880624 256.868398056 258.104195415
259.247833985 260.276369344 261.167665661 261.900706353 262.455896666 262.815353772 262.963180099 262.885715788 262.571766395 262.012802261
261.203126333 260.140007603 258.82377782 257.25788957 255.448934392 253.406620104 251.143707105 248.675903983 246.021723329 243.202299221
240.241168418 237.164017784 233.998400993 230.773428008 227.519431221 224.267612512 221.049675771 217.897449661 214.842505565 211.91577576
209.147176886 206.565243726 204.196778198 202.066518291 200.196831386 198.607436119 197.315156551 196.333711982 195.673545255 195.341691903
334.857256045 334.169077068 332.817692745 330.852018873 328.34289371 325.380154622 322.068933498 318.525325909 314.871615036 311.231249709
307.723785846 304.460001587 301.537388639 299.036205985 297.016257952 295.514527726 294.543761071 294.09205477 294.123462008 294.579584221
295.38207777 296.435965878 297.633613175 298.859193361 299.993461008 300.91862719 301.523135874 301.706143941 301.381521967 300.481214886
298.957830285 296.786356248 293.964948599 290.514767707 286.478885744 281.920324769 276.919322467 271.56995436 265.97626728 260.248097957
254.496761806 248.83080004 243.351967937 238.151633885 233.307738161 228.882433423 224.920496727 221.448567034 218.475224245 215.991887533
213.974473774 212.385722949 211.17806791 210.296902241 209.684083101 209.281496658 209.034512375 208.895159045 208.824869758 208.796664233
245.149878654 245.076653121 244.932490328 244.721856613 244.451180282 244.128538025 243.763256146 243.365442278 242.945466126 242.513409965
242.07851106 241.64861884 241.229689494 240.82533963 240.436478882 240.061038793 239.693812111 239.32641289 238.947363612 238.542311044
238.094367976 237.584573337 236.992458792 236.296705817 235.475873608 234.509175163 233.377276564 232.063092945 230.552553998 228.835312112
226.905367357 224.761585583 222.408088738 219.854500083 217.116031258 214.213402848 211.172595237 208.024431836 204.804002123 201.549937139
198.303555004 195.107898461 192.006690286 189.043235504 186.25930159 183.694009154 181.382765938 179.356276278 177.639656517 176.251684221
175.204205537 174.501720725 174.141162943 174.111879861 174.395821863 174.967934558 175.796747331 176.845143825 178.071294778 179.429728739
180.872511924 182.350505048 183.814662523 185.217337867 186.513558801 187.662236134 188.627272258 189.378537805 189.89268869 190.153800227
