307.83007083 307.632672835 307.239463962 306.653605071 305.879804111 304.924276388 303.794692044 302.500111142 301.050906835 299.458677192
297.736146352 295.897055738 293.956046168 291.928531758 289.830566594 287.678705206 285.489857935 283.281142342 281.069731853 278.872702851
276.70688148 274.588691434 272.534003999 270.557991643 268.674986418 266.898344436 265.240317624 263.711933961 262.32288731 261.081437925
259.994324631 259.06668959 258.302016489 257.702082857 257.26692716 256.99483115 256.882317855 256.924165464 257.113437219 257.441527285
257.898222434 258.471779235 259.149016293 259.915420937 260.755269611 261.651761112 262.587161637 263.542960517 264.500035384 265.438825402
266.339511099 267.182199256 267.947111219 268.614772965 269.166205184 269.58311162 269.848063907 269.944681135 269.857802388 269.573650576
269.079985877 268.366247251 267.423680509 266.245451579 264.8267437 263.164837433 261.259172504 259.111390685 256.725359055 254.107173202
251.265140079 248.209740454 244.953571049 241.511266711 237.899403105 234.136380661 230.242290643 226.238764445 222.148807358 217.996618218
213.807396511 209.607138631 205.422425114 201.280200773 197.207549745 193.231467512 189.37863203 185.675176081 182.146463015 178.816867975
175.709566701 172.846333919 170.247353245 167.931040427 165.913881632 164.210288335 162.832470215 161.790327293 161.091362351 160.740614494
186.460695628 187.970721648 190.953038957 195.333176565 201.00189487 207.818064834 215.612374566 224.191755403 233.34439931 242.84522317
252.461623983 261.959362237 271.108409136 279.688596816 287.494918967 294.34234218 300.070005206 304.544703611 307.663580327 309.355967457
309.584350618 308.344453204 305.664463367 301.603450471 296.24903957 289.71443135 282.134870654 273.663678561 264.467970971 254.724190558
244.613578873 234.317711486 224.014211677 213.872747724 204.051405748 194.693515038 185.924986246 177.852205587 170.56051065 164.113256382
158.551463558 153.894027289 150.138449974 147.262052044 145.223604979 143.965324425 143.415156917 143.489291548 144.094827704 145.132531639
146.499617681 148.092494198 149.80941958 151.553019228 153.232620581 154.766369268 156.083095372 157.12390441 157.843472786 158.211032264
