203.399894442 204.979984581 208.071821021 212.535146423 218.152397393 224.624588324 231.572211358 238.544641308 245.040389018 250.538683415
254.540609839 256.615811643 256.449012871 253.879717034 248.928620091 241.805599097 232.896453672 222.728553572 211.918717627 201.109496227
190.902062172 181.794760947 174.135843153 168.097032202 163.671624918 160.69722147 158.899490604 157.950179368 157.530387477 157.389305197
164.520646923 166.000116036 168.85046 172.864596435 177.756193572 183.18618907 188.794037462 194.23068369 199.190100567 203.436375161
206.823768403 209.307860488 210.946764732 211.892359322 212.372455699 212.665699642 213.071701153 213.879344092 215.336392199 217.623369175
220.834260965 224.965910906 229.917119682 235.497506455 241.445228787 247.451790965 253.191477947 258.352502921 262.666794057 265.935485931
268.047609117 268.990145192 268.848467383 267.797135347 266.081962839 263.995135893 261.845842346 259.929313966 258.497337022 257.733140792
382.657990946 378.37105822 369.574529552 356.000952673 337.62334851 314.932953637 289.092603829 261.890229204 235.486360535 212.021795614
193.200586648 179.972067779 172.401560884 169.756032134 170.761926181 173.942520923 177.928219415 181.657937178 184.441219052 185.907391177
156.760390127 157.344409098 158.501283496 160.20892585 162.434798512 165.136610735 168.263223172 171.755739186 175.548758114 179.571762022
183.750604482 188.009067696 192.270452837 196.459167872 200.502277346 204.330979653 207.881979181 211.098723301 213.932477499 216.343215826
218.300308281 219.782991576 220.780614839 221.29265712 221.32851889 220.907094972 220.056141384 218.811453284 217.215875461 215.318170566
213.17177336 210.833461656 208.361976301 205.816623384 203.255891933 200.736119619 198.310237464 196.026622309 193.928082856 192.051001589
190.424650823 189.070696692 188.002900149 187.227019115 186.740910935 186.534829402 186.59190585 186.888799416 187.396497535 188.081244207
188.905570686 189.829400914 190.811202517 191.809153315 192.782293282 193.691632555 194.501187539 195.178919285 195.69755106 196.035245363
196.176124453 196.110622601 195.835662758 195.354654922 194.677318124 193.819332531 192.801832535 191.650755748 190.396066507 189.070875642
187.710480845 186.351353926 185.030102518 183.782434295 182.642151608 181.640203521 180.803820618 180.155755671 179.713650427 179.489545345
