260.214970074 263.934649435 270.91969713 280.311285865 290.939992553 301.45319683 310.461621107 316.68870719 319.106483637 317.043426513
310.253280602 298.938423434 283.726530663 265.604405619 245.817275961 225.745159034 206.769745948 190.145540678 176.887797976 167.687384334
162.859411245 162.328791722 165.652180297 172.072448965 180.599207753 190.107064935 199.442389562 207.529241108 213.465750863 216.603424298
184.158412104 184.367013199 184.782594134 185.401924409 186.220188205 187.231020073 188.426552098 189.797472232 191.333093357 193.021432573
194.849300172 196.802397617 198.865423849 201.022189148 203.255735719 205.548464141 207.882264768 210.238653129 212.598908346 214.944213574
217.255797452 219.515075525 221.703790629 223.804151204 225.798966553 227.671778031 229.40698524 230.989966287 232.407191235 233.646327912
234.696339296 235.54757177 236.19183357 236.622462858 236.834384904 236.824157938 236.590007309 236.131847707 235.451293217 234.551655151
233.437927601 232.116760821 230.596422574 228.886747699 226.999076237 224.946180506 222.742181641 220.402456145 217.943533108 215.382982785
212.73929731 210.031764373 207.280334731 204.505484484 201.728073065 198.969197955 196.25004712 193.591750232 191.015229694 188.541052539
186.189284242 183.979345481 181.929872859 180.058584583 178.382152056 176.916078291 175.674584029 174.670502373 173.915182702 173.418404552
173.188302108 173.231299843 173.552059801 174.153440898 175.036470577 176.200329027 177.642346117 179.358011091 181.340994985 183.583185641
186.074735108 188.804119117 191.758208254 194.922350357 198.280463588 201.815139565 205.507755843 209.338597007 213.286983534 217.331407563
221.44967463 225.619050425 229.816411533 234.018399153 238.201574722 242.34257638 246.41827519 250.405930048 254.283340197 258.028994302
261.622215042 265.043298229 268.27364548 271.295889513 274.094011208 276.653447614 278.961190133 281.005872208 282.777845902 284.269246811
285.474046872 286.388094674 287.009142995 287.336863355 287.372847477 287.120595634 286.585491951 285.77476682 284.697446678 283.364291488
281.787720337 279.981725658 277.961776665 275.744712647 273.34862686 270.792741804 268.097276745 265.283308378 262.372625605 259.387579403
256.350928834 253.28568424 250.214948707 247.16175889 244.148926294 241.198880098 238.333512614 235.574028436 232.940798329 230.453218852
228.129578697 225.986932653 224.040984073 222.30597665 220.794596251 219.517883487 218.485157616 217.703952313 217.179963745 216.91701131
252.65102864 255.210684868 259.122327924 262.536366259 263.841884637 262.46506417 259.209687958 255.94773424 254.742729725 256.743643089
261.316562878 265.825986577 266.249675156 258.492049289 239.971583224 210.911731448 174.826085044 137.943709957 107.683304835 90.6253964678
