327.193782267 326.97655065 326.54254396 325.892681701 325.028358985 323.951465127 322.664407662 321.170141205 319.472200355 317.574735788
315.482552514 313.201149239 310.736757647 308.096380395 305.287826573 302.319743354 299.201642583 295.943921089 292.557873541 289.05569675
285.450484435 281.756211545 277.987707402 274.160617055 270.291350412 266.397018879 262.495359433 258.604646251 254.743590187 250.93122663
247.18679243 243.529592812 239.978859338 236.553600201 233.272444264 230.15348041 227.214093922 224.47080168 221.939088093 219.633243733
217.56620865 215.749422421 214.192682908 212.904015713 211.889556217 211.153446013 210.697745426 210.522363648 210.625007879 211.001152652
211.644030323 212.544643471 213.691799727 215.072169283 216.670365086 218.46904543 220.44903843 222.589487549 224.868017115 227.260916504
229.743341412 232.28953041 234.873034778 237.466959399 240.044212343 242.577760617 245.040889452 247.407462392 249.652179414 251.75083028
253.680540318 255.420005888 256.949716854 258.252163491 259.3120254 260.116340167 260.654649699 260.919122402 260.9046496 260.608914874
260.032435289 259.178573755 258.053522126 256.666254915 255.028453855 253.154403864 251.060861285 248.766895579 246.293705985 243.664414905
240.903840089 238.038247907 235.095090248 232.102727762 229.090142341 226.086641874 223.121560394 220.223956826 217.422315558 214.744252055
212.216226705 209.863269987 207.708721952 205.773988861 204.078319626 202.63860451 201.469198283 200.581769786 199.985179536 199.685386745
