195.945481187 196.138768786 196.521447079 197.085829913 197.820654285 198.711391674 199.740649844 200.888654125 202.133795037 203.453227229
204.82350329 206.22122494 207.623693572 209.009542038 210.35932994 211.656085616 212.885779277 214.037713555 215.104819788 216.08385086
216.975464083 217.784190538 218.518290286 219.189495922 219.81264999 220.405244644 220.986874696 221.57861761 222.202356159 222.880061168
223.633053105 224.481262113 225.442506406 226.531808811 227.760770554 229.137020222 230.6637542 232.339382807 234.157293887 236.105742847
238.167875054 240.321883295 242.541299637 244.79541766 247.049837714 249.26712467 251.407564678 253.430004771 255.292756844 256.954545671
258.375479164 259.518018232 260.347923178 260.835153782 260.954700944 260.687329036 260.020209888 258.947431598 257.470368035 255.597897938
253.346465877 250.739980853 247.809552036 244.593064855 241.134604336 237.483736158 233.694659243 229.825246725 225.935994864 222.088901685
218.346298923 214.769662047 211.418423848 208.348817143 205.612771649 203.256889036 201.321518518 199.839953236 198.837765052 198.332292389
172.82826537 170.124355941 164.90894313 157.554815249 148.591835848 138.673788736 128.537416275 118.956172007 110.691532603 104.444862466
100.812787918 100.248819322 103.033572508 109.255409648 118.802677448 131.36800714 146.464400549 163.452105396 181.574625546 200.001658713
217.87633905 234.363910444 248.69888319 260.227835913 268.445308611 273.020673193 273.814436735 270.883093932 264.472357181 254.999310824
243.024715298 229.21728514 214.312244826 199.066798883 184.215317481 170.42702629 158.26880156 148.175320838 140.428329529 135.146185316
132.284174747 131.645401737 132.901370642 135.620769925 139.304445307 143.424166339 147.462561654 150.951539923 153.50662895 154.854946691
