242.016603819 242.138746623 242.381460728 242.741619867 243.214576325 243.794210451 244.472995873 245.242079697 246.091376856 247.009677608
247.984767028 249.003555255 250.052217091 251.116339483 252.181075332 253.231301996 254.251782811 255.227329935 256.142966778 256.984088325
257.73661765 258.387156981 258.923131721 259.332925932 259.606007838 259.733044063 259.706001394 259.518235026 259.164562372 258.641321687
257.946414907 257.07933428 256.041172538 254.834616528 253.463924403 251.934886644 250.254771357 248.432254446 246.477335449 244.401239925
242.216309483 239.935880615 237.57415365 235.146053223 232.667081765 230.15316755 227.620508936 225.085416433 222.564154272 220.072783134
217.627005697 215.2420166 212.932358396 210.711784973 208.593133851 206.588208657 204.707672966 202.960956577 201.356175132 199.900063875
198.597926162 197.453597175 196.469423159 195.646256277 194.983465067 194.478960271 194.129235669 193.929423381 193.873362936 193.953683284
194.161896769 194.488503961 194.923108151 195.454538173 196.070978189 196.760102942 197.509216988 198.305396339 199.135630952 199.986966497
200.84664385 201.702234779 202.541772378 203.353874811 204.127861082 204.853857572 205.522894246 206.126989529 206.659222983 207.113795073
207.486073435 207.772625237 207.971235367 208.08091035 208.101868054 208.03551341 207.884400525 207.652181712 207.343544135 206.96413486
206.520475278 206.01986595 205.470283046 204.880267639 204.258809182 203.615224579 202.959034281 202.29983689 201.647183751 201.01045502
200.39873866 199.820713798 199.284539803 198.797752395 198.367167986 197.998797393 197.697769905 197.468268611 197.313477732 197.235542576
