355.152386284 354.794536724 354.135256863 353.280803009 352.374754828 351.580809134 351.062589476 350.962485211 351.381645889 352.363164976
353.880199977 355.830321386 358.036804136 360.256927512 362.196694593 363.530782357 363.926045343 363.066564915 360.678093347 356.549799397
350.551472982 342.644765697 332.887589998 321.431419894 308.511870304 294.433520432 279.550433207 264.24416308 248.901208079 233.891836189
219.552006818 206.169739087 193.976789138 183.14593916 173.793628299 165.987127589 159.755029934 155.099534195 152.008877327 150.468320912
218.727115554 218.962138836 219.42559977 220.104459103 220.979485632 222.025642919 223.212594174 224.505316376 225.864812685 227.248910485
228.613130799 229.911613514 231.098081801 232.126828321 232.953705344 233.537100715 233.838881736 233.825289451 233.467766575 232.74370331
231.637086585 230.13903981 228.248242002 225.971217111 223.322486512 220.324579913 217.007902277 213.410456795 209.577426404 205.560618726
201.417781715 197.211799511 193.009780161 188.882048772 184.901061449 181.140256821 177.67286324 174.57068068 171.902857004 169.734678625
168.126395604 167.132100904 166.798682917 167.164869411 168.260379827 170.105201318 172.709002125 176.070693899 180.178152306 185.008102913
190.526176778 196.687137582 203.435279458 210.704991984 218.42148617 226.501672667 234.855180997 243.385506262 251.991267681 260.567561417
269.007388507 277.20313737 285.048099288 292.43799457 299.272486698 305.456661717 310.902450443 315.529971713 319.268775902 322.058969217
323.852200947 324.6124977 324.316930847 322.956105772 320.534464075 317.070392615 312.596136095 307.157512774 300.813435829 293.635245754
285.705862031 277.118764996 267.976821427 258.39096972 248.478782673 238.362927807 228.169546724 218.026576286 208.062035366 198.402301508
189.170402049 180.484344167 172.455507801 165.187124543 158.772864424 153.295550976 148.826023154 145.422160565 143.128086131 141.973557749
