277.168188466 275.428882417 271.990510265 266.938033619 260.409165118 252.604196856 243.795290556 234.332610429 224.644751453 215.231347942
206.646504784 199.472703355 194.285991136 191.614442989 191.892949553 195.418217108 202.308346342 212.47141931 225.587129804 241.104653645
258.258729231 276.104404453 293.569236502 309.520060088 322.839928076 332.509628253 337.687419176 337.780397722 332.501255409 321.905091734
306.402369698 286.745911814 263.991895359 239.436938111 214.535384298 190.802625281 169.711563664 152.590033821 140.527055837 134.295209043
214.426086231 223.461029696 233.102254708 235.800489899 232.307786474 229.005962104 229.715886997 232.439892612 233.733485409 233.422607119
377.884512378 375.038116378 369.466300672 361.407849032 351.212826361 339.332364026 326.304371184 312.734847615 299.274663999 286.591990434
275.340969806 266.127709706 259.475152315 255.788816301 255.325727872 258.169015299 264.21059117 273.144065867 284.469523381 297.511069146
311.447174916 325.352863717 338.251779017 349.175254888 357.224735883 361.63336579 361.82233569 357.447692712 348.433772456 334.990210576
317.610563103 297.051844762 274.295683016 250.493173404 226.896795693 204.783803675 185.376242928 169.763113385 158.830140199 153.202144239
206.999308884 206.986001645 206.963728803 206.941019436 206.930286054 206.947379398 207.01101471 207.142085845 207.362886825 207.696263229
208.164717928 208.789497202 209.589684081 210.58132583 211.776621907 213.183197346 214.803484527 216.634233646 218.666168976 220.883804328
223.265427033 225.783255384 228.403769926 231.088214372 233.793257348 236.471801805 239.073924822 241.547926819 243.841466011 245.902751269
247.681764604 249.131483193 250.209070349 250.877005076 251.104120833 250.866525917 250.148380302 248.942506921 247.250819062 245.084549767
242.464273727 239.419717041 235.9893553 232.219805536 228.165022639 223.88531566 219.446203941 214.917137088 210.370106339 205.87817782
201.513980363 197.348182036 193.447990179 189.875709559 186.687392268 183.931611182 181.648386205 179.86828926 178.611750042 177.888580073
177.697727699 178.027271376 178.854653183 180.147148917 181.862565676 183.950152511 186.351704738 189.002837956 191.83440377 194.774015836
197.747652181 200.681297853 203.502590912 206.142434554 208.536538848 210.626857068 212.362883935 213.70278619 214.614339704 215.075651719
