238.638017168 238.483562793 238.171401856 237.695393256 237.047211985 236.217353818 235.196379335 233.976321594 232.552170344 230.923338672
229.095015852 227.07931303 224.89611624 222.573573713 220.148161019 217.664287551 215.173430231 212.732804204 210.403604358 208.248874856
206.331085111 204.709508979 203.437518188 202.55991063 202.110398408 202.109379151 202.562107055 203.45736749 204.766741277 206.444522584
208.42832865 210.640411282 212.989650487 215.374180934 217.684573478 219.80746803 221.629531679 223.041598383 223.942834364 224.244767462
223.875019222 222.78058577 220.930527199 218.317944887 214.961151194 210.903965332 206.215101762 200.986652032 195.331695958 189.381112302
183.279690975 177.181677145 171.245901192 165.630666237 160.488576238 155.961491867 152.175798352 149.238159207 147.23191277 146.214245217
181.342271737 181.770755723 182.623164837 183.890434815 185.559102222 187.611462169 190.025775539 192.776523172 195.83470386 199.168172459
202.74201395 206.518948829 210.459764822 214.523769607 218.669258984 222.853994735 227.035686323 231.17247053 235.223383212 239.148817399
242.910962228 246.474217395 249.805578166 252.874986368 255.655643212 258.124280297 260.261385699 262.051382597 263.482758514 264.548143882
265.244339267 265.572291265 265.537017696 265.147483406 264.416428556 263.36015192 261.998252222 260.353331123 258.45066187 256.317828096
253.984337592 251.48121615 248.84058686 246.09524033 243.278201452 240.422298309 237.559738779 234.721700255 231.93793771 229.236415069
226.6429645 224.180977888 221.871134282 219.731166621 217.775670536 216.015957431 214.459953469 213.112145492 211.97357425 211.041874719
210.311362659 209.773165949 209.415398662 209.223375293 209.179862007 209.265361333 209.458426269 209.735999412 210.07377241 210.446560755
210.828688799 211.194379712 211.518145082 211.775168868 211.941680522 211.995312243 211.915435568 211.683472789 211.283179039 210.700891286
209.925740952 208.949827329 207.768349545 206.379695358 204.78548565 202.990574107 201.003002138 198.833909729 196.497403485 194.010383702
191.392332859 188.665068422 185.852463347 182.98013808 180.075128243 177.165532498 174.280145385 171.448080058 168.698386052 166.059667209
163.559704935 161.225091846 159.08088075 157.150253683 155.454215442 154.011315756 152.837403807 151.945418419 151.345216717 151.043443571
