410.689616985 405.306261432 394.805696504 379.704940595 360.742260618 338.834989953 315.027336035 290.431324979 266.164436048 243.287665364
222.747714954 205.326733059 191.602551921 181.921710173 176.386749735 174.858391725 176.972277366 182.169065423 189.735862849 198.856280378
208.665892007 218.309567948 226.997063164 234.053382708 238.960801064 241.389962507 241.218197764 238.534014147 233.627599484 226.968069135
219.169023918 210.944722405 203.059757681 196.275529737 191.296995503 188.72314766 189.004423333 192.409791097 199.005638433 208.647822082
220.987399028 235.489679817 251.465394291 268.111986477 284.562409411 299.938312781 313.404236769 324.21936175 331.783519484 335.674537107
304.116427414 303.678477948 303.345218261 303.917722596 306.001112248 309.564655276 313.701321707 316.701284284 316.438874657 310.956028155
299.050767953 280.67439772 257.007218068 230.194658615 202.841780711 177.4413426 155.921510587 139.441831021 128.464139437 123.01898891
169.773615919 172.348965978 177.389507566 184.679674216 193.907786555 204.679488442 216.534741241 228.967639049 241.448185515 253.445088137
264.448582273 273.992296383 281.67321232 287.168857912 290.250989991 290.795179109 288.785885848 284.31681493 277.586538882 268.889588683
258.603405769 247.171729375 235.085147589 222.859663094 211.014209852 200.048101516 190.419393921 182.525102857 176.684136078 173.123678893
171.969620918 173.241434311 176.85171882 182.610424777 190.233560707 199.355996413 209.547793799 220.333344108 231.212468365 241.682552942
251.260747973 259.505254772 266.034769448 270.545231801 272.823147623 272.754903575 270.331670185 265.649682442 258.905890549 250.389176587
240.467527419 229.571731391 218.176318739 206.778586191 195.876629996 185.947354675 177.42542547 170.684090586 166.018716856 163.633762941
