383.285689924 380.706403391 375.772777485 368.911912244 360.7097611 351.851676955 343.052783966 334.985189995 328.209391357 323.116825483
319.889436297 318.480438075 318.618361488 319.834147442 321.508749328 322.936640683 323.399007957 322.239398865 318.934297682 313.151542418
304.790644487 294.000809714 281.174621827 266.917725603 251.997204264 237.273453416 223.622004283 211.852778764 202.634564595 196.432047857
193.461572952 193.670028077 196.739047024 202.114289128 209.057143198 216.714032919 224.19679124 230.666486416 235.412728973 237.920902446
137.442954591 139.051458011 142.243433866 146.969242281 153.155471114 160.706172109 169.504474426 179.414546669 190.283872322 201.945797939
214.222308677 226.926981743 239.868065338 252.851628581 265.684726825 278.178526731 290.151336461 301.431488297 311.86002395 321.293136648
329.60432878 336.68624926 342.452180822 346.837154028 349.798671715 351.317034838 351.395267986 350.058650229 347.353864073 343.34778226
338.12591859 331.790574922 324.458721806 316.259654777 307.332472089 297.823422517 287.883173793 277.664053189 267.317311723 256.990462485
246.824741597 236.952737506 227.496230556 218.564280354 210.251593277 202.637196734 195.783440623 189.735339887 184.520265349 180.147983171
176.611036543 173.885456618 171.931783446 170.696371844 170.112951818 170.104408533 170.584742907 171.461170757 172.636316212 174.010453699
175.483752398 176.958477499 178.341104007 179.544301063 180.488747841 181.104745883 181.333597281 181.12872314 180.456502373 179.296816773
177.643294473 175.503250206 172.897327038 169.858850384 166.432911006 162.675199202 158.650617373 154.431702659 150.096895021 145.728689209
141.411711255 137.23076148 133.268866509 129.605382403 126.314189733 123.46201936 121.106944761 119.297073111 118.069463058 117.449292236
