356.028908217 355.330043297 353.939994096 351.874019102 349.154750561 345.811892053 341.881822134 337.407109781 332.435948691 327.021518597
321.221282872 315.096232538 308.71008759 302.128467113 295.418040094 288.645669064 281.877558764 275.178421899 268.610673744 262.233666879
256.102976679 250.269747389 244.780107668 239.67466338 234.988074266 230.748719799 226.9784582 223.692481157 220.899265376 218.600620601
216.791832334 215.461896073 214.593838523 214.165119995 214.148110998 214.510634999 215.216568369 216.226487768 217.49835457 218.988225464
220.650978078 222.441040327 224.313112261 226.22286938 228.127636815 229.987024289 231.763512503 233.422982432 234.935180002 236.274109673
237.418351679 238.351298883 239.061310555 239.54178168 239.7911278 239.812686695 239.614539567 239.209255608 238.613565063 237.847966979
236.936278838 235.905136145 234.783450771 233.601837472 232.392018407 231.186215794 230.016542918 228.914403693 227.909910728 227.031331486
226.3045716 225.752703724 225.395549506 225.249321312 225.326329357 225.634758725 226.17851961 226.957172874 227.96593175 229.195739245
230.633419566 232.261900626 234.060503571 236.005294109 238.06948947 240.223913872 242.437494627 244.677790327 246.911542079 249.105238365
251.225683932 253.240563044 255.118987575 256.83202066 258.353167083 259.658822137 260.728671387 261.546034624 262.098148228 262.376381194
360.984957458 356.467911023 347.766061407 335.515085457 320.599107899 304.074559064 287.079809739 270.738780367 256.067217945 243.89001917
234.776886186 229.001839146 226.529848256 227.031304229 229.922462974 234.427622783 239.656843924 244.691682184 248.670800491 250.867495964
250.752107873 248.033856636 242.67874441 234.902516794 225.140109464 213.995247027 202.175707646 190.42104099 179.430111176 169.79568221
161.952395678 156.143003897 152.405771884 150.583748088 150.354351609 151.275659094 152.844104039 154.557190416 155.974379601 156.769575376
