314.876473887 314.962831909 315.116045307 315.297973205 315.453533574 315.513170595 315.396001384 315.013525801 314.273761665 313.085651072
311.363572199 309.031785424 306.028642993 302.310397826 297.854459218 292.661960767 286.759528274 280.200161915 273.063176749 265.453177734
257.498078643 249.346207678 241.162574898 233.124406818 225.416080584 218.223613171 211.728879105 206.103742824 201.504298337 198.065409104
195.895735003 195.07342089 195.642603084 197.610866507 200.947757017 205.584421424 211.414412932 218.295663231 226.053585455 234.485235843
243.364427384 252.447657135 261.480681225 270.205548878 278.367889655 285.724237342 292.049169735 297.142046233 300.833134686 302.988934991
303.516529145 302.366815131 299.536514371 295.068878464 289.053059553 281.62214867 272.949926558 263.246410605 252.752318331 241.732601225
230.469231669 219.25344913 208.377689205 198.127429722 188.773191712 180.562929488 173.715033364 168.41215108 164.796010253 162.963394871
319.361040431 318.150533964 315.750133983 312.200698388 307.562600784 301.914653393 295.352701937 287.987918268 279.944822101 271.359068126
262.375039031 253.143288484 243.81788079 234.553675742 225.503608091 216.816011008 208.632031999 201.083187848 194.289102493 188.355468176
183.372265979 179.412276897 176.52990914 174.760361384 174.11913539 174.601904884 176.184740981 178.824687791 182.460675412 187.014751323
192.393605368 198.490358229 205.186578561 212.354489921 219.859325348 227.561784982 235.320550485 242.994809319 250.446742088 257.543927208
264.161619083 270.184858703 275.51037909 280.048272183 283.723388613 286.476447069 288.264835762 289.063094454 288.863071759 287.673758692
285.520805613 282.445735756 278.504874238 273.768016763 268.316867017 262.243275973 255.647319831 248.635256105 241.317399341 233.805959116
226.212883279 218.647748836 211.21574153 204.015762979 197.138701321 190.665897661 184.667836432 179.203082945 174.31748626 170.043659953
166.400747597 163.394473968 161.017477111 159.249910749 158.060301033 157.40663656 157.237665938 157.494373081 158.111596966 159.019759793
160.146665493 161.419329271 162.765798463 164.11692537 165.408053928 166.580584063 167.583380271 168.373994403 168.919676591 169.198152856
