402.773949197 399.160669778 392.12248509 382.025321956 369.391660992 354.870609328 339.200822879 323.168477052 307.562772276 293.131597566
280.539953527 270.333557662 262.909730852 258.497214827 257.146024228 258.727827281 262.9467137 269.359586216 277.404841096 286.43751789
295.768728506 304.706942695 312.5986243 318.865784319 323.038237177 324.77870092 323.899347214 320.368953189 314.310399841 305.988863297
295.79161834 284.200882386 271.761541384 259.045891628 246.617685948 234.997780532 224.633540603 215.873889215 208.951492136 203.973089043
200.918438594 199.647777525 199.917138408 201.400362651 203.716217249 206.458702805 209.228446681 211.663020753 213.464111066 214.4196905
186.099064323 186.247764622 186.541345726 186.972256828 187.529390203 188.198337999 188.961725738 189.799615195 190.689967768 191.609158148
192.532527001 193.434960513 194.291484102 195.077857287 195.771156726 196.350334692 196.796740852 197.094596017 197.231407636 197.198318077
196.990378246 196.606740721 196.050768358 195.330056146 194.456365969 193.445475786 192.316946594 191.093812207 189.802198541 188.47088049
187.130785754 185.814455982 184.555476379 183.387885487 182.345577065 181.461706044 180.768110234 180.29475896 180.069239064 180.116287692
180.45738019 181.110380052 182.089256439 183.403873247 185.059852079 187.058509893 189.396870468 192.067747326 195.059894271 198.358218418
201.944049404 205.795457482 209.887612428 214.193174597 218.682709126 223.325114137 228.0880539 232.938388219 237.842589802 242.767142103
247.678910928 252.545484151 257.335474918 262.018784951 266.566825728 270.952696582 275.151319931 279.139535021 282.896152616 286.401974008
289.639778557 292.594284608 295.252089122 297.601591679 299.632908604 301.337782928 302.709495623 303.742783144 304.433765734 304.779890222
130.467985136 135.432889543 145.065452253 158.789406793 175.784786601 195.038148105 215.40458108 235.677661447 254.663012251 271.250919454
284.483513949 293.612375588 298.143017306 297.863529743 292.855657601 283.487676136 270.389571054 254.412126623 236.572526179 217.98990401
199.814905826 183.157678287 169.018793942 158.227421519 151.390585477 148.856652789 150.69528365 156.69504307 166.378757676 179.035586331
193.76772465 209.548747807 225.289870638 239.909914226 252.40454443 261.91040388 267.760090872 269.524525121 267.040044194 260.418544674
250.040057445 236.528258888 220.710499151 203.564906853 186.157944997 169.576394165 154.858088392 142.92580463 134.528503769 130.193652707
