221.724514871 222.003456622 222.572029541 223.450948911 224.669655418 226.264430056 228.276000531 230.746736373 233.717547592 237.224615237
241.296091094 245.948907675 251.185838477 256.992942071 263.337512335 270.166641141 277.406479825 284.962262239 292.719126 300.54374062
308.286722278 315.785786347 322.869561089 329.361960418 335.086990974 339.873849963 343.562155779 346.007144109 347.084658223 346.695763814
344.770826074 341.27289948 336.200298754 329.588242088 321.509484369 312.073887933 301.426910515 289.74702341 277.24210647 264.144899339
250.707619173 237.195883054 223.882097431 211.038496424 198.930024974 187.807271185 177.899654392 169.409071367 162.504192715 157.315585178
153.93181362 152.396649656 152.70748286 154.814996251 158.624131259 163.996329781 170.753003332 178.680142842 187.533948487 197.04732809
206.93708607 216.911603462 226.67879389 235.954111017 244.468380222 251.975231275 258.257919328 263.135338502 266.467055101 268.157215424
172.710678164 173.791198385 175.930994405 179.087944214 183.199778305 188.185165748 193.945145018 200.364884011 207.315748979 214.657656948
222.24168063 229.912868966 237.513240433 244.884900207 251.873226535 258.330066431 264.116876395 269.107740517 273.192196441 276.277799377
278.292355974 279.185763542 278.931395941 277.526985424 274.994959845 271.382206668 266.759248961 261.218833685 254.87394863 247.855300899
240.308306319 232.389655018 224.263533067 216.097593014 208.058776742 200.309101979 193.00152846 186.276021071 180.255924854 175.044760727
170.723541035 167.34869087 164.950644857 163.533170152 163.07344534 163.522902471 164.808816186 166.836600709 169.492753062 172.648360024
176.163067824 179.88939799 183.67728074 187.378669259 190.85209448 193.967020744 196.607867999 198.677575854 200.100598553 200.825237367
