225.68678241 230.130125766 239.66305252 254.995705544 276.008987204 300.981775691 326.349781509 347.211621602 358.500450879 356.457196161
339.887587163 310.725748461 273.65389941 234.860045197 200.33005396 174.247709622 158.046354808 150.425761924 148.300458749 148.308578702
308.964409907 308.303475424 306.9897956 305.039631917 302.477086349 299.333757925 295.648292873 291.465835052 286.837384917 281.819076589
276.471383836 270.858266806 265.046272248 259.10360059 253.099153751 247.101577803 241.178314637 235.394676631 229.812957904 224.49159519
219.484390525 214.839807005 210.600347722 206.802026665 203.473938988 200.63793648 198.308412463 196.492198678 195.188574981 194.389390974
194.079296982 194.236080137 194.831099756 195.829814687 197.192393954 198.874400789 200.827539069 203.00045027 205.339548361 207.789879511
210.295993222 212.80281135 215.256481647 217.605202709 219.80000781 221.795495752 223.550497811 225.028670883 226.199008176 227.036260125
227.521259653 227.641147465 227.38949463 226.766321358 225.778012521 224.4371321 222.762140305 220.777018668 218.510809808 215.997079903
213.273313071 210.380247913 207.361167319 204.261153322 201.126319296 198.003032066 194.937136603 191.973195863 189.153758037 186.518662925
184.104398519 181.943517966 180.064126073 178.489443347 177.237454261 176.320645055 175.745834871 175.514102534 175.620809671 176.055719327
176.803207666 177.842564827 179.148379583 180.691001068 182.437069631 184.350107741 186.391160916 188.51947787 190.693218438 192.870177419
195.008512246 197.067462344 199.008048214 200.793738621 202.391074816 203.770241447 204.905574705 205.775999295 206.365387004 206.662830946
