380.564188854 380.289347578 379.712227929 378.779719165 377.416476019 375.529861977 373.016149447 369.767665267 365.680520225 360.662528301
354.640906885 347.569353912 339.434121674 330.258749013 320.107171844 309.085003968 297.338862762 285.053703778 272.448220726 259.768458324
247.279871209 235.258138353 223.979105852 213.708278472 204.690309686 197.138949641 191.227899827 187.082992547 184.776063676 184.320820631
185.670926799 188.720432138 193.306581298 199.214929576 206.186597694 213.927403107 222.118522445 230.428270406 238.524528099 246.08732086
252.821033546 258.465760897 262.807321508 265.685515161 267.000272586 266.715431418 264.859968631 261.526624046 256.867957209 251.089986564
244.443660741 237.21450276 229.710845088 222.251133427 215.150817347 208.709364554 203.197931916 198.848200448 195.842834268 194.307957129
281.100480866 280.92157739 280.564999953 280.033198272 279.329823712 278.459701635 277.428794886 276.244158686 274.913887305 273.447052941
271.853637271 270.144456234 268.331078642 266.425739239 264.44124693 262.390888864 260.288331159 258.14751702 255.982563064 253.807654652
251.636941046 249.484431195 247.363890963 245.288742582 243.271967096 241.326010543 239.462694574 237.693132181 236.027649159 234.475711874
233.045861856 231.745657691 230.581624599 229.559212049 228.682759686 227.955471754 227.379400179 226.955436357 226.683311642 226.56160648
226.587768019 226.758136006 227.067976694 227.511524415 228.08203044 228.771818668 229.572347651 230.474278409 231.467547465 232.541444452
233.684693676 234.885538942 236.131830951 237.411116582 238.710729323 240.017880169 241.319748258 242.603570572 243.856730008 245.066841191
246.221833376 247.310029876 248.320223438 249.241747066 250.064539827 250.779207214 251.377075705 251.850241201 252.191611098 252.394939773
252.454857373 252.366891793 252.127483845 251.733995632 251.184712235 250.478836839 249.616479501 248.598639815 247.427183753 246.104815017
244.635041287 243.022135769 241.271094471 239.387589698 237.377920223 235.248958663 233.00809656 230.663187688 228.222490119 225.694607551
223.088430427 220.413077318 217.677837079 214.892112206 212.065363844 209.207058853 206.326619276 203.43337458 200.536516929 197.645059779
194.76779998 191.91328358 189.089775441 186.305232759 183.567282534 180.883202965 178.259908746 175.703940167 173.221455895 170.818229266
168.499647911 166.27071646 164.136062104 162.099942697 160.166257133 158.338557655 156.620063786 155.013677531 153.521999511 152.14734569
150.891764354 149.757053014 148.744774904 147.856274787 147.092693774 146.454982899 145.943915212 145.560096186 145.303972259 145.175837367
