339.78576556 339.246821476 338.173196906 336.573379304 334.460000909 331.849721128 328.763071542 325.22426511 321.260971456 316.904060502
312.187317004 307.147128839 301.822152142 296.252956648 290.481654732 284.55151785 278.506584167 272.391261236 266.249927653 260.126537582
254.064232014 248.104960553 242.289117368 236.655194827 231.239458111 226.075643891 221.194685877 216.624469786 212.389619933 208.511319343
205.007164915 201.891058797 199.173136779 196.8597341 194.953388694 193.452881511 192.353313176 191.646215879 191.31969902 191.35862682
191.744825771 192.457319512 193.472588461 194.764851271 196.306365008 198.067740752 200.018271201 202.126266749 204.35939647 206.685030401
209.070579536 211.483830006 213.893268019 216.268392236 218.580010456 220.800517651 222.904152647 224.867230959 226.66835162 228.288576094
229.711577721 230.923760448 231.914345956 232.675428652 233.201998328 233.491930669 233.545946126 233.367538006 232.962870993 232.340651571
231.511972188 230.490131204 229.290430966 227.929956535 226.427337825 224.802498018 223.0763913 221.270733019 219.40772543 217.509782221
215.599254991 213.698164797 211.827941814 210.009176014 208.261381629 206.602777996 205.050089125 203.618364163 202.320820599 201.168711834
200.171220404 199.335377871 198.666012038 198.165721866 197.834880113 197.6716634 197.672109092 197.830198078 198.137962209 198.585614914
199.1617032 199.853279041 200.646087926 201.524772138 202.473086183 203.474121663 204.510538771 205.564801532 206.619413882 207.657153665
208.661301685 209.615862998 210.505777757 211.31711902 212.037275129 212.65511445 213.16113046 213.547565444 213.808511288 213.939986162
