328.120621568 326.642240403 323.731789051 319.480315698 314.020515449 307.522235816 300.186741014 292.239942475 283.924839476 275.493440851
267.198455529 259.285045429 251.982929032 245.49910789 240.011462258 235.663427019 232.559916536 230.764618851 230.298727578 231.141126139
233.229985647 236.465686935 240.714930852 245.815860788 251.583988821 257.818693178 264.310040473 270.845681842 277.217577637 283.228320196
288.696847583 293.463371998 297.393383173 300.380627998 302.349010935 303.253403701 303.079395278 301.842052975 299.583800195 296.371545711
292.293221315 287.453899159 281.971666512 275.973434017 269.590844275 262.95643136 256.200159667 249.446443659 242.811719862 236.402610598
230.31468688 224.631807236 219.425981456 214.757684596 210.676528091 207.222182374 204.42543932 202.309303397 200.890007369 200.177861257
201.747594834 201.234829718 200.221574439 198.733268241 196.810166232 194.50950962 191.907875306 189.103298722 186.216732474 183.392411129
180.796740195 178.615413011 177.048577672 176.304019813 176.588486317 178.097438523 181.003679574 185.445437112 191.514588835 199.24578511
208.607242976 219.49395542 231.723977912 245.03832343 259.104823362 273.5261038 287.851596046 301.59326021 314.244465812 325.301258075
334.28505699 340.765700613 344.383664405 344.870271596 342.064758945 335.927177261 326.546282344 314.141801296 299.06073012 281.767616857
262.829094256 242.893229941 222.664543275 202.875780445 184.257728656 167.508475353 153.263571273 142.068533026 134.355022123 130.421867645
390.027355739 386.129891846 378.462443903 367.275329496 352.932600619 335.898833494 316.722324987 296.015347247 274.432223896 252.646071867
231.325099605 211.109363095 192.588855777 176.283748113 162.627500001 151.953448488 144.485329413 140.332030762 139.486704534 141.830189718
147.138529026 155.094203026 165.300563997 177.298833589 190.586938104 204.63939607 218.927447103 232.938619199 246.194972995 258.269333794
268.798921845 277.495913856 284.154608416 288.655018661 290.962870578 291.126137955 289.268388692 285.579345865 280.303175203 273.725094167
266.156953296 257.92246598 249.342757632 240.722870204 232.339795074 224.432519859 217.194467017 210.768579325 205.24517538 200.662563208
197.010268245 194.234609342 192.246248601 190.929252683 190.151138562 189.773338325 189.66150717 189.695116405 189.775817975 189.834136619
