362.681690839 360.970761778 357.581718683 352.579378039 346.058953382 338.143704862 328.98190829 318.743227991 307.614594052 295.795697865
283.494229813 270.920989233 258.284999274 245.788757855 233.623750741 221.966343888 210.974160033 200.78302936 191.50458643 183.224566052
176.00182983 169.868133611 164.828624445 160.863034709 157.927521352 155.957080348 154.86845098 154.563411869 154.932361194 155.858067435
157.219474487 158.895446063 160.768338908 162.727302306 164.671212287 166.511162608 168.172450352 169.596011458 170.739280028 171.576464283
172.098250872 172.310967419 172.235249952 171.90427689 171.361643916 170.658964084 169.85328456 169.0044153 168.172265616 167.414282059
166.783075374 166.324315832 166.07496519 166.06190036 166.300969058 166.796501677 167.541287088 168.517003416 169.695078787 171.037942023
172.500609834 174.03254568 175.57971642 177.086766621 178.499226909 179.765672353 180.839749381 181.681995201 182.261381742 182.5565267
291.859392244 291.646845472 291.222862836 290.589658751 289.750536377 288.709865627 287.473054088 286.046511077 284.437605102 282.654615025
280.706675306 278.603715714 276.356395957 273.976035703 271.474540511 268.864324211 266.158228293 263.369438902 260.511402035 257.597737559
254.642152667 251.658355395 248.659968831 245.660446614 242.672990339 239.710469442 236.785344134 233.909591925 231.094638239 228.351291609
225.68968388 223.119215821 220.648508517 218.285360834 216.036713229 213.908618128 211.906217021 210.033724395 208.294418561 206.690639385
205.223792872 203.894362506 202.701927196 201.645185633 200.721986803 199.929366365 199.263588567 198.720193307 198.294047938 197.979403359
197.769953922 197.658900644 197.639017197 197.702718138 197.842128809 198.049156346 198.315561227 198.633028777 198.993240073 199.387941681
199.809013682 200.248535465 200.698848767 201.152617498 201.602883878 202.043120489 202.467277846 202.869827146 203.245797897 203.590810165
203.901101231 204.173546488 204.405674458 204.595675871 204.74240678 204.845385737 204.904785115 204.921416708 204.896711765 204.832695688
204.73195765 204.59761544 204.433275861 204.242991064 204.031211222 203.80273398 203.562651127 203.316292985 203.069171 202.826919039
202.59523393 202.379815733 202.186308287 202.020240542 201.886969175 201.791622981 201.739049535 201.733764553 201.779904395 201.881182118
202.040847433 202.261650913 202.545812751 202.89499632 203.310286755 203.792174734 204.34054559 204.954673823 205.633223069 206.374251511
207.175222665 208.033021459 208.943975453 209.903881006 210.90803417 211.95126603 213.027982203 214.132206124 215.257625779 216.39764346
217.545428122 218.693969897 219.836136299 220.964729633 222.072545123 223.152429269 224.197337927 225.200393622 226.154941612 227.05460422
227.893332976 228.665458124 229.365735086 229.989387466 230.532146259 230.99028491 231.360649933 231.640686839 231.828461144 231.922674279
