330.806871428 329.977729523 328.329017074 325.8797505 322.658140465 318.70122009 314.054357462 308.770659314 302.910274306 296.539605714
289.730444611 282.559035734 275.105089106 267.450751258 259.679550384 251.87533008 244.121186438 236.498423118 229.085538716 221.957260203
215.183635466 208.829197082 202.952208339 197.604001293 192.828415238 188.661342496 185.130386823 182.254638066 180.044565024 178.502026716
177.62040059 177.384824481 177.772547559 178.753383931 180.290261179 182.339854765 184.853298125 187.776957244 191.053257718 194.621551646
198.419011291 202.381536186 206.444660352 210.544446444 214.618354021 218.606069685 222.450287564 226.097429543 229.498295661 232.608636325
235.389639256 237.808325523 239.83785045 241.457706727 242.653828584 243.418597429 243.750750879 243.655198556 243.142749455 242.22975695
240.937688741 239.292630089 237.324729587 235.067597528 232.557667446 229.833531902 226.93526374 223.903734159 220.779938736 217.604342288
214.416252931 211.253235045 208.150570068 205.140773094 202.253172173 199.513556085 196.943895065 194.5621377 192.382085835 190.413347985
188.661370383 187.127543471 185.809380363 184.700762599 183.792247396 183.071429606 182.523350683 182.130946249 181.875523238 181.737257172
181.695699862 181.730287717 181.820840951 181.948044183 182.093899367 182.242142539 182.378616595 182.491593132 182.57203739 182.613811372
253.853866746 253.834391512 253.796818384 253.743872481 253.679568089 253.609122006 253.538840346 253.475980748 253.428592384 253.405336535
253.41529085 253.467740712 253.571961342 253.736994486 253.971423623 254.283151676 254.679185223 255.165429093 255.746495106 256.425528503
257.204055343 258.08185383 259.056852159 260.12505505 261.280500702 262.515249397 263.819404491 265.181166008 266.586916533 268.021338554
269.467561919 270.907339559 272.321249161 273.688918063 274.989268213 276.200777719 277.301755227 278.270623092 279.086205193 279.728015077
280.17654013 280.413517456 280.422197266 280.187589745 279.696691554 278.938688455 277.905130856 276.590079482 274.990218799 273.104936322
270.936366409 268.489397706 265.771643922 262.793378193 259.567431825 256.109058744 252.435767508 248.567123223 244.52452217 240.330942337
236.01067347 231.589030497 227.0920545 222.546205555 217.978051893 213.413959905 208.879789469 204.400599028 200.000364666 195.701717222
191.525701223 187.49155903 183.616543261 179.915760069 176.402045397 173.085875834 169.97531513 167.075996913 164.391143565 161.92162068
159.666025955 157.620810863 155.780432934 154.137536006 152.683155393 151.406944518 150.297419254 149.342215937 148.528358818 147.842532591
147.271355553 146.801648972 146.420698289 146.11650195 145.878003838 145.695305573 145.559855254 145.464609614 145.404166986 145.374868934
