347.500076089 347.179165633 346.538891357 345.582337101 344.314105118 342.740288047 340.868431852 338.707489987 336.267769104 333.560866689
330.599601056 327.397934186 323.970887962 320.334454351 316.505500189 312.501667201 308.341267943 304.043178397 299.626727929 295.111587358
290.517655913 285.864947793 281.173479128 276.463156052 271.753664638 267.064363407 262.414179083 257.821506276 253.304111697 248.879043506
244.562546322 240.369982408 236.315759472 232.413265473 228.674810787 225.111578008 221.73357961 218.549623649 215.567287588 212.792900324
210.231532378 207.886994187 205.761842381 203.857393836 202.173747294 200.709812244 199.46334473 198.430989714 197.608329571 196.989938247
196.569440603 196.339576422 196.292268525 196.418694451 196.709361107 197.154181814 197.742555142 198.463444957 199.305461079 200.256939983
201.306024961 202.440745213 203.649093331 204.919100672 206.238910156 207.596846039 208.981480256 210.381694969 211.786740988 213.18629177
214.570492761 215.930005868 217.256048901 218.540429883 219.775576136 220.954558133 222.071108124 223.119633582 224.095225578 224.99366221
225.811407246 226.5456042 227.194066042 227.755260828 228.228293506 228.612884217 228.90934339 229.118543984 229.241891201 229.281290024
229.239110939 229.118154183 228.921612869 228.653035333 228.316287039 227.915512345 227.45509646 226.939627856 226.373861425 225.762682605
225.11107272 224.42407572 223.7067665 222.964220946 222.201487824 221.423562618 220.635363374 219.841708599 219.047297226 218.256690647
217.474296774 216.704356081 215.950929559 215.217888483 214.508905898 213.8274497 213.17677718 212.559930888 211.979735687 211.438796824
210.939498882 210.484005461 210.074259425 209.7119836 209.398681755 209.135639765 208.923926836 208.764396677 208.657688557 208.604228155
109.449140203 113.756613661 122.151506814 134.205590226 149.305535908 166.685876425 185.469970453 204.716653521 223.469945854 240.809038475
255.895791548 268.017152442 276.620222648 281.338150937 282.005576265 278.662953701 271.54973295 261.086983994 247.850641815 232.537039925
215.922793892 198.821361887 182.03873805 166.330723068 152.364069973 140.683534201 131.686484414 125.606278338 122.505103025 122.276450569
124.656877035 129.246201723 135.534870139 142.936847761 150.826148581 158.57494289 165.591138135 171.353384441 175.441617537 177.561506298
