245.057835738 246.117538313 248.211492612 251.288910129 255.273931874 260.066126947 265.541328536 271.552930733 277.933773299 284.498730333
291.048092525 297.371792422 303.254470144 308.48131649 312.844565542 316.150444305 318.226327573 318.927796854 318.145267209 315.809828909
311.897954418 306.434746778 299.495452893 291.20503304 281.735663269 271.302146071 260.155311531 248.573600329 236.853124907 225.296599621
214.201608703 203.848737129 194.490119857 186.338966627 179.560591416 174.265418135 170.504349678 168.26677957 167.481399751 168.019820718
169.702878717 172.30936645 175.586796572 179.263698082 183.062860919 186.714888526 189.971395317 192.617197439 194.480890744 195.443287319
239.928399842 239.664407799 239.139837361 238.361477781 237.339418225 236.086935277 234.620344833 232.958820009 231.124177016 229.140631331
227.034526804 224.834040623 222.568867346 220.269885406 217.968809715 215.697834108 213.489267528 211.375167858 209.386977396 207.555163906
205.90887113 204.47558257 203.28080216 202.347755311 201.697113562 201.34674583 201.311498974 201.603010042 202.229552275 203.195916524
204.503329421 206.149409178 208.128159554 210.430002062 213.041846119 215.947196414 219.126296378 222.556306249 226.211513875 230.063576005
234.081787554 238.233375971 242.483817626 246.79717285 251.136436111 255.463897624 259.741512575 263.931274083 267.995585973 271.897631436
275.601733723 279.073705099 282.281180397 285.193931737 287.78416111 290.026767839 291.899588159 293.383604473 294.463122196 295.125912404
295.363318925 295.17032885 294.545605875 293.491486256 292.013937568 290.122480876 287.830077281 285.152980225 282.110555256 278.725069348
275.021452148 271.027031841 266.771248576 262.285348633 257.6020627 252.755271793 247.779664464 242.71038903 237.582704577 232.431634514
227.291626383 222.196221557 217.177738332 212.266971756 207.492913334 202.882493519 198.460349635 194.248621572 190.2667773 186.531469881
183.056427315 179.852376196 176.926999735 174.284930377 171.927776791 169.854184682 168.059930456 166.538046436 165.27897595 164.27075631
163.499227368 162.948263081 162.600023241 162.435222333 162.433412284 162.573275722 162.832926268 163.190212297 163.623020594 164.109576328
164.628735826 165.160268735 165.685126249 166.185692305 166.646014804 167.052014166 167.391666815 167.655161444 167.835026264 167.926225745
