325.476462921 325.799436135 326.421465743 327.295670797 328.354077796 329.510344725 330.663240704 331.700757289 332.504704532 332.955627002
332.937862585 332.344560649 331.082476067 329.076361914 326.272795999 322.643294483 318.186589101 312.929972091 306.929644062 300.270033608
293.062092379 285.440604484 277.560583242 269.592860349 261.719001387 254.125706318 246.998873223 240.517517561 234.847746935 230.1369926
226.50869356 224.057617221 222.845982551 222.900528024 224.210638092 226.727609349 230.365101979 235.000784681 240.479143114 246.615384362
253.200334095 260.006190199 266.792967752 273.315446241 279.330411715 284.603974724 288.918739833 292.080604477 293.924973845 294.322194229
293.182029244 290.457031059 286.144691241 280.288292173 272.976419077 264.341133223 254.554847752 243.825987357 232.393550599 220.520727747
208.487756638 196.584223158 185.101030883 174.322275531 164.517263797 155.932912815 148.786755879 143.260762565 139.496157507 137.589392529
243.988748289 243.756123004 243.300853708 242.642626451 241.810286034 240.841034268 239.779392795 238.675956685 237.585970407 236.567762238
235.681076887 234.985348722 234.537959636 234.392526071 234.59725917 235.193440334 236.214051721 237.682597548 239.612147416 242.004627528
244.850379607 248.128000811 251.804471047 255.835567077 260.166555708 264.733151551 269.462718267 274.275686216 279.087154041 283.808637161
288.349922426 292.620985512 296.533925982 300.004874394 302.95582638 305.316360312 307.025197849 308.031570379 308.296358982 307.792980903
306.508001599 304.44145796 301.606885209 298.031047062 293.753375831 288.825136037 283.308331728 277.274383742 270.802608609 263.978535467
256.892101105 249.635766061 242.302596437 234.984356735 227.769658581 220.742208629 213.979196365 207.54985892 201.514255532 195.922279003
190.812925591 186.213838323 182.141131931 178.599500645 175.582603095 173.073711769 171.046607951 169.466697128 168.292314422 167.476185077
166.967001275 166.711073862 166.654015811 166.742413697 166.925443882 167.156391694 167.394034467 167.603852895 167.75903961 167.841279117
167.38866899 169.59280175 173.918107206 180.201918985 188.208234518 197.636933112 208.135454709 219.312451031 230.752841769 242.033655152
252.740006513 262.480571364 270.901940276 277.701299831 282.636963725 285.536376987 286.301328924 284.910231744 281.417445786 275.949753523
268.700197408 259.919596629 249.90614076 238.993521298 227.538103054 215.905655625 204.458160977 193.541187782 183.472279021 174.53073934
166.949136428 160.906750188 156.525118723 153.865745108 152.929947264 153.660758079 155.946716928 159.627338709 164.500003714 170.327981467
176.849283937 183.786037447 190.854066906 197.77239919 204.272412688 210.106385599 215.0552247 218.935187513 221.603442984 222.962347893
280.156163732 281.643753983 283.929682234 285.916781325 286.551790303 285.268987133 282.24862759 278.383984882 274.963638609 273.187116847
273.698898543 276.321891182 280.097648225 283.624519727 285.570779088 285.17126189 282.519761721 278.544533325 274.672723196 272.306699798
363.28326864 358.731918491 349.829429243 336.96564397 320.699485846 301.729609386 280.8579307 258.948112504 236.881356092 215.511989367
195.625329756 177.900144804 162.877741515 150.939306504 142.292618094 136.968689393 134.82831256 135.577894543 138.793438627 143.951066105
150.462115416 157.710622859 165.09089218 172.042904416 178.083499839 182.831568023 186.025889469 187.534756531 187.357031364 185.614840752
182.538627882 178.445747164 173.714171275 168.753156842 163.972870157 159.754998837 156.426269374 154.23656243 153.342983472 153.800828706
155.561912945 158.480228361 162.324413415 166.796061491 171.552517896 176.23252615 180.482908295 183.984409986 186.474912386 187.768404054
