236.827134397 236.855961675 236.913417069 236.99910357 237.112428941 237.252609622 237.418675908 237.609478353 237.823695369 238.059841973
238.316279626 238.591227098 238.882772306 239.18888503 239.50743045 239.836183402 240.172843276 240.515049453 240.860397192 241.206453866
241.550775438 241.890923081 242.224479835 242.549067188 242.862361487 243.162110066 243.446146983 243.712408284 243.958946663 244.183945454
244.385731841 244.562789205 244.713768529 244.837498776 244.932996168 244.999472308 245.036341078 245.043224264 245.019955862 244.966585031
244.883377663 244.770816544 244.629600105 244.460639742 244.265055733 244.044171738 243.799507928 243.532772756 243.245853417 242.940805039
242.619838663 242.285308075 241.939695548 241.585596586 241.225703744 240.862789607 240.499689041 240.139280794 239.784468565 239.438161641
239.103255228 238.782610562 238.479034953 238.195261848 237.933931047 237.697569194 237.48857065 237.309178876 237.161468429 237.047327703
236.968442503 236.926280569 236.922077159 236.956821768 237.03124609 237.145813299 237.300708736 237.495832058 237.730790926 238.004896282
238.317159261 238.666289773 239.050696795 239.46849038 239.917485401 240.395207031 240.898897948 241.425527247 241.971801032 242.534174659
243.108866562 243.691873638 244.278988092 244.865815701 245.447795396 246.020220072 246.57825855 247.116978557 247.631370643 248.116372905
248.566896386 248.977851054 249.344172198 249.660847125 249.922942027 250.125628857 250.264212102 250.334155292 250.331107118 250.250927009
250.089710043 249.84381105 249.509867767 249.084822944 248.565945236 247.950848809 247.237511509 246.424291511 245.509942339 244.493626169
243.374925332 242.153851942 240.83085558 239.406828983 237.88311169 236.261491606 234.544204461 232.733931145 230.833792923 228.847344516
226.778565093 224.63184717 222.41198348 220.124151845 217.773898113 215.367117232 212.910032536 210.409173329 207.87135086 205.303632804
202.713316352 200.107900034 197.495054394 194.882591667 192.278434578 189.690584413 187.127088517 184.596007358 182.105381313 179.663197343
177.277355696 174.955636808 172.705668549 170.534893984 168.45053978 166.459585431 164.568733435 162.784380566 161.112590391 159.559067144
158.129131099 156.827695555 155.659245538 154.627818333 153.736985934 152.989839496 152.388975865 151.936486255 151.633947121 151.482413274
