253.053289287 253.104252005 253.205604091 253.356204383 253.554354938 253.79781744 254.083834843 254.409158028 254.770077231 255.162457944
255.581780943 256.023186061 256.4815193 256.95138282 257.427187346 257.903206475 258.373632387 258.832632415 259.274405934 259.693241044
260.083570482 260.440026253 260.75749244 261.031155698 261.256552944 261.429615792 261.546711294 261.604678611 261.600861247 261.533134538
261.399928134 261.200243242 260.933664471 260.600366148 260.201113048 259.737255515 259.210719007 258.623988177 257.9800856 257.282545374
256.535381803 255.743053479 254.910423079 254.042713249 253.145458999 252.22445704 251.285712539 250.335383796 249.379725359 248.425030102
247.477570831 246.543541943 245.629001714 244.739815735 243.881602051 243.059678519 242.279012874 241.544175994 240.859298794 240.228033177
239.653517406 239.138346235 238.68454609 238.293555541 237.966211264 237.702739624 237.50275399 237.365257796 237.288653347 237.270756297
237.308815667 237.399539242 237.539124102 237.723292034 237.947329486 238.20613171 238.494250689 238.805946407 239.13524099 239.475975228
239.821866942 240.166570675 240.503738133 240.827078833 241.130420391 241.407767876 241.6533617 241.861733478 242.027759355 242.146710292
242.214298838 242.22672195 242.180699456 242.073507788 241.903008685 241.66767256 241.366596333 240.999515528 240.566810542 240.069506979
239.509270067 238.888393185 238.209780583 237.476924468 236.693876633 235.865214892 234.996004617 234.091755717 233.158375458 232.20211753
231.22952784 230.247387509 229.2626536 228.282398103 227.313745746 226.363811185 225.439636157 224.548127163 223.695994241 222.889691413
222.135359319 221.438770585 220.80527842 220.239768899 219.746617387 219.329649492 218.992106907 218.736618449 218.565176574 218.479119563
198.760264263 197.167552572 194.12821602 189.921060731 184.932112222 179.619337211 174.470838775 169.960368656 166.504232445 164.423514551
163.915035845 165.033628049 167.687245106 171.645234852 176.558878136 181.992182185 187.459995438 192.469877486 196.563867146 199.356367914
200.564801374 200.030420095 197.727647055 193.761422015 188.353177322 181.817125791 174.529420047 166.893353606 159.304063442 152.116138497
145.617149253 140.009433683 135.401576529 131.809994651 129.169995584 127.354714905 126.199556846 125.529238899 125.184325925 125.04425166
