226.130528915 226.860715298 228.33736964 230.585340882 233.623741875 237.447175332 242.005352778 247.184375895 252.792961961 258.556502611
264.121080589 269.068507001 272.94219012 275.28233807 275.667773419 273.760634891 269.349578163 262.386850148 253.014844358 241.578446706
228.620601499 214.85997239 201.151212817 188.430041473 177.6468781 169.694077349 165.332669979 165.124883062 169.37851202 178.108456962
191.019466837 207.512459216 226.714843298 247.533238781 268.725035451 288.983554755 307.030311046 321.707146193 332.060898927 337.413787054
223.414693476 223.301748153 223.079851316 222.756912673 222.34460337 221.858127639 221.31592451 220.73930474 220.152029249 219.579836339
219.049925875 218.590409356 218.229735374 217.996100406 217.916855142 218.017916616 218.323196353 218.854054456 219.628789139 220.66217064
221.965027699 223.543893933 225.400720464 227.532660051 229.931926846 232.58573465 235.476315283 238.581017401 241.872484838 245.318912246
248.884374656 252.529226387 256.210563696 259.882744586 263.49795833 267.006836544 270.359097033 273.504211207 276.392085499 278.973747113
281.202024371 283.032212071 284.422712544 285.335643475 285.737404108 285.599192073 284.897463802 283.614332365 281.737897404 279.262502845
276.188919044 272.52444704 268.282943665 263.484767253 258.15664473 252.331461865 246.047979375 239.350478504 232.288340503 224.915565185
217.29023444 209.473927133 201.531092355 193.528388387 185.53399503 177.616907225 169.84621795 162.290398481 155.016583986 148.089872343
141.572643812 135.523908902 129.99869144 125.047453371 120.715567371 117.042842781 114.063109814 111.803866313 110.28599073 109.523524238
