247.083958488 247.188898634 247.398178058 247.710598329 248.124370046 248.637122684 249.245917636 249.947264379 250.737139674 251.611009707
252.563855021 253.590198137 254.684133678 255.839360858 257.049218136 258.306719857 259.604594673 260.935325531 262.291191014 263.664307794
265.046673983 266.430213119 267.806818568 269.168398079 270.506918254 271.814448691 273.083205547 274.305594291 275.474251402 276.582084785
277.622312694 278.588500916 279.474598051 280.274968658 280.984424107 281.59825095 282.112236671 282.522692656 282.826474268 283.020997905
283.104254959 283.07482259 282.931871251 282.675168934 282.305082104 281.82257332 281.229195545 280.527083196 279.718939964 278.808023472
277.798126873 276.693557467 275.499112465 274.220052037 272.86206978 271.431260783 269.934087458 268.377343314 266.768114904 265.113742121
263.421777084 261.699941836 259.956085081 258.198138212 256.434070861 254.671846223 252.919376404 251.184478035 249.4748284 247.797922325
246.161030063 244.571156413 243.035001293 241.558922006 240.148897381 238.810494013 237.548834787 236.368569845 235.273850192 234.268304052
233.355016142 232.536509959 231.814733191 231.191046341 230.666214615 230.240403142 229.913175542 229.683495866 229.54973389 229.50967375
229.560525864 229.698942089 229.921034029 230.222394401 230.598121342 231.04284553 231.550759971 232.115652299 232.730939411 233.38970424
234.084734493 234.808563113 235.553510272 236.311726651 237.075237776 237.83598917 238.585892074 239.316869486 240.020902271 240.690075078
241.316621826 241.892970505 242.411787038 242.866017973 243.248931763 243.554158411 243.775727255 243.908102689 243.946217614 243.885504442
243.721923471 243.451988479 243.072789387 242.582011858 241.977953739 241.259538223 240.426323677 239.478510062 238.416941914 237.24310785
235.959136611 234.567789644 233.072450259 231.477109427 229.786348258 228.005317289 226.139712646 224.195749236 222.180131087 220.100018996
217.962995663 215.777028476 213.550430155 211.291817468 209.010068214 206.714276725 204.413708107 202.117751472 199.835872396 197.577564875
195.352303015 193.169492724 191.038423661 188.968221698 186.967802141 185.045823979 183.210645378 181.470280681 179.832359133 178.304085548
176.892203136 175.602958689 174.4420703 173.414697806 172.525416095 171.778191432 171.176360928 170.722615255 170.418984713 170.266828708
