353.233173867 351.278748302 347.426870512 341.789711142 334.531142219 325.861631803 316.031690566 305.324077278 294.045009367 282.51465593
271.057213101 259.990874547 249.618012889 240.215880792 232.028123633 225.257369545 220.05912816 216.537187546 214.740651022 214.662703379
216.241140971 219.360644186 223.85671556 229.521154095 236.108887879 243.345944357 250.938302016 258.581339836 265.969582624 272.8064317
278.813571772 283.739755994 287.368691932 289.525780648 290.083498505 288.965255292 286.147611535 281.660790732 275.587477055 268.059944059
259.255613334 249.3911921 238.715583955 227.501805763 216.038174955 204.619054108 193.535453081 183.065792576 173.467126869 164.96710768
157.756946316 151.985598149 147.75535323 145.118970725 144.078444377 144.585432987 146.543335733 149.810938652 154.207507681 159.519156803
165.506278654 171.91179072 178.46992411 184.915264638 190.991748191 196.461314283 201.111933238 204.764743326 207.280063517 208.562084567
202.395494674 202.68544976 203.260553073 204.111269807 205.223493754 206.578778957 208.154642711 209.924935012 211.860268476 213.928501757
216.095268634 218.324544196 220.57923892 222.821811031 225.014887158 227.121881223 229.107601461 230.938835701 232.584905311 234.01817878
235.214536471 236.153778918 236.81997189 237.201722486 237.292381607 237.090169342 236.598221027 235.824553023 234.781948534 233.4877651
231.963666621 230.235284045 228.33180995 226.285533374 224.131322196 221.90606124 219.648055008 217.39640454 215.190368335 213.06871756
211.069095893 209.227394296 207.577150829 206.148985215 204.970077377 204.063698477 203.44880218 203.139682943 203.145707084 203.471121235
204.114941588 205.070926071 206.327630275 207.86854663 209.672325029 211.713071779 213.960722519 216.381483584 218.938335157 221.591588587
224.299489358 227.018856453 229.705748234 232.316144558 234.806634483 237.135098878 239.26137723 241.147908185 242.760333735 244.068057484
245.044748121 245.668780053 245.923604114 245.798042306 245.286501719 244.389104004 243.111728075 241.465965062 239.468985874 237.143323111
234.516570382 231.621003355 228.493128115 225.173163515 221.704465245 218.13290027 214.506181049 210.873169601 207.283161962 203.785163887
200.427168814 197.255449084 194.313871217 191.643245702 189.280721212 187.259232529 185.607010596 184.347162211 183.497325781 183.069408424
