308.355639621 307.771200648 306.60399148 304.857534366 302.53756455 299.652545286 296.214310267 292.238797791 287.746834764 282.764924105
277.325986406 271.470006049 265.244533304 258.704997346 251.914790474 244.945090933 237.874400456 230.787782586 223.775798769 216.933150669
210.357048797 204.145338934 198.394428551 193.197065081 188.640026156 184.801788352 181.750245501 179.540549742 178.213148413 177.792087183
178.283644861 179.675357914 181.935483282 185.012936633 188.837730311 193.321921031 198.361062465 203.836142665 209.61597112 215.559965879
221.521277773 227.350177021 232.89761761 238.018887319 242.577246211 246.447454222 249.519089134 251.699559765 252.916725733 253.121044243
252.287176097 250.414996901 247.529975156 243.682895899 238.948926472 233.426039229 227.232824107 220.505741308 213.395880519 206.065307521
198.683091298 191.421114546 184.449777357 177.933707762 172.027593448 166.872246439 162.591006777 159.286582518 157.038411783 155.900618662
381.474604893 377.758703482 370.471374328 359.895560438 346.440920296 330.626823195 313.060814886 294.413466206 275.390669622 256.704555309
239.044254758 223.047743764 209.275947776 198.190193241 190.133943072 185.319569042 183.82069687 185.570420324 190.365429304 197.87584435
207.660307271 219.185655065 231.850311531 245.010376176 258.007279823 270.195815294 280.971342196 289.795007377 296.21591507 299.889318847
300.590085195 298.220887817 292.8148236 284.532385226 273.652971072 260.561349624 245.729712757 229.696140579 213.040451931 196.358522578
180.236213122 165.224058162 151.813827067 140.417976893 131.352883522 124.826564227 120.931401156 119.642149941 120.819280628 124.217459999
129.498755645 136.249932853 144.003034853 152.258293048 160.508312894 168.262427447 175.07010662 180.542355924 184.37013181 186.33893754
