230.862399659 230.884979011 230.929903127 230.996704308 231.084684682 231.192920593 231.320268412 231.46537174 231.626669954 231.802408053
231.990647745 232.189279709 232.39603696 232.60850924 232.824158352 233.04033435 233.254292476 233.463210772 233.66420823 233.854363406
234.030733361 234.190372841 234.330353567 234.447783522 234.539826136 234.603719235 234.636793654 234.636491402 234.600383266 234.52618575
234.411777249 234.25521336 234.054741232 233.808812873 233.516097329 233.175491655 232.786130624 232.347395085 231.858918945 231.320594706
230.732577527 230.095287784 229.409412091 228.675902793 227.895975899 227.071107477 226.203028521 225.293718303 224.345396254 223.360512394
222.341736383 221.291945217 220.214209666 219.111779487 217.988067529 216.846632773 215.691162438 214.525453206 213.353391711 212.178934357
211.006086609 209.838881837 208.681359863 207.537545304 206.411425837 205.306930513 204.227908238 203.178106535 202.161150714 201.180523564
200.239545688 199.34135658 198.488896565 197.684889704 196.931827758 196.231955306 195.587256113 194.999440816 194.469936012 193.999874817
193.59008894 193.241102346 192.953126529 192.726057444 192.559474114 192.452638934 192.404499677 192.413693201 192.478550837 192.597105449
192.767100136 192.985998523 193.250996608 193.559036103 193.906819202 194.290824712 194.707325458 195.152406874 195.621986698 196.111835655
196.617599038 197.13481906 197.658957871 198.185421121 198.709581942 199.226805221 199.732472045 200.222004184 200.690888474 201.134700991
201.549130866 201.930003626 202.27330393 202.575197587 202.83205272 203.040459979 203.197251683 203.29951979 203.34463259 203.330250041
203.254337649 203.115178827 202.91138565 202.641907954 202.306040725 201.903429725 201.434075333 200.898334566 200.296921268 199.630904453
198.901704824 198.111089454 197.261164675 196.354367195 195.393453485 194.381487491 193.321826731 192.218106832 191.074224607 189.89431973
188.682755125 187.444096145 186.18308867 184.904636207 183.613776139 182.315655218 181.015504442 179.718613441 178.430304502 177.155906365
175.900727934 174.670032022 173.469009282 172.302752452 171.176231038 170.094266586 169.061508651 168.082411599 167.161212363 166.301909256
165.508241967 164.783672835 164.1313695 163.554189014 163.054663516 162.634987516 162.297006878 162.042209549 161.871718083 161.786283997
