286.725976762 286.572158173 286.217454468 285.572630386 284.515699152 282.905128727 280.595805508 277.456494862 273.387397271 268.336357309
262.312344026 255.394982541 247.739168093 239.574119455 231.196607543 222.958502327 215.249189766 208.473792939 203.028461615 199.274249152
197.511256295 197.954775448 200.715110508 205.782577462 213.018918341 222.156000814 232.802248912 244.456782735 256.530765174 268.374991661
279.312344048 288.673388706 295.833154519 300.246995531 301.483435878 299.252013909 293.424383125 284.047277119 271.346384801 255.72068571
237.727334 218.057721883 197.505866885 176.930721182 157.214368191 139.218328958 123.740332514 111.473901711 102.972968228 98.6234648754
213.87468551 213.996389039 214.23931589 214.602507698 215.084532053 215.683488624 216.397017292 217.222308248 218.156114 219.194763251
220.334176571 221.569883796 222.897043083 224.310461516 225.804617193 227.373682667 229.011549664 230.711854934 232.468007149 234.273214703
236.120514299 238.002800191 239.912853949 241.843374618 243.787009124 245.736382801 247.684129898 249.622923926 251.545507722 253.444723074
255.3135398 257.145084136 258.932666307 260.669807176 262.350263833 263.968054028 265.517479334 266.993146943 268.38999 269.703286396
270.928675926 272.062175756 273.100194133 274.03954227 274.877444382 275.611545814 276.239919253 276.761068987 277.173933207 277.477884361
277.672727551 277.758697002 277.736450628 277.607062721 277.372014823 277.033184814 276.592834294 276.05359431 275.41844952 274.690720867
273.874046849 272.97236349 271.989883108 270.93107199 269.800627077 268.603451782 267.344631065 266.029405874 264.663147081 263.251329053
261.799502963 260.313269992 258.79825453 257.260077523 255.704330075 254.136547448 252.562183566 250.986586151 249.414972606 247.852406758
246.303776565 244.773772888 243.266869432 241.787303936 240.339060707 238.925854567 237.551116279 236.217979532 234.929269517 233.687493158
232.494831025 231.353130969 230.263903484 229.228318829 228.247205899 227.321052845 226.450009429 225.633891094 224.87218472 224.16405602
223.508358538 222.903644193 222.348175304 221.83993803 221.376657152 220.95581211 220.574654209 220.230224908 219.91937508 219.638785152
219.384986016 219.154380595 218.943265957 218.747855865 218.56430363 218.388725172 218.217222146 218.045905034 217.870916076 217.688451917
217.494785873 217.286289678 217.059454626 216.810911986 216.537452597 216.236045532 215.903855753 215.538260662 215.136865461 214.69751726
214.218317842 213.697635048 213.134112701 212.526679052 211.874553671 211.177252789 210.434593034 209.646693572 208.813976629 207.937166397
207.01728634 206.055654908 205.053879694 204.013850054 202.937728243 201.82793911 200.687158404 199.518299762 198.324500439 197.10910586
195.875653077 194.627853213 193.369572984 192.10481541 190.837699785 189.572441047 188.313328624 187.064704883 185.830943287 184.616426374
183.425523672 182.262569661 181.131841901 180.037539431 178.983761557 177.974487133 177.013554442 176.104641785 175.251248872 174.456679105
173.724022863 173.056141855 172.455654626 171.924923298 171.466041603 171.080824281 170.77079788 170.537193028 170.380938192 170.302654978
