361.056325644 360.124898418 356.842980916 349.112708941 335.329521237 315.490971978 291.756642664 268.177648793 249.63538871 240.343575352
242.45270842 255.278057769 275.454465074 297.984082622 317.813368895 331.37845313 337.569136448 337.778467397 335.046208791 332.642199705
217.457891006 217.40169553 217.28835247 217.116033065 216.882180177 216.58372424 216.217359297 215.779869397 215.268493703 214.681317102
214.01767195 213.2785358 212.466909683 211.58816164 210.650320827 209.664308561 208.644094188 207.6067655 206.572505667 205.564471144
204.608567755 203.733125026 202.968471796 202.346419095 201.899659136 201.661091992 201.663093966 201.936743874 202.511025188 203.412023416
204.662138924 206.279335863 208.276447664 210.660558961 213.432482577 216.586348521 220.109319806 223.981447264 228.175672603 232.657985687
237.387738483 242.318114536 247.396749072 252.566491187 257.766296017 262.932231415 267.998580626 272.899019751 277.567846531 281.941235252
285.958491372 289.563278845 292.704793142 295.33885359 297.428889862 298.946799335 299.87365436 300.200241475 299.927417864 299.066274176
297.638096807 295.674127007 293.215118546 290.310700015 287.018552164 283.403414751 279.535941243 275.491423131 271.348408678 267.187243378
263.088561345 259.131758132 255.393476097 251.946133416 248.856527075 246.184538828 243.981971024 242.291536618 241.146024507 240.567657682
196.964042381 197.030061366 197.161889306 197.359106033 197.621081043 197.946973237 198.335730645 198.786090205 199.296577654 199.865507631
200.490984074 201.170901034 201.902943989 202.684591795 203.513119382 204.385601301 205.298916254 206.249752695 207.234615612 208.24983458
209.291573154 210.35583968 211.43849956 212.535289001 213.641830268 214.753648427 215.866189535 216.974840254 218.074948782 219.161847023
220.230873875 221.277399492 222.296850361 223.284735021 224.23667022 225.148407302 226.015858598 226.835123595 227.60251462 228.314581814
228.968137116 229.560277043 230.088403978 230.550245762 230.943873332 231.267716209 231.520575615 231.70163506 231.810468217 231.847043954
231.811728431 231.705284145 231.528865906 231.284013696 230.972642443 230.597028735 230.159794559 229.663888175 229.112562263 228.509349508
227.858035838 227.162631523 226.427340411 225.656527556 224.854685552 224.026399873 223.176313559 222.309091572 221.429385181 220.541796711
219.650845007 218.760931955 217.876310393 217.00105372 216.139027527 215.293863509 214.468935939 213.667340918 212.891878619 212.14503869
211.428988956 210.745567521 210.096278333 209.482290251 208.904439581 208.363236052 207.858872138 207.391235587 206.959925024 206.564268397
206.203344072 205.876004297 205.580900762 205.316511942 205.081171895 204.873100183 204.690432536 204.531251921 204.39361963 204.275606018
204.175320538 204.090940715 204.020739699 203.963112103 203.916597786 203.879903328 203.851920927 203.831744502 203.81868281 203.812269416
