328.991276243 328.587764797 327.784817053 326.590531487 325.016926986 323.079790264 320.798475734 318.195660602 315.297058599 312.131096301
308.728556512 305.122193638 301.346326329 297.436413002 293.428616022 289.359360493 285.26489364 281.180850714 277.141833244 273.181005228
269.329712605 265.617130928 262.069945795 258.712070031 255.56440112 252.644621748 249.967045711 247.542510753 245.378319248 243.478226924
241.842479159 240.467893694 239.347987958 238.473148604 237.83084023 237.40584978 237.180562624 237.135265905 237.248474418 237.497274016
237.857677341 238.304986589 238.81415797 239.360162596 239.918338653 240.464729909 240.976405914 241.431759567 241.810778159 242.095284435
242.269144743 242.318441897 242.231610911 241.999536413 241.615611121 241.075755371 240.37839831 239.52442192 238.517069623 237.361821716
236.066240369 234.639787362 233.093618086 231.440355657 229.693849232 227.868920803 225.981104826 224.046385095 222.080933228 220.100853012
218.121934689 216.159423011 214.227802606 212.34060381 210.510231768 208.747821098 207.063117988 205.464391067 203.958371873 202.550225219
201.243549244 200.040404386 198.941370068 197.945627367 197.051065546 196.254409891 195.551368001 194.93679133 194.4048486 193.949207479
193.563220871 193.240114052 192.973168974 192.75590211 192.582232368 192.446635848 192.344284427 192.271165548 192.224180906 192.201222145
296.188045034 296.415433362 296.849242878 297.44834099 298.153005561 298.887220929 299.561615212 300.076937839 300.327957462 300.207645549
299.611500578 298.441862245 296.612064549 294.050281179 290.702926049 286.537485922 281.544680253 275.739865229 269.163623634 261.881508926
253.982939876 245.579270335 236.801086316 227.794808624 218.718702922 209.73841958 201.02220228 192.735916475 185.038056164 178.074889642
171.97590191 166.849683312 162.780400951 159.824971958 158.011036197 157.335801283 157.765805545 159.237615696 161.65944641 164.913659621
168.860073237 173.339982815 178.18077662 183.201004975 188.215749644 193.04212865 197.504766692 201.441061558 204.706082378 207.176946365
208.756536259 209.376440762 208.999024032 207.618557186 205.261373806 201.985041798 197.876574629 193.04973501 187.641512546 181.807882844
175.718978201 169.553818637 163.49476599 157.721872723 152.407300608 147.709982528 143.770693233 140.707682336 138.613005417 137.549667436
