362.1993772 361.330246113 359.597867752 357.014034404 353.596493407 349.369010271 344.361440501 338.609800114 332.156323008 325.049491967
317.344029132 309.100831437 300.386836602 291.274806082 281.843012584 272.174821654 262.358159115 252.484858929 242.649889203 232.950457481
223.485000135 214.352064403 205.649095376 197.471143884 189.909514647 183.050377186 176.973364637 171.750187838 167.443293599 164.104597021
161.77431796 160.479951201 160.235398649 161.040289828 162.879514229 165.722985619 169.525654365 174.227779226 179.755465033 186.021467221
192.926258631 200.359348187 208.200835418 216.323179229 224.593154113 232.873962162 241.02746503 248.916496352 256.407212347 263.371436314
269.688951661 275.24969799 279.955825591 283.723565568 286.484875545 288.188824659 288.802686046 288.312710367 286.724559866 284.063388974
280.373564371 275.718024599 270.177286586 263.848113689 256.841866838 249.28256709 241.304703976 233.050829583 224.668982993 216.309993577
208.124714491 200.261239549 192.862157394 186.061896501 179.984213056 174.739871185 170.424561391 167.117098468 164.877934719 163.748018109
225.432497187 225.128557457 224.524773447 223.629442269 222.455263479 221.019611813 219.344849659 217.458639262 215.39420935 213.190528254
210.89233598 208.549991125 206.219094902 203.959863693 201.836232979 199.914688806 198.262837452 196.947738944 196.034044898 195.581994908
195.645337798 196.269253749 197.488359991 199.32488606 201.78710416 204.868095786 208.544927607 212.778297667 217.512697822 222.677120411
228.186317108 233.942596612 239.83812608 245.757679904 251.581759573 257.189990702 262.46468879 267.294474477 271.577812627 275.226347857
278.167912294 280.349089516 281.737231431 282.321842047 282.115263 281.152619603 279.491012216 277.207964871 274.39917035 271.175597179
267.660048222 263.983281895 260.279824373 256.683614075 253.323627401 250.319637008 247.778250535 245.789368865 244.423188906 243.72785711
301.563317849 300.571720957 298.602444601 295.683130581 291.854760971 287.171086971 281.69787679 275.511990623 268.700292899 261.358414047
253.589376093 245.502098495 237.209802613 228.828335178 220.474432912 212.263952144 204.310088675 196.721614327 189.60115746 183.0435552
177.134305176 171.948144131 167.547779837 163.982801274 161.288790031 159.486653297 158.582195725 158.565943834 159.413232517 161.084558775
163.526202933 166.671112586 170.440039271 174.742912673 179.480432 184.54584924 189.826914397 195.207948688 200.572008069 205.803096607
210.788387079 215.42040492 219.599131316 223.233981842 226.245618662 228.567556836 230.147528859 230.94857588 230.949839316 230.147032465
228.55257824 226.195406093 223.120408444 219.387564326 215.070745265 210.256225556 205.040925811 199.530424846 193.836780411 188.076203925
182.366637959 176.825287847 171.566160181 166.697661214 162.320307192 158.524596514 155.389090243 152.97874313 151.343521889 150.517341242
