364.364186177 363.461707885 361.665806416 358.99449623 355.47456064 351.141268629 346.038002039 340.215797145 333.732805545 326.653680181
319.048893083 310.993992199 302.568805285 293.856599434 284.94320527 275.91611522 266.863565546 257.873612002 249.033209013 240.427302258
232.13794437 224.24344321 216.817551819 209.928708678 203.639336376 198.005206125 193.074874855 188.889200833 185.480942869 182.874447303
181.085425972 180.12082739 179.978802364 180.648764217 182.11154281 184.339630486 187.297517108 190.942110385 195.223236741 200.084217148
205.462511525 211.29042454 217.495865061 224.003150851 230.733849691 237.607647694 244.543235295 251.459201245 258.274924834 264.911456636
271.292378182 277.344631229 282.999307631 288.19239128 292.865444085 296.966228632 300.449260834 303.276286664 305.416677926 306.847742885
307.554948532 307.532052239 306.781141532 305.312581753 303.144872366 300.304413676 296.82518671 292.748349958 288.121757578 282.999404529
277.440804895 271.510310376 265.276376585 258.810785347 252.187831669 245.483484432 238.774530125 232.137709128 225.648854103 219.382040044
213.408755359 207.797103153 202.61104151 197.909671136 193.7465782 190.16923959 187.218497092 184.928106245 183.324364787 182.425824726
182.243091133 182.778709801 184.027144922 185.974846943 188.600409761 191.874815417 195.761763516 200.218081611 205.194211953 210.634769117
216.479162265 222.662275085 229.115195799 235.7659891 242.540501416 249.363190511 256.157970204 262.849060797 269.361835751 275.623655195
281.564677016 287.118636494 292.223585843 296.822585435 300.864339034 304.303765978 307.102503977 309.229336926 310.660543004 311.380159174
160.774175514 162.692927169 166.462042351 171.947599559 178.955715594 187.240565839 196.514468634 206.459553437 216.740462074 227.017490828
236.959570477 246.256501608 254.629912341 261.842481591 267.705068791 272.081504771 274.890921832 276.107626918 275.75864345 273.91915811
270.70620305 266.270976908 260.790256298 254.457371325 247.473213812 240.037716757 232.342190631 224.562830636 216.855623818 209.352791563
202.160807528 195.359939022 189.005176926 183.128349773 177.741165369 172.838890602 168.40436795 164.412075271 160.831962193 157.632839011
154.785148635 152.263014601 150.045523482 148.117263654 146.468199541 145.093007565 143.990033691 143.16005098 142.6049978 142.326863924
