213.520874252 213.706165194 214.075303179 214.625411002 215.352199259 216.249997823 217.311797453 218.52930125 219.892985585 221.392170058
223.015095997 224.749012921 226.580272365 228.494428369 230.476343937 232.510302677 234.580124838 236.669286906 238.761043888 240.838553422
242.885000807 244.883724062 246.818338099 248.672857129 250.431814413 252.080378484 253.60446501 254.990843479 256.227237939 257.302421048
258.206300766 258.929999032 259.46592187 259.807820391 259.950842244 259.891573134 259.628068082 259.159872191 258.488030751 257.615088584
256.54507862 255.283499753 253.837284133 252.214754078 250.425568918 248.480662118 246.392169095 244.173346246 241.83848173 239.402798611
236.882351057 234.293914297 231.654869104 228.983081617 226.296779345 223.614424207 220.954583513 218.33579979 215.776460363 213.294667619
210.908110866 208.633940695 206.488646734 204.487939661 202.646638321 200.978562747 199.496433844 198.211780473 197.134854577 196.274554989
195.638360449 195.232272344 195.060767565 195.126761857 195.431583928 195.974960514 196.755012542 197.768262433 199.009652503 200.472574388
202.148909267 204.029078663 206.102105464 208.355684763 210.77626405 213.349132202 216.058516687 218.887688296 221.819072711 224.834368136
227.914668182 231.040589167 234.192400953 237.35016042 240.493846654 243.603496914 246.659342435 249.641943141 252.532320305 255.312086271
257.963570295 260.469939675 262.815315281 264.984880712 266.964984302 268.743233261 270.308579299 271.651395121 272.763541266 273.638422802
274.271035494 274.658001094 274.79759152 274.689741723 274.336051168 273.739773879 272.905797136 271.840608937 270.552254453 269.050281768
267.345677258 265.450791057 263.379253123 261.145880451 258.766576096 256.25822068 253.638557125 250.926069416 248.139856208 245.299500164
242.424933903 239.536303501 236.653830465 233.797673142 230.987788518 228.243795352 225.584839592 223.029463009 220.595475942 218.299835038
216.158526833 214.186457981 212.397352868 210.803659353 209.416463251 208.245412177 207.298649254 206.582757164 206.102712913 205.861853629
