217.539721861 217.896361149 218.600296337 219.633058946 220.967486821 222.568358433 224.39321504 226.393351212 228.51495028 230.700337822
232.88932358 235.020600085 237.033165048 238.867734012 240.46811009 241.782478708 242.76459713 243.374851111 243.581154289 243.359669714
242.695337228 241.582195095 240.023489203 238.031568269 235.627568596 232.840896904 229.708524607 226.274111291 222.586979205 218.700964013
214.673169904 210.562659311 206.429108886 202.331464042 198.326624184 194.468189874 190.805301443 187.381596212 184.234308417 181.393532329
178.881664961 176.713040277 174.893762076 173.421737797 172.286910621 171.471682322 170.951514774 170.695693631 170.668233878 170.828903546
171.134339133 171.539224202 171.997501207 172.46358602 172.893554721 173.246273136 173.484441214 173.575526625 173.49256495 173.214807245
172.728199795 172.025685128 171.107317979 169.980194571 168.658198348 167.161569903 165.516313315 163.753455156 161.908176176 160.018838774
158.12593599 156.270989627 154.495426331 152.839460954 151.341016206 150.03470666 148.950913392 148.11497322 147.546503456 147.25887963
330.278735934 329.873647713 329.065969068 327.860679005 326.265204667 324.289371916 321.945339836 319.247519492 316.212477353 312.85882389
309.207087936 305.279577493 301.100227736 296.694437077 292.088892223 287.311383244 282.390609777 277.355979532 272.237400392 267.065067431
261.869246273 256.680054275 251.527241055 246.439969953 241.446602051 236.574484393 231.849744084 227.297089924 222.939623252 218.798659631
214.893562977 211.241593671 207.85777214 204.754759281 201.942755024 199.429416192 197.219794694 195.316296928 193.718665114 192.423981094
191.426692956 190.718664629 190.289248392 190.125380039 190.211696205 190.530673142 191.06278604 191.786687712 192.679405328 193.716553608
194.872562735 196.120919049 197.434416423 198.785416077 200.146112449 201.488802648 202.78615693 204.011487564 205.139013463 206.144117904
207.003596737 207.695894498 208.201325951 208.502280681 208.583408512 208.431783687 208.037045927 207.391516731 206.490289488 205.33129224
203.915322222 202.246051566 200.330003881 198.176501701 195.797585134 193.207902318 190.424572629 187.467023869 184.356804954 181.1173759
177.773877164 174.352880637 170.88212479 167.39023668 163.906443666 160.460277831 157.08127619 153.798679823 150.64113513 147.636400352
144.811060506 142.190253767 139.797412234 137.654019883 135.779390297 134.190466593 132.901645707 131.924628945 131.268300419 130.938634704
