288.926196758 288.331810204 287.149857512 285.393896655 283.084058474 280.246802223 276.914594389 273.125514789 268.922794868 264.354293934
259.471919864 254.331001485 248.989620435 243.507910809 237.947335283 232.36994668 226.837644144 221.411433094 216.150698099 211.112497639
206.350889389 201.916294314 197.854907312 194.208161579 191.012253145 188.297731297 186.089159725 184.404852362 183.256686905 182.649998065
182.583551529 183.049598658 184.034010887 185.516491803 187.470863936 189.865426318 192.663378021 195.823302076 199.2997034 203.043593742
207.003116065 211.124200327 215.351242259 219.627796486 223.897275188 228.103643473 232.192102727 236.109753372 239.806228818 243.234292737
246.350392365 249.115161083 251.493864242 253.456782954 254.979531371 256.043303904 256.635049689 256.747572616 256.379556174 255.535513351
254.225662802 252.46573342 250.276700406 247.684456757 244.719424944 241.416114289 237.812630216 233.950142166 229.87231746 225.624728767
221.25424319 216.808401131 212.334793199 207.880443415 203.491206802 199.211189257 195.082197223 191.143224246 187.429981002 183.974474712
180.804643227 177.944048248 175.411631389 173.221535871 171.382995797 169.900293981 168.772788429 167.995006602 167.55680571 167.443596378
167.636626196 168.113318853 168.847663838 169.810650994 170.970743665 172.294383623 173.746520603 175.291158917 176.891913459 178.512567245
180.117622703 181.672838987 183.145747807 184.506140607 185.726520304 186.782511314 187.653222174 188.321555742 188.774462664 189.003134611
209.719151812 210.477125299 211.967919682 214.142050023 216.927312866 220.231141163 223.943623765 227.941091243 232.090151437 236.252043418
240.287168152 244.059648344 247.441768901 250.31815323 252.58953908 254.176030539 255.019719725 255.086592087 254.367652436 252.879234076
250.662479925 247.782011366 244.323827042 240.392498813 236.107755084 231.600561712 227.008827212 222.47287141 218.1308046 214.113967482
210.542580473 207.521744519 205.137924454 203.456030633 202.517195448 202.337319124 202.906434463 204.188913881 206.124514948 208.63023354
211.602907597 214.922490131 218.455888313 222.061247001 225.5925404 228.904325257 231.856503413 234.318940772 236.175793939 237.329404708
237.703636048 237.246540727 235.932274756 233.76219172 230.765080017 226.996532264 222.537463733 217.49182381 211.983570234 206.152999438
200.15254696 194.142188934 188.284588533 182.74013959 177.662063071 173.191710672 169.454223375 166.554681811 164.574869782 163.570753067
314.337912936 314.113692313 312.357855027 307.001155829 296.097922449 278.717035138 255.500547267 228.674479214 201.498548424 177.347684776
158.751262581 146.727207173 140.63485323 138.576789097 138.17973329 137.452998036 135.408412265 132.230693229 128.969409032 126.911212194
273.250252048 261.458818817 240.206548799 213.59689563 186.543805796 163.664338575 148.314473689 142.001063132 144.284464644 153.144333866
165.659905024 178.790514328 190.046118125 197.901452188 201.903280624 202.512948767 200.787156111 198.014977706 195.403640116 193.858550823
