229.448830859 229.475542195 229.528844693 229.608498509 229.714145123 229.845308831 230.001398725 230.181711155 230.385432657 230.611643345
230.859320746 231.127344068 231.41449888 231.71948219 232.040907898 232.377312604 232.727161745 233.088856045 233.460738241 233.84110007
234.228189478 234.620218038 235.015368529 235.411802657 235.807668893 236.20111038 236.590272894 236.973312817 237.348405093 237.713751141
238.067586681 238.408189456 238.733886801 239.043063055 239.334166751 239.605717588 239.856313139 240.08463526 240.289456202 240.469644365
240.6241697 240.752108717 240.852649085 240.925093806 240.968864937 240.983506857 240.968689044 240.92420837 240.84999089 240.746093117
240.612702777 240.450139046 240.258852245 240.039423023 239.792560988 239.519102835 239.220009931 238.896365398 238.549370682 238.180341626
237.790704061 237.381988928 236.955826938 236.513942811 236.058149084 235.590339532 235.112482223 234.626612212 234.134823923 233.639263239
233.14211932 232.645616188 232.152004106 231.663550785 231.182532448 230.711224784 230.25189383 229.806786808 229.378122962 228.968084414
228.578807089 228.212371735 227.870795074 227.556021115 227.269912676 227.014243121 226.79068838 226.60081925 226.44609403 226.327851506
226.247304329 226.205532793 226.203479062 226.241941845 226.321571566 226.442866037 226.606166649 226.811655112 227.059350754 227.349108381
227.680616731 228.053397519 228.466805078 228.920026606 229.412083032 229.941830479 230.507962346 231.109011991 231.743356018 232.409218157
233.104673723 233.827654654 234.575955099 235.347237554 236.139039514 236.948780638 237.773770386 238.611216122 239.458231643 240.311846117
241.169013394 242.026621673 242.881503469 243.730445874 244.570201065 245.397497016 246.209048404 247.001567637 247.771776 248.516414861
249.232256902 249.916117345 250.564865119 251.175433949 251.74483331 252.270159219 252.748604819 253.177470729 253.554175111 253.876263428
254.141417845 254.347466259 254.492390906 254.574336521 254.591618026 254.542727708 254.426341868 254.241326909 253.986744842 253.661858199
253.266134305 252.799248931 252.261089275 251.651756284 250.971566291 250.221051966 249.400962571 248.512263517 247.556135214 246.533971233
245.447375753 244.298160334 243.088339987 241.820128587 240.495933608 239.11835022 237.690154749 236.214297531 234.693895164 233.132222207
231.532702317 229.898898889 228.234505192 226.543334059 224.82930715 223.096443814 221.348849609 219.590704493 217.826250731 216.059780563
214.295623663 212.538134432 210.79167917 209.060623163 207.349317726 205.662087252 204.003216295 202.376936744 200.787415115 199.238740021
197.734909835 196.27982061 194.877254288 193.530867221 192.244179071 191.020562099 189.86323089 188.775232551 187.759437399 186.818530188
185.955001893 185.171142081 184.469031886 183.850537631 183.317305097 182.870754466 182.512075957 182.242226169 182.061925138 181.971654123
