253.182837135 253.562330343 254.306112875 255.384252498 256.753025213 258.356284362 260.12722056 261.990458905 263.864429648 265.663940298
267.302871029 268.696911648 269.76625722 270.438180843 270.649405933 270.348206646 269.496173424 268.069591004 266.060388043 263.476630638
260.34254582 256.69807539 252.597974554 248.110483453 243.315612391 238.303092885 233.170056405 228.018510355 222.952686431 218.076339677
213.490077335 209.288794921 205.559292936 202.378141355 199.809850801 197.90539929 196.701152055 196.218199502 196.462125297 197.423203284
199.077008844 201.385417871 204.297955034 207.753442937 211.681895339 216.0065911 220.646261111 225.517318328 230.536061097 235.620782372
240.693721878 245.68280481 250.52311886 255.158091064 259.540336782 263.632164697 267.405733653 270.842869064 273.934558113 276.680153602
279.086325858 281.165810122 282.936003147 284.41746716 285.632401603 286.603143317 287.350753842 287.893748576 288.247016625 288.420972591
326.365836358 326.551555141 326.837394859 327.061526802 327.003688883 326.409632715 325.01977015 322.599140945 318.965678414 314.01390295
307.7316095 300.2077921 291.63090015 282.277464281 272.492071959 262.66052234 253.178663061 244.419842626 236.704058482 230.271728207
225.264574018 221.715431613 219.547939145 218.586114247 218.572878767 219.195734529 220.117112446 221.006477721 221.571118366 221.582687553
220.896998046 219.465236916 217.335615088 214.645405992 211.604268589 208.470600239 205.523341042 203.032087489 201.22852699 200.28206139
184.633677646 184.734971481 184.938049101 185.243869142 185.653816836 186.169641946 186.793377987 187.527244402 188.373533685 189.334485795
190.412152477 191.608254333 192.924033683 194.360106386 195.916315848 197.591592494 199.383821892 201.289724667 203.304751145 205.422993466
207.63711766 209.938317835 212.316294294 214.759257002 217.253955405 219.785735144 222.33862177 224.895431066 227.437905141 229.946872974
232.402433647 234.784160082 237.071320687 239.243115976 241.278926888 243.158571285 244.862564871 246.372382634 247.670716812 248.741727351
249.571280851 250.147174091 250.459338406 250.500021374 250.263942579 249.748420551 248.953468355 247.881855753 246.539136311 244.93363835
243.076419143 240.981182318 238.664158968 236.143953522 233.44135597 230.579122547 227.581727504 224.475089016 221.286272735 218.043176839
214.774202772 211.507916102 208.272702138 205.096421061 202.006067395 199.027438608 196.184817556 193.500673349 190.995384931 188.68699145
186.590973067 184.720065492 183.084111046 181.689948544 180.541343753 179.638961596 178.980380691 178.560150188 178.369888272 178.398421084
178.631960235 179.054316511 179.647146838 180.390231089 181.261774871 182.23873403 183.297156306 184.412535279 185.560171597 186.715536307
187.854631122 188.954340444 189.992770101 190.949567933 191.806221597 192.546329326 193.155839708 193.623257052 193.93980935 194.09957643
