216.067629096 216.241355257 216.587154562 217.101735423 217.780196454 218.616069323 219.601375326 220.726695215 221.981251668 223.353003737
224.828752453 226.394256712 228.03435846 229.733116113 231.473945104 233.239764346 235.013147391 236.776476989 238.512101748 240.202493564
241.830404472 243.379021594 244.832118857 246.174204179 247.390660874 248.467882043 249.393396802 250.155987256 250.745795186 251.154417533
251.37498981 251.402256726 251.232629361 250.864228363 250.296912765 249.532294115 248.573735747 247.426337138 246.096903436 244.593900333
242.927394623 241.10898086 239.151694693 237.069913522 234.879245263 232.596406087 230.239088101 227.825818035 225.375808043 222.908799849
220.444903466 218.004431823 215.607732623 213.275018821 211.02619911 208.880709803 206.857349502 204.974117931 203.24806027 201.695118284
200.329989519 199.165995733 198.214961695 197.487105386 196.990940559 196.733192505 196.718727773 196.950498501 197.429501856 198.154755018
199.123285953 200.330140163 201.768403414 203.429240352 205.301948767 207.374029155 209.631269094 212.057841821 214.636418306 217.34829199
220.17351524 223.091046505 226.078907047 229.114346047 232.174012813 235.234134753 238.270699744 241.259641454 244.177026181 246.999239738
249.703172896 252.266403944 254.667376889 256.885573895 258.901680579 260.697742829 262.257313891 263.565590533 264.609537168 265.377996932
265.861788793 266.053789883 265.949002359 265.544604207 264.839983562 263.836756185 262.538765934 260.95206816 259.084896094 256.947610444
254.552632532 251.914361448 249.049075806 245.974820825 242.711281559 239.279643231 235.702439698 232.003391198 228.2072326 224.339533448
220.426511185 216.494838953 212.571449459 208.683336386 204.857354885 201.120022663 197.497323205 194.014512631 190.695931687 187.564824299
184.643164107 181.9514903 179.508754029 177.332176579 175.437120391 173.836973942 172.54305136 171.564507553 170.90826952 170.578984352
207.945003018 207.685711364 206.984899095 205.527041091 202.951226123 198.959991509 193.426315267 186.475581236 178.523349628 170.257547186
162.563874583 156.403995063 152.665463142 152.008632586 154.737730185 160.720425348 169.372936646 179.71715618 190.504200249 200.387269782
208.11773213 212.733520974 213.709212036 211.042535342 205.261820896 197.351386892 188.60512002 180.430269263 174.131803673 170.711154254
176.403742925 182.230728461 193.243239307 208.228252225 225.533142494 243.244971503 259.397193759 272.181034609 280.138571984 282.316935218
278.36767256 268.58163613 253.856911586 235.604529537 215.603121762 195.818647003 178.208336752 164.528882211 156.167640909 154.012560517
158.372053527 168.950773252 184.881733391 204.810033631 227.019057553 249.586717875 270.557312286 288.113857085 300.736307453 307.332693442
