358.995453338 358.420390605 357.274852662 355.567973299 353.313350468 350.528924107 347.236815069 343.463126721 339.237711095 334.593901848
329.568216595 324.200031455 318.531230922 312.605836413 306.469617013 300.169686134 293.754087897 287.271377145 280.770197055 274.298858296
267.904923669 261.634802099 255.533355706 249.64352359 244.005965729 238.658730219 233.63694681 228.972549442 224.694030167 220.826226529
217.390144153 214.402815895 211.877198594 209.822108046 208.24219246 207.137944297 206.505749968 206.337976564 206.623094373 207.345833657
208.487373785 210.025562558 211.935163268 214.188126791 216.753885781 219.599667865 222.690824568 225.991172588 229.463343946 233.069141509
236.769896341 240.526823397 244.301372111 248.055568541 251.75234585 255.355860071 258.831788308 262.147606709 265.272845832 268.179321263
270.841337642 273.235864555 275.342683061 277.144501943 278.627043116 279.779095935 280.592540489 281.062340291 281.186505088 280.96602481
280.404775978 279.509402164 278.289170322 276.755805071 274.923303178 272.807730679 270.42700523 267.800666363 264.949636431 261.895975068
258.662630004 255.273187056 251.751622088 248.122057638 244.408526806 240.634746874 236.823904957 232.998457799 229.179947624 225.388835735
221.644355288 217.96438444 214.365340773 210.86209766 207.467922918 204.194439856 201.051610511 198.047740637 195.18950571 192.481996988
189.928786428 187.532009034 185.292461028 183.209712038 181.28222938 179.507512352 177.882234373 176.402390746 175.063449739 173.860504722
172.788425063 171.842003563 171.016098262 170.305766575 169.706389802 169.213786255 168.82431136 168.534943342 168.343353264 168.247958433
