283.412986496 283.460120343 283.533910218 283.594337219 283.583680124 283.429187958 283.046486985 282.343595014 281.225392557 279.598382239
277.375555606 274.481180437 270.855322256 266.457920805 261.272255691 255.307654757 248.601323443 241.219202533 233.25579443 224.832933326
216.09751108 207.218207264 198.381307211 189.785725049 181.637378244 174.143085338 167.504178249 161.910034109 157.53173866 154.516093262
152.980170684 153.00661108 154.639829319 157.883278727 162.697885078 169.00172932 176.671019121 185.542349081 195.416208668 206.061656857
217.222044452 228.621630282 239.97290715 250.984428413 261.36890746 270.851350538 279.176978941 286.118699748 291.483894865 295.120316071
296.92089836 296.827334572 294.832290046 290.980175932 285.366442383 278.13539714 269.47659933 259.619921499 248.829413563 237.396139146
225.630186671 213.852083478 202.383860337 191.540025454 181.618710983 172.893251043 165.60443839 159.953687536 156.097305858 154.142041806
258.497117675 260.06806287 263.120329596 267.479308594 272.894429662 279.052084252 285.591748049 292.124435892 298.252500925 303.589725092
307.78064249 310.518090414 311.558091636 310.731328838 307.950668559 303.214415808 296.605218452 288.28477869 278.484753663 267.49442582
255.64588496 243.297579351 230.817157144 218.564528847 206.876037619 196.050530373 186.337986017 177.931186762 170.960725492 165.493438785
161.534154119 159.030453032 157.879990754 157.939786139 159.036810403 160.979163357 163.567132389 166.603480685 169.902402132 173.296703973
176.642925333 179.824259745 182.751311647 185.36086948 187.613011316 189.486964174 190.976208719 192.083352717 192.815287899 193.179097276
269.455138069 268.591277562 266.877613837 264.342021542 261.025717091 256.982555859 252.278114649 246.98857572 241.199432166 235.004037575
228.502025619 221.797627484 214.997916761 208.211012667 201.544273049 195.102508718 188.986250159 183.290096559 178.101175537 173.497739785
169.547924306 166.308684877 163.824935053 162.128895322 161.239664179 161.163016805 161.891432945 163.404351438 165.668644809 168.639303433
172.260315099 176.465722404 181.18083738 186.323590095 191.805985799 197.535643484 203.417387525 209.354863443 215.252148718 221.015330013
226.554019135 231.78278155 236.622453182 241.001323649 244.856166812 248.133102659 250.788277851 252.788355879 254.110811434 254.744027365
254.687196347 253.95003302 252.552305861 250.52320135 247.900535969 244.729834215 241.063293124 236.958655591 232.478016194 227.686584098
222.651428057 217.440228392 212.120060263 206.7562315 201.411196709 196.143567464 191.007236094 186.050627931 181.316094 176.839453017
172.649688323 168.768802065 165.211825561 161.986981577 159.095991038 156.534513769 154.292710143 152.355908102 150.705357975 149.319055817
148.172614787 147.240163262 146.495248037 145.911721104 145.46458909 145.130805426 144.889986839 144.725037536 144.622666685 144.573787289
