236.6657067 237.008552606 237.630758694 238.415360334 239.210678478 239.855482248 240.207342444 240.170480735 239.719349446 238.914539884
237.908381508 236.938685174 236.310390462 236.366264029 237.449116231 239.859113752 243.810542122 249.392720896 256.539644604 265.012310736
274.396647372 284.118558203 293.475989465 301.686244639 307.9451922 311.493687179 311.685595925 308.051377362 300.351290072 288.612967737
273.149287953 254.554053737 233.674875139 211.564613764 189.414656387 168.474939847 149.966903065 134.996273567 124.472732478 119.04302443
380.425456911 378.851937433 375.627344382 370.612628106 363.637378067 354.54028441 343.21481944 329.654234171 313.989820416 296.516922081
277.704344666 258.184496479 238.723630155 220.173731027 203.409693542 189.257216878 178.418141756 171.40059499 168.46122223 169.565960396
174.374291764 182.249863307 192.297936805 203.427586145 214.434124333 224.095163982 231.272201323 235.008824117 234.616670228 229.741120997
220.400337715 206.993501679 190.27679855 171.308552094 151.367697137 131.852226889 114.166125347 99.6044220674 89.246273466 83.8653507076
229.560964376 229.226137765 228.579048491 227.66376419 226.543781501 225.299026679 224.022061261 222.813657015 221.777931869 221.017257753
220.627161526 220.691440935 221.277708861 222.433561292 224.183538366 226.527014473 229.437114324 232.860708719 236.719498303 240.912147902
245.317389947 249.797974972 254.20531187 258.384612065 262.180331102 265.441689354 268.028050945 269.813946717 270.693542819 270.584380475
269.430243724 267.203048942 263.903691226 259.561826365 254.234611325 248.004468994 240.975982503 233.272059182 225.02953252 216.394391358
207.516837923 198.546379977 189.627156956 180.893686056 172.467192347 164.45265817 156.936692763 149.986284672 143.648458849 137.950819312
132.902918487 128.498357862 124.717492785 121.53058865 118.901257382 116.78999286 115.157622138 113.968496059 113.193257739 112.81104977
