332.014291273 331.893324913 331.649473654 331.278953311 330.776218818 330.134118904 329.344097697 328.396439438 327.280551606 325.985281013
324.499256778 322.811253502 320.910567567 318.787399125 316.433232175 313.841205062 311.006463832 307.926491039 304.601403012 301.034209
297.231026224 293.201245589 288.957643539 284.516436489 279.897275181 275.12317732 270.220397918 265.218237814 260.148791935 255.046639916
249.94848273 244.892729952 239.919043213 235.067842224 230.379780499 225.895198538 221.653562737 217.692898688 214.04922778 210.756016099
207.843644631 205.338909529 203.264560934 201.638888341 200.475359906 199.782322376 199.56276747 199.814169592 200.528398753 201.691711439
203.284821022 205.28304811 207.656549998 210.370627193 213.386103742 216.659776966 220.144931064 223.791908036 227.548728425 231.361753509
235.176379911 238.937756933 242.591516539 246.084505558 249.365509584 252.385958002 255.100599819 257.468140239 259.451828449 261.019987702
262.146479553 262.81109501 262.999866354 262.70529453 261.926488176 260.669211643 258.945840657 256.77522561 254.182463844 251.198583572
247.860143441 244.20875295 240.290520128 236.15543397 231.85669011 227.44996906 222.992677095 218.543160418 214.159903694 209.90072428
205.821973598 201.97775702 198.419183397 195.193654959 192.344207776 189.908912222 187.920342072 186.405119862 185.383545055 184.86931037
298.864676438 294.922519563 289.168297444 284.790845869 284.362663361 288.305002891 294.206537071 297.378320308 292.52422154 275.928701119
247.306166127 210.529566529 172.844410973 142.738101773 127.161208792 129.082881463 146.289589349 171.920722553 196.622120863 211.612202366
