221.770814157 221.425465064 220.743481339 219.742108502 218.446760038 216.890481938 215.113255706 213.161153896 211.085365237 208.941109001
206.786460522 204.681111519 202.685090206 200.857466929 199.255071377 197.931247145 196.934668668 196.308244297 196.088127546 196.302856395
196.972637981 198.108793151 199.713372187 201.778949684 204.28860306 207.216075622 210.526121564 214.175026781 218.111296042 222.276493935
226.6062241 231.031228713 235.478587981 239.872997588 244.138100667 248.197849928 251.977875109 255.406830898 258.41770093 260.949034335
262.946092646 264.361886541 265.158083956 265.305773481 264.786069543 263.590548731 261.721509621 259.192051542 256.025970876 252.257476642
247.93073017 243.099216659 237.824959227 232.17758864 226.2332843 220.073604136 213.784222804 207.453599057 201.17159422 195.028064417
189.111449557 183.507382036 178.297337753 173.557351238 169.356815637 165.757386852 162.81200944 160.564079855 159.046760441 158.282455117
239.474244679 238.950089059 237.94045103 236.520551126 234.798009017 232.906875389 231.000135696 229.241053536 227.793780227 226.813696275
226.437967712 226.776795091 227.905805182 229.859986404 232.629500796 236.15762091 240.340943153 245.03192413 250.043678147 255.156867221
260.128414425 264.701681962 268.617680984 271.626824511 273.500700462 274.043330519 273.101393194 270.572925557 266.414076422 260.643561909
253.34456904 244.66396032 234.808747571 224.039921592 212.663840418 201.021487894 189.476011224 178.399026636 168.156242873 159.092989802
151.520252458 145.701798321 141.842947951 140.081477689 140.481060378 143.027549261 147.628295704 154.114567698 162.247008619 171.723949704
182.192270523 193.260394484 204.512915621 215.526282574 225.884918782 235.197136503 243.110207461 249.323984433 253.6025248 255.783246579
