250.687092623 250.673610518 250.646383444 250.604889708 250.548356833 250.475773482 250.385905163 250.277313501 250.148378868 249.997326099
249.822253002 249.621161308 249.391989721 249.132648646 248.841056209 248.515175113 248.1530499 247.752844155 247.3128772 246.831659812
246.307928528 245.740678077 245.129191541 244.473067805 243.772245958 243.027026259 242.23808737 241.406499576 240.533733737 239.621665795
238.672576661 237.689147402 236.674449649 235.631931242 234.565397136 233.478985685 232.377140439 231.26457765 230.146249743 229.027305025
227.913043983 226.808872543 225.720252698 224.652650954 223.611485079 222.602069651 221.629560928 220.698901593 219.814765903 218.981505821
218.203098675 217.483096894 216.824580379 216.230112007 215.701696796 215.240745197 214.848040952 214.52371395 214.267218421 214.077316813
213.952069627 213.888831422 213.884253174 213.934291098 214.034221993 214.178665096 214.361610398 214.576453282 214.816035314 215.072690928
215.338299722 215.604343994 215.861971124 216.102060329 216.315293296 216.492228154 216.623376175 216.699280624 216.710597079 216.648174578
216.503136904 216.26696331 215.931567991 215.489377611 214.933406188 214.257326677 213.45553858 212.523230975 211.456440359 210.252102739
208.908099483 207.423296427 205.797575856 204.031860982 202.128132618 200.089437823 197.919890339 195.62466271 193.209970067 190.683045588
188.052107756 185.326319583 182.51574004 179.631267997 176.684579056 173.688055709 170.654711305 167.598108386 164.532271984 161.471598522
158.430761005 155.424611217 152.468079677 149.576074112 146.763377249 144.044544705 141.433803785 138.944953981 136.591269953 134.385407757
132.339315075 130.464146151 128.770182109 127.266757305 125.962192285 124.863733891 123.977503007 123.308450349 122.860320662 122.635625618
