309.027626605 309.057219624 309.114549396 309.195935423 309.295936578 309.40744531 309.521811073 309.628991121 309.717726418 309.77574005
309.789955142 309.746729024 309.6321001 309.4320437 309.132733016 308.720801135 308.183600149 307.509453316 306.687896349 305.709904005
304.568098354 303.256935341 301.772866524 300.114473222 298.282570673 296.280280188 294.113067783 291.788748161 289.317453461 286.711566661
283.985620016 281.156159425 278.241576115 275.261907486 272.238609439 269.194302925 266.15249784 263.13729776 260.173089316 257.28422024
254.494670383 251.827720084 249.305620425 246.949269897 244.777902002 242.808788207 241.056960545 239.534957908 238.252599858 237.216791443
236.431362133 235.896941595 235.610874565 235.567176599 235.756531957 236.166334351 236.780770743 237.580947801 238.545060081 239.648598465
240.864596796 242.163914208 243.515550107 244.886988312 246.244566502 247.55386666 248.780121997 249.888635472 250.845204912 251.61654955
252.170732735 252.477575561 252.509056231 252.239690087 251.646885412 250.711270402 249.416986966 247.751947432 245.708050611 243.281354179
240.472200805 237.285296035 233.72973649 229.818987531 225.570810163 221.00713756 216.153902186 211.04081514 205.701099878 200.17118308
194.490345938 188.700339645 182.844969316 176.969650964 171.12094652 165.346082162 159.692455435 154.207136822 148.936371505 143.925087066
139.216412852 134.851216594 130.867663677 127.30080423 124.182192856 121.539545479 119.396437328 117.772045621 116.680939973 116.132923
212.885892003 219.862994242 225.087806532 219.780561131 202.90533024 180.43631797 158.783137653 140.69238953 126.888319597 118.982236103
