186.584749517 186.962305026 187.713071296 188.828408686 190.295481827 192.097406948 194.21344573 196.619243473 199.287108895 202.186332403
205.283539227 208.543073438 211.927408481 215.3975796 218.913633237 222.435088315 225.921404175 229.332449844 232.628969308 235.773037479
238.728501676 241.461403557 243.940376688 246.137015182 248.026209167 249.586443198 250.800054164 251.653445659 252.137256297 252.246479941
251.98053638 251.34329151 250.343026676 248.992357361 247.30810202 245.311102382 243.025997119 240.480951282 237.707344429 234.739420825
231.613905537 228.369590621 225.046895978 221.687409707 218.333413067 215.027395317 211.811563849 208.727355092 205.814951658 203.11281119
200.657212201 198.481822076 196.617292136 195.09088441 193.926134411 193.142553814 192.75537654 192.775351245 193.208582737 194.05642429
195.315422295 196.977314089 199.029079241 201.453043975 204.227037828 207.324601066 210.715240817 214.364733338 218.235469311 222.286838614
226.475650504 230.756584831 235.082669472 239.405778923 243.677148711 247.847900109 251.869569512 255.694636738 259.27704654 262.572717653
265.540033815 268.140311391 270.338238445 272.102280426 273.405047936 274.223622504 274.53983666 274.340505147 273.617604582 272.368399449
270.595512865 268.306941156 265.516011864 262.241285454 258.50640152 254.339870978 249.774816229 244.848661888 239.602779206 234.08208778
228.334618648 222.411043272 216.364173262 210.248436067 204.119332066 198.032878736 192.045047723 186.21120069 180.58552989 175.220509319
170.166362243 165.470550692 161.177292308 157.327109644 153.956416669 151.097146847 148.776426717 147.016298428 145.833494161 145.239264821
231.871764232 232.920470543 234.966212607 237.908072719 241.600622044 245.860752635 250.476292714 255.216010459 259.840547216 264.113777385
267.814071263 270.744939677 272.744565493 273.693775637 273.522076286 272.211460065 269.797793883 266.369704816 262.064994538 257.064725059
251.585225013 245.868361671 240.170504821 234.750671187 229.858379015 225.721760191 222.536470615 220.455908935 219.583200134 219.965326363
221.589695711 224.383334508 228.214774557 232.898588609 238.202410337 243.856164409 249.563132686 255.012398588 259.89214708 263.903255268
266.772590506 268.265439806 268.19652634 266.439124445 262.931861635 257.682891412 250.771230115 242.345170052 232.617804581 221.859823397
210.389852761 198.562720764 186.756117384 175.35618919 164.742656019 155.274059711 147.27375196 141.017199706 136.721133242 134.534986801
156.111321711 158.859353283 164.204022291 171.851270017 181.381310034 192.272759836 203.932526212 215.729662824 227.031186635 237.237730555
245.816929468 252.332584019 256.467911797 258.041562237 257.015516739 253.494491642 247.716978 240.038556864 230.908590901 220.841784567
210.386401808 200.091114832 190.472518969 181.98528416 174.996727889 169.767299812 166.438084053 165.025975546 165.426700636 167.425359878
170.713703592 174.912937318 179.600520527 184.339188203 188.706305271 192.321665107 194.871964667 196.130421508 195.97032691 194.371732597
191.420920391 187.302775148 182.286641443 176.706664229 170.937966401 165.370279415 160.380800368 156.30809038 153.428752466 151.938437581
