363.36494077 362.550613355 360.921144564 358.475575652 355.214098666 351.139895057 346.261397622 340.594825895 334.166822614 327.017005417
319.200244111 310.7884802 301.87192159 292.559470932 282.978279818 273.272361529 263.600240393 254.131664001 245.043453203 236.514611767
228.720860426 221.828796724 215.989910682 211.334705288 207.967179067 205.959924793 205.350083675 206.136368361 208.277331808 211.691013723
216.256043751 221.814222937 228.174544625 235.118555443 242.406898942 249.786831416 257.00045366 263.793366237 269.92343072 275.169306797
279.338435745 282.27415486 283.861654554 284.032529211 282.767722931 280.098730262 276.106977504 270.92137962 264.71413845 257.694916862
250.103587971 242.201815826 234.263771743 226.566326659 219.379082962 212.954618226 207.519307631 203.265071797 200.342362973 198.854656329
277.834246874 277.607053875 277.158852318 276.501865012 275.654064138 274.638745555 273.483975576 272.221922171 270.888085045 269.520441274
268.15852506 266.842461651 265.611976561 264.505401856 263.558701477 262.80453729 262.271396837 261.982802611 261.956621091 262.204487801
262.731362372 263.535224927 264.606922284 265.930169377 267.48170811 269.231622605 271.143806526 273.176574943 275.283410164 277.413828025
279.514348537 281.529552416 283.403203088 285.079412134 286.503825009 287.624803169 288.394578513 288.770356279 288.715343301 288.199679705
287.201253767 285.706381737 283.710336854 281.217714567 278.242624024 274.808699173 270.948926281 266.705288169 262.128229089 257.275947623
252.21352845 247.011927016 241.746824167 236.497370459 231.344842224 226.371233369 221.65780839 217.283643093 213.324180026 209.849825626
206.924615592 204.604973963 202.938589896 201.963434155 201.706934938 202.185329865 203.403207867 205.353251278 208.01618485 211.360934636
215.344995858 219.915005023 225.007507771 230.549910329 236.461598961 242.655208695 249.038019751 255.513457655 261.98267103 268.34615951
274.505423183 280.364604481 285.832093441 290.822067829 295.255940698 299.063689561 302.185043404 304.570506283 306.182199177 306.994504966
137.008474071 141.356023812 149.56704139 160.740788231 173.684427019 187.075780901 199.639757058 210.312203741 218.367420732 223.491692698
225.794016365 225.755178215 224.125868806 221.792054917 219.630191128 218.37540786 218.522579973 220.273808731 223.537502629 227.975387166
233.085927867 238.307121359 243.119270872 247.129515245 250.124207908 252.081878279 253.147197671 253.573699555 253.648646348 253.616394927
