303.127135642 302.935280157 302.55402794 301.988261116 301.245214861 300.334373052 299.267331232 298.057628638 296.720551482 295.272910022
293.732792343 292.119298062 290.452255501 288.751926058 287.038699783 285.332786259 283.653905034 282.020979912 280.451841377 278.96294144
277.569085012 276.283181834 275.116022714 274.076083582 273.169360564 272.399238888 271.766398033 271.268755086 270.901447767 270.656858075
270.524676952 270.492009816 270.543522218 270.661624332 270.826692373 271.017324545 271.210628509 271.382536919 271.50814708 271.562080351
271.518856564 271.353278429 271.040820616 270.558018083 269.882848082 268.995100291 267.876729553 266.512185891 264.888716645 262.996635945
260.829557066 258.3845837 255.662456705 252.667653465 249.408437644 245.896857795 242.148694013 238.183352541 234.023709023 229.695901816
225.229077551 220.65509184 216.008168697 211.324522933 206.641950303 201.999390774 197.436470684 192.993029932 188.708640641 184.622123885
180.771071171 177.191377347 173.916791489 170.978492103 168.404692654 166.220283051 164.44651219 163.10071612 162.196095719 161.741547084
226.857416622 227.000483705 227.280935877 227.68754416 228.203799743 228.808307556 229.475297865 230.175244942 230.875579556 231.54147999
232.136724567 232.624587283 232.968757143 233.134261218 233.088371218 232.801473619 232.247884037 231.406587558 230.261888169 228.803952231
227.029232996 224.940765581 222.548324404 219.868437871 216.92425803 213.745285865 210.366955906 206.830086747 203.180206895 199.466767998
195.742259959 192.061244553 188.479326026 185.052078622 181.833952055 178.87717666 176.230690152 173.939107779 172.041757019 170.571796915
169.55544072 169.011298648 168.94985541 169.373094663 170.274279816 171.637897652 173.439768138 175.647320603 178.220033247 181.110029753
184.262823683 187.618198411 191.111207618 194.67327892 198.233401077 201.719373424 205.059094829 208.181868471 211.019698283 213.508552787
215.589572516 217.210198034 218.325196893 218.897569597 218.89931673 218.312051884 217.127447784 215.347506022 212.984644034 210.061596292
206.611130119 202.675579971 198.306207394 193.562397141 188.510702991 183.223759664 177.779079762 172.257756852 166.743097641 161.319207569
156.069555083 151.075540359 146.415094195 142.161332367 138.381289752 135.134757141 132.473241846 130.439070945 129.06465349 128.371915077
