222.418038369 223.510062138 225.605150493 228.531952326 232.049408043 235.864676827 239.655071651 243.092483979 245.868598708 247.719131352
248.44536889 247.93146035 246.156173034 243.198188193 239.23443317 234.531408328 229.429936662 224.32421129 219.636411753 215.788477957
213.172849332 212.124081148 212.893231882 215.626774927 220.351532372 226.966772926 235.244182037 244.835926229 255.290526099 266.075754826
276.607323132 286.281726304 294.511339202 300.75967022 304.574637082 305.617810485 303.687782133 298.736139876 290.874955524 280.375185263
267.655918826 253.264959182 237.851736206 222.134023699 206.860310519 192.769949741 180.553357646 170.814547303 164.038158286 160.562891546
192.527176491 194.250643983 197.656446455 202.662867661 209.148744916 216.955267787 225.88853188 235.722945345 246.205570334 257.06144643
267.999890142 278.721697926 288.927105694 298.32428266 306.638068995 313.618612774 319.049528158 322.755188616 324.606788559 324.526854218
322.491957297 318.533478048 312.736371002 305.2359985 296.213205424 285.887904632 274.511518752 262.358674366 249.718565439 236.886393184
224.155250855 211.808758668 200.114672266 189.319595907 179.644837499 171.283355344 164.397673853 159.118593627 155.544494414 153.741028754
331.518901622 330.968957818 329.89170634 328.331578106 326.353146594 324.038724523 321.485296296 318.800896907 316.100567687 313.502034126
311.121260449 309.068039379 307.441773453 306.327596534 305.792971056 305.884878656 306.627699907 308.021853646 310.043239034 312.643494891
315.751062184 319.273007915 323.097542937 327.097143539 331.132167579 335.05484128 338.713482936 341.956824903 344.638295552 346.620128024
347.777172458 348.000302217 347.199321967 345.305305396 342.272312072 338.078455572 332.726317531 326.242723968 318.677920114 310.104197548
300.614041876 290.317880328 279.341515988 267.823338961 255.911404693 243.760465985 231.529038594 219.376570955 207.460777239 195.935180304
184.946897757 174.634691046 165.127284935 156.541953363 148.983358204 142.542620026 137.296595075 133.307330241 130.621667909 129.270974998
