376.32352492 375.36518731 373.457783005 370.619751807 366.878499543 362.270096777 356.83888265 350.636978513 343.72371711 336.164994003
328.032548896 319.40318529 310.357937622 300.981195634 291.359796208 281.582093244 271.737016375 261.913129438 252.197699522 242.675787313
233.429369092 224.536500343 216.070530401 208.099376865 200.684867774 193.882158692 187.739230871 182.296475694 177.586369505 173.633241825
170.45313881 168.053782658 166.434626475 165.587003008 165.494364489 166.132609772 167.470493918 169.470114413 172.087467321 175.2730659
178.97261348 183.127721855 187.676665929 192.555165023 197.697181018 203.03572339 208.503651218 214.03446239 219.563060498 225.026490286
230.364633023 235.520853769 240.442593196 245.081897404 249.395880061 253.34711208 256.903935068 260.040695764 262.737899757 264.982283806
266.766807171 268.090563376 268.958614856 269.381753906 269.376194271 268.963198571 268.168647516 267.022557594 265.558554456 263.813309787
261.825949773 259.637443605 257.289980586 254.826344478 252.289293651 249.720955401 247.162242524 244.65229984 242.227987833 239.923410012
237.769489902 235.793602825 234.019266827 232.465896221 231.148620323 230.078169006 229.260825766 228.698448018 228.388553406 228.32446999
228.495547301 228.887424385 229.482350222 230.259551173 231.195639475 232.265056282 233.440542294 234.693628655 235.99514058 237.315706015
238.626261635 239.898548525 241.105590117 242.222145245 243.22512954 244.093998927 244.811089528 245.361908936 245.735374564 245.923995554
221.156682903 221.846655993 223.208862265 225.208240868 227.793237953 230.897023827 234.439070306 238.32705065 242.4590168 246.725802078
251.013592154 255.206603168 259.189803394 262.851613909 266.086524321 268.797561775 270.898555066 272.316140708 272.991464111 272.881536411
271.960215829 270.218791518 267.666157428 264.32857357 260.24902196 255.486174203 250.112996943 244.21502998 237.888379599 231.237476303
224.372651627 217.407592797 210.456736708 203.632665841 197.043568416 190.790823205 184.966766119 179.652690978 174.91713093 170.814459903
167.383845508 164.648576064 162.615775169 161.276507732 160.606271764 160.565860838 161.102573145 162.151734675 163.638496571 165.479860163
167.586877881 169.866974192 172.226328102 174.572257583 176.815546573 178.872657033 180.66777168 182.134617623 183.218026845 183.875196331
184.076618375 183.806660049 183.063779742 181.860377899 180.222288315 178.187925419 175.807111589 173.139616575 170.25344824 167.22294003
164.12668556 161.04537443 158.059585711 155.24759648 152.683262199 150.434023791 148.559092862 147.107861883 146.118580286 145.617330535
