224.560450505 224.926591399 225.655157389 226.738751358 228.166363516 229.923473571 231.992185489 234.351393593 236.976978471 239.842030893
242.917101647 246.170475022 249.568463379 253.075720125 256.65556818 260.270340915 263.881732417 267.451153857 270.940092663 274.310471199
277.525001636 280.547533759 283.343392487 285.879702027 288.125693642 290.052994246 291.635893132 292.851584418 293.680382954 294.105911744
294.115259137 293.69910437 292.851810318 291.571482597 289.859994512 287.722977615 285.169777992 282.213378685 278.870288995 275.160401684
271.106819425 266.735652097 262.07578683 257.158632896 252.017843848 246.689019444 241.20939013 235.617486978 229.952800139 224.255428939
218.565726859 212.923944636 207.369874791 201.942500819 196.679654276 191.61768288 186.791132668 182.232447111 177.971685906 174.036266011
170.45072726 167.236524662 164.411849257 161.991479107 159.986661754 158.405029135 157.250545704 156.523490135 156.220470726 156.334474268
156.854947865 157.767912857 159.056109729 160.699172583 162.673831478 164.95414071 167.511730831 170.316082016 173.334816185 176.534005109
179.878491596 183.332220728 186.858578046 190.420731491 193.981973925 197.506063005 200.957555263 204.302131267 207.50690885 210.540741504
213.374499181 215.981328908 218.336892837 220.419581534 222.210700586 223.694628834 224.858946808 225.694534251 226.195635875 226.35989483
226.188353639 225.685422682 224.858816617 223.719459407 222.281358957 220.561452602 218.579425009 216.357500281 213.920210304 211.294141609
208.507663206 205.590638037 202.574120835 199.490045325 196.370903761 193.249421906 190.158232571 187.12955086 184.194854223 181.384570405
178.727776272 176.251910396 173.982502166 171.942919997 170.154141069 168.634544773 167.399731859 166.46237101 165.832074296 165.515302717
182.811635793 181.875688467 175.550173591 161.589207549 145.281277005 136.879320566 143.40845239 162.864629215 185.587992666 200.421107213
