211.82490377 211.983757335 212.300099831 212.771213815 213.393052585 214.160275259 215.066293078 216.103326546 217.26247292 218.533783475
219.906349894 221.368399037 222.907395299 224.510149669 226.16293458 227.85160355 229.561714611 231.278656468 232.9877763 234.674508123
236.324500604 237.923743236 239.458689776 240.916377904 242.284544043 243.551732359 244.707396993 245.741996622 246.64708053 247.415365417
248.040802269 248.518632682 248.845434131 249.019153748 249.039130297 248.906104106 248.622214827 248.190987005 247.617303526 246.907367121
246.068650209 245.109833452 244.040733504 242.872220504 241.616125985 240.285141926 238.892711756 237.452914207 235.980340953 234.489969038
232.99702915 231.516870828 230.064825713 228.656070001 227.305487235 226.027532601 224.836099866 223.744392105 222.764797303 221.90876992
221.186719433 220.607906833 220.180349993 219.910738748 219.804360456 219.865036728 220.09507193 220.495213954 221.064627678 221.800881406
222.699946509 223.756210348 224.962502478 226.310134007 227.788949885 229.387393795 231.092585208 232.890408059 234.765610425 236.701914463
238.682135812 240.688311561 242.70183581 244.703601814 246.674149594 248.593817906 250.442899361 252.201797504 253.851184617 255.372158998
256.746400465 257.956322864 258.985222338 259.817420181 260.438399106 260.834931829 260.995200903 260.908908814 260.56737742 259.96363589
259.092496388 257.950616834 256.536550193 254.850779807 252.895740435 250.675824736 248.197375082 245.468660655 242.499839945 239.302908837
235.891634618 232.281476318 228.489491942 224.534233204 220.435628525 216.214855104 211.894200996 207.496918173 203.047067652 198.569357815
194.088977107 189.631422345 185.222323914 180.887269133 176.651625127 172.540362498 168.577881143 164.787839488 161.192988458 157.81501139
154.674371127 151.790165415 149.179991716 146.859822441 144.843891552 143.144593383 141.772394457 140.735758948 140.041088371 139.692675937
