301.146905955 300.770770621 300.021822606 298.906673404 297.435156098 295.620225434 293.477826309 291.026732159 288.288355038 285.286529489
282.047272615 278.598523005 274.969861381 271.192216068 267.297556501 263.318578131 259.288382157 255.240153576 251.206840994 247.220841662
243.31369507 239.51578835 235.85607655 232.361820683 229.058346216 225.968824403 223.114078615 220.51241749 218.179496413 216.128208527
214.368606074 212.907852566 211.750205905 210.897032205 210.346849744 210.095402129 210.135759412 210.458445629 211.051590904 211.901106043
212.990877269 214.302978599 215.817899133 217.514782451 219.371675173 221.365781692 223.473722073 225.671790092 227.936208481 230.243378489
232.570121006 234.893906644 237.193072356 239.447022348 241.636411331 243.743308334 245.751339652 247.645809718 249.41379902 251.044238485
252.527960035 253.857723346 255.028219121 256.036049487 256.879686396 257.559409172 258.077222592 258.436757089 258.643152892 258.702930044
258.623846416 258.414745919 258.085399192 257.64633912 257.108693499 256.484017196 255.784126068 255.020934838 254.206301024 253.351876867
252.468971046 251.568421812 250.660482926 249.754723618 248.859943513 247.984103255 247.134271308 246.316587156 245.53624088 244.797468859
244.103565081 243.456907337 242.858997375 242.310513861 241.81137686 241.360822353 240.957485225 240.599489009 240.284540626 240.010028303
239.773120819 239.570866255 239.400288446 239.258479394 239.142686014 239.050389661 238.979377053 238.927801359 238.894232377 238.877694951
244.956615353 245.164759119 245.575603578 246.178379073 246.957219925 247.891504358 248.95629678 250.122883321 251.359389607 252.631468038
253.903040381 255.13708034 256.296419906 257.344562747 258.246487733 258.96942582 259.483594027 259.76287105 259.785400193 259.53410674
258.997118562 258.168080706 257.046356809 255.637112457 253.951277997 252.005390728 249.821318862 247.425872044 244.850305546 242.129727461
239.302420201 236.409089445 233.492055194 230.594400873 227.759097356 225.028119419 222.441572383 220.036846654 217.847817425 215.904106012
214.230418249 212.845973876 211.764039231 210.991573544 210.528997022 210.370086532 210.502002254 210.905446126 211.554950306 212.419291362
213.46202337 214.642120751 215.914719494 217.231943361 218.543799986 219.799130264 220.946593296 221.935668336 222.717654719 223.246650644
223.480491959 223.381632724 222.917950304 222.063459069 220.798918393 219.112322581 216.999262469 214.463150837 211.515306275 208.174892788
204.4687151 200.430872366 196.10227562 191.530036911 186.766740476 181.869608586 176.899576686 171.920294236 166.997069087 162.195774336
157.581737398 153.218631404 149.167389054 145.48515872 142.224321828 139.431589503 137.147194996 135.404196712 134.227904616 133.635440551
