372.738650163 372.150425727 370.978118426 369.229976396 366.918284655 364.059261386 360.672921152 356.782906323 352.416288256 347.603340107
342.377283336 336.774010292 330.8317854 324.590927722 318.093477802 311.382851845 304.50348638 297.50047665 290.419211994 283.305011507
276.202763247 269.156570205 262.209406159 255.402784439 248.776442479 242.36804486 236.212907368 230.343744349 224.790441443 219.579855482
214.735643092 210.278119247 206.224146719 202.587057083 199.376603611 196.598946096 194.256667336 192.348820714 190.871008007 189.815486293
189.171302549 188.92445429 189.05807436 189.552637785 190.386188408 191.534582875 192.971749386 194.669958526 196.600103438 198.731986493
201.034609651 203.47646567 206.025827383 208.651032305 211.320759954 214.004299344 216.671804289 219.294534302 221.845079048 224.297564536
226.627839434 228.813640135 230.834733424 232.673035887 234.312709418 235.740232456 236.944446852 237.916580517 238.650246225 239.141417249
239.388380662 239.391669424 239.153974526 238.680038683 237.976533208 237.051919858 235.91629957 234.581250089 233.059654573 231.365523323
229.513810788 227.520230015 225.401066688 223.17299484 220.852896268 218.457685585 216.004142714 213.508754522 210.987567122 208.456050218
205.928974685 203.420304387 200.943103031 198.509456684 196.130412306 193.815932522 191.574866589 189.414937327 187.342743602 185.363777733
183.482457029 181.702168502 180.025325624 178.453435901 176.987177878 175.626486108 174.370642555 173.218372806 172.167945469 171.217273082
170.364012914 169.605665999 168.93967287 168.363504467 167.874746821 167.471178202 167.150837559 166.912083208 166.753640873 166.674640371
277.4390724 288.360191462 306.523572578 325.740853602 339.255049885 341.799260623 331.095375481 308.327690954 277.495163964 243.935035954
212.579537017 186.563537103 166.63229696 151.476177917 138.769277631 126.443464148 113.676208713 101.221719651 91.0030520437 85.1898626284
286.856902961 282.575406094 274.743317191 264.685536144 254.072036685 244.602300115 237.680856413 234.14375846 234.087160704 236.831269579
241.028896967 244.90189583 246.565468327 244.383853441 237.29420073 225.039804504 208.268666806 188.476109289 167.796985317 148.679332228
133.492480462 124.134977298 121.70895961 126.317483057 137.02140514 151.966039203 168.659390516 184.3581735 196.499361135 203.106904181
