252.669826954 245.420380376 233.077795019 219.266537511 207.933193164 202.122574096 203.073916206 209.917128519 220.039492608 229.967866683
236.449621797 237.371199033 232.236089372 222.097618107 209.038311567 195.434010585 183.286850946 173.846834779 167.599700591 164.540290532
312.175086825 312.314028602 312.588979202 312.994109579 313.520767907 314.157588472 314.890634906 315.703576096 316.577892735 317.493112117
318.427068472 319.356185798 320.255779931 321.100376318 321.864039816 322.520712647 323.044556585 323.410295351 323.593553195 323.57118569
323.32159882 322.825052567 322.063945382 321.02307613 319.689880311 318.054637697 316.11064879 313.854377874 311.285560802 308.407276056
305.225978005 301.751491742 297.996969294 293.978807423 289.716527702 285.232619936 280.552350458 275.703537194 270.716293788 265.622745442
260.456719434 255.253413595 250.049046269 244.880491506 239.78490344 234.799333899 229.96034744 225.303638007 220.86365143 216.673217951
212.763198831 209.162151015 205.896013584 202.987819568 200.457436372 198.321337818 196.592410431 195.279796278 194.388774234 193.920681177
193.872874168 194.238734225 195.007711875 196.16541418 197.69373252 199.571009946 201.772246492 204.269340423 207.031362989 210.024863907
213.214204425 216.561914527 220.029070586 223.575689496 227.161135171 230.744533125 234.285188754 237.743004897 241.078894238 244.255182164
247.235995768 249.987634855 252.478920952 254.681520589 256.57023934 258.123283476 259.322486354 260.153497107 260.605929533 260.67346955
260.35394001 259.649322098 258.565733042 257.113360286 255.306352786 253.162670499 250.703893633 247.954993616 244.944068177 241.702043319
238.262345299 234.660546076 230.933985971 227.121377513 223.262394679 219.397251856 215.566277018 211.80948362 208.166145771 204.674381197
201.370746426 198.289848506 195.463977383 192.922762854 190.692859754 188.797664725 187.257067587 186.087239959 185.300463394 184.90499884
120.43285438 123.857302484 130.447198349 139.709581645 150.965098209 163.413314415 176.20921727 188.543210071 199.716556794 209.204679957
216.701933123 222.143331007 225.701043041 227.756009653 228.847570057 229.606243055 230.676551782 232.63785196 235.93140035 240.801352788
247.256058214 255.054042028 263.716639685 272.566586775 280.789255478 287.510907662 291.886542928 293.188836239 290.889396894 284.72417139
274.736207115 261.291062868 245.062700999 226.990481467 208.210633341 189.968038716 173.516089414 160.01358059 150.427968509 145.453803965
70.5458732386 97.3296160182 138.244829985 171.975701783 180.748328782 165.754715403 149.381550316 155.772593077 185.845674995 214.177460153
