309.607604029 309.43529739 309.091232664 308.576504917 307.892751643 307.042146668 306.027392054 304.851708046 303.518821091 302.032949981
300.398790185 298.621496414 296.706663509 294.660305708 292.488834389 290.199034379 287.798038902 285.293303301 282.692577599 280.00387804
277.235457707 274.395776334 271.493469433 268.537316866 265.536210967 262.499124364 259.435077602 256.353106715 253.262230864 250.171420166
247.089563842 244.025438815 240.987678861 237.984744454 235.024893405 232.116152411 229.266289635 226.482788396 223.772822093 221.143230444
218.600497129 216.150728922 213.799636392 211.552516228 209.414235269 207.389216283 205.481425543 203.694362251 202.031049823 200.494029089
199.085353394 197.806585634 196.658797219 195.642568952 194.757993819 194.004681663 193.381765714 192.88791094 192.521324164 192.279765917
192.160563946 192.160628323 192.276468089 192.504209342 192.839614699 193.27810404 193.814776432 194.444433158 195.161601718 195.960560733
196.835365608 197.779874875 198.787777078 199.852618103 200.967828826 202.126752969 203.322675042 204.548848261 205.798522316 207.064970887
208.341518787 209.621568621 210.898626854 212.166329196 213.418465175 214.649001826 215.852106397 217.022167974 218.153817954 219.241949277
220.281734363 221.268641663 222.198450789 223.067266155 223.871529083 224.608028347 225.273909106 225.866680217 226.384219889 226.824779696
227.186986917 227.469845224 227.672733724 227.795404372 227.837977782 227.800937465 227.685122537 227.491718937 227.222249211 226.878560914
226.4628137 225.97746516 225.425255489 224.809191058 224.132526967 223.398748679 222.611552811 221.774827187 220.892630238 219.969169861
219.008781821 218.015907813 216.995073273 215.950865054 214.887909059 213.81084794 212.724318959 211.632932123 210.541248669 209.453760028
208.374867324 207.308861531 206.259904354 205.232009926 204.2290274 203.254624503 202.312272133 201.405230053 200.536533746 199.708982484
198.925128653 198.187268384 197.49743352 196.857384941 196.268607285 195.732305065 195.249400197 194.820530943 194.446052259 194.126037547
193.860281779 193.648305981 193.48936304 193.382444805 193.32629043 193.319395919 193.360024813 193.446219967 193.575816354 193.746454815
193.955596697 194.200539302 194.478432055 194.78629332 195.121027772 195.479444241 195.858273933 196.254188941 196.663820949 197.083780041
197.510673514 197.941124606 198.371791053 198.799383367 199.220682759 199.632558611 200.03198542 200.41605912 200.782012706 201.127231091
201.44926511 201.745844614 202.014890586 202.254526219 202.4630869 202.639129063 202.781437848 202.88903355 202.961176814 202.997372546
