245.443817201 245.330393872 245.104582146 244.76844369 244.325050584 243.778460987 243.13368699 242.396654909 241.574158308 240.673804141
239.703952405 238.673649799 237.59255788 236.470876283 235.319261607 234.148742581 232.970632176 231.796437345 230.637767087 229.506239539
228.413388831 227.370572412 226.388879562 225.479041805 224.65134591 223.915550147 223.280804449 222.755575097 222.34757449 222.063696569
221.909958357 221.891448091 222.012280318 222.275558322 222.683344143 223.236636426 223.935356272 224.77834118 225.763347128 226.887058776
228.145107697 229.532098503 231.041642644 232.666399627 234.398125333 236.227727047 238.145324785 240.14031844 242.201460226 244.316931873
246.474425969 248.661230832 250.864318269 253.070433543 255.266186878 257.438145789 259.572927568 261.657291204 263.678228059 265.623050625
267.479478699 269.235722331 270.880560952 272.403418088 273.79443112 275.044515601 276.145423654 277.089796065 277.871207685 278.484205863
278.924341639 279.188193526 279.273383719 279.178586695 278.903530149 278.448988348 277.816767984 277.009686695 276.031544476 274.887088255
273.581969953 272.1226984 270.516585545 268.7716874 266.896740236 264.901092561 262.79463344 260.587717758 258.291089032 255.915800392
253.47313438 250.974522193 248.431463028 245.855444148 243.257862302 240.649947115 238.042687017 235.446758299 232.872457808 230.329639802
227.827657404 225.375309103 222.980790657 220.651652733 218.394764572 216.216283894 214.121633228 212.115482772 210.201739864 208.383545054
206.663274744 205.042550279 203.522253353 202.102547493 200.782905388 199.562141742 198.438451303 197.409451676 196.472230481 195.623396396
194.859133589 194.175259007 193.567281981 193.030465589 192.559889197 192.150511592 191.797234141 191.494963369 191.238672405 191.02346072
190.844611627 190.697647003 190.578378756 190.482956561 190.407911438 190.35019478 190.307212479 190.276853847 190.257515066 190.248116968
