225.203940388 225.269358241 225.399571029 225.593338592 225.848814837 226.163564578 226.534585754 226.958336846 227.430769244 227.947364285
228.50317464 229.092869692 229.710784506 230.350971962 231.007257602 231.673296708 232.342633106 233.008759186 233.665176614 234.305457186
234.923303302 235.512607518 236.067510645 236.582457879 237.052252458 237.472106364 237.83768761 238.145163678 238.391240713 238.573198102
238.688918117 238.736910327 238.716330551 238.62699414 238.469383449 238.244649396 237.954607058 237.601725308 237.189110537 236.720484568
236.20015692 235.632991609 235.024368747 234.380141225 233.706586818 233.010356093 232.298416529 231.577993309 230.856507244 230.141510359
229.440619653 228.761449592 228.111543889 227.498307143 226.928936924 226.410356864 225.949151337 225.551502285 225.223128738 224.969229558
224.794429914 224.702731964 224.697470192 224.781271812 224.956022613 225.222838572 225.582043524 226.033153131 226.57486533 227.205057404
227.920789757 228.718316425 229.593102303 230.539846997 231.55251519 232.624373313 233.7480323 234.915496134 236.118215847 237.347148591
238.592821358 239.845398883 241.094755225 242.330548495 243.542298176 244.719464426 245.851528791 246.928075673 247.938873949 248.87395809
249.723708149 250.478927984 251.130921103 251.671563511 252.093372991 252.389574238 252.554159324 252.581942998 252.468612346 252.210770401
251.805973319 251.2527608 250.550679466 249.700298975 248.703220706 247.562078887 246.280534118 244.863259293 243.315917965 241.645135293
239.858461721 237.964329642 235.972003312 233.891522372 231.733639341 229.50975154 227.231827907 224.91233123 222.564136352 220.200444935
217.834697402 215.480482692 213.151446487 210.861198583 208.623220081 206.450771084 204.356799577 202.353852166 200.453987329 198.668691832
197.008800919 195.484422883 194.104868561 192.878586293 191.813102821 190.914970573 190.189721727 189.641829388 189.27467618 189.090530482
