281.181842842 281.684030137 282.680218918 284.154161158 286.081791892 288.431592439 291.16506601 294.237318416 297.597734989 301.190743389
304.956650599 308.832541358 312.753224296 316.652211341 320.462715475 324.11865165 327.555625639 330.711895816 333.529293286 335.95408646
337.937777024 339.437815362 340.418224716 340.850124813 340.71214724 339.990736548 338.680332799 336.783433154 334.310531923 331.279940396
327.717489615 323.656121051 319.135371846 314.200762904 308.903099591 303.297696119 297.443535818 291.402380498 285.23784279 279.014435928
272.796615712 266.647829455 260.629586586 254.800565146 249.215767848 243.925740509 238.975864672 234.405735017 230.248630783 226.531088948
223.272585264 220.485327532 218.174163747 216.336605885 214.962968346 214.036618193 213.534332653 213.426757606 213.678959275 214.251059855
215.098946535 216.175042269 217.429125689 218.809186843 220.262304938 221.735533926 223.176781767 224.5356693 225.764355067 226.818313027
227.65705088 228.244757736 228.550871035 228.550553935 228.225075885 227.56209064 226.555807687 225.207054732 223.523230703 221.518150468
219.211784205 216.629896071 213.803588421 210.768759345 207.565482656 204.237320731 200.830581634 197.393532841 193.975584595 190.626456323
187.39533987 184.330073274 181.476338658 178.876897363 176.570874861 174.593107134 172.973559207 171.736825329 170.901718962 170.480959282
236.438214798 236.504254749 236.636141404 236.833488195 237.095715093 237.422048414 237.811520599 238.262969983 238.775040604 239.346182076
239.974649585 240.658504046 241.395612492 242.183648738 243.020094382 243.902240227 244.827188158 245.791853564 246.792968358 247.827084659
248.890579201 249.979658524 251.090365006 252.218583777 253.360050569 254.510360529 255.664978039 256.819247554 257.968405477 259.107593076
260.231870446 261.336231491 262.415619908 263.46494615 264.4791053 265.452995828 266.381539151 267.259699922 268.082506975 268.845074812
269.542625552 270.170511216 270.724236229 271.199480022 271.592119591 271.898251881 272.114215856 272.236614094 272.262333781 272.188566937
272.01282973 271.732980732 271.34723797 270.854194626 270.252833252 269.542538367 268.723107309 267.794759228 266.758142114 265.614337754
264.364864542 263.01167807 261.557169426 260.004161168 258.355900931 256.616052654 254.788685432 252.878259994 250.889612845 248.827938127
246.698767243 244.507946336 242.261611727 239.96616339 237.628236629 235.254672071 232.852484129 230.428828118 227.990966181 225.546232233
223.1019961 220.665627082 218.244457132 215.845743892 213.476633784 211.14412541 208.855033465 206.615953399 204.43322706 202.312909525
200.260737347 198.282098423 196.382003683 194.565060795 192.83545007 191.19690272 189.652681648 188.205564887 186.857831824 185.611252315
184.467078772 183.426041303 182.488345946 181.653676035 180.921196702 180.289562512 179.756928195 179.320962424 178.978864577 178.727384377
178.562844307 178.481164679 178.477891187 178.548224803 178.687053819 178.888987844 179.148393549 179.459431931 179.816096865 180.212254705
180.641684676 181.098119808 181.575288139 182.066953938 182.566958665 183.069261422 183.567978613 184.057422577 184.532138924 184.986942341
185.416950635 185.817616776 186.184758759 186.514587052 186.803729478 187.049253361 187.248684781 187.400024818 187.501762683 187.552885634
