295.714330186 299.090487547 299.090838157 289.801152808 272.595415503 254.575328609 241.74492229 234.927175926 231.704288166 230.240785985
343.290619398 342.993534164 342.400152425 341.51206786 340.331710945 338.862395233 337.108376322 335.074921241 332.768385544 330.196294985
327.36742835 324.291897775 320.981222754 317.448393989 313.707923298 309.775875952 305.669882049 301.409123914 297.014296914 292.507541609
287.912345734 283.253415145 278.556513555 273.848271575 269.155966339 264.507273669 259.929995502 255.451765919 251.099739804 246.90026867
242.878568741 239.058386711 235.461668981 232.108240316 229.01549796 226.198127241 223.6678445 221.433172929 219.499256505 217.867716696
216.536556008 215.500111737 214.7490625 214.270489252 214.047991593 214.061859205 214.289297294 214.704703923 215.279996156 215.984981037
216.787766489 217.655206483 218.553374038 219.448055031 220.305255281 221.091712964 221.775408195 222.326061489 222.715612834 222.918673322
222.912941581 222.67957772 222.203528122 221.47379512 220.483646448 219.230760286 217.717302762 215.949935844 213.939754708 211.702154844
209.256630313 206.626505768 203.838605954 200.922867494 197.91189877 194.840494615 191.745113354 188.663324388 185.633235082 182.692906116
179.879764685 177.230025047 174.778125826 172.556193242 170.593539053 168.916201447 167.546536439 166.502866496 165.7991922 165.44497172
194.277596854 194.316989775 194.395297608 194.511571689 194.664407321 194.851965449 195.072001127 195.321898379 195.598710996 195.89920873
196.219928263 196.557228271 196.907347837 197.266467429 197.630771609 197.996512626 198.360073998 198.718033224 199.067222724 199.404788158
199.728243275 200.035520489 200.325016427 200.595631746 200.846804576 201.078537033 201.291414311 201.486615964 201.665919064 201.831693046
201.986886123 202.135003269 202.280075893 202.426623381 202.579606852 202.744375516 202.92660615 203.132236297 203.367391873 203.638309941
203.951257501 204.312447181 204.727950788 205.203611711 205.744957193 206.357111517 207.044711157 207.81182294 208.66186624 209.597540213
210.620757026 211.732581996 212.933181474 214.22177926 215.59662222 217.054955733 218.593009436 220.205993687 221.888107011 223.632554708
225.431578656 227.276498252 229.157762273 231.06501136 232.987150666 234.912432131 236.828545706 238.722718759 240.581822789 242.392486493
244.141214124 245.814508057 247.398994352 248.88155012 250.24943141 251.490400354 252.592850259 253.545927371 254.339648026 254.965009958
255.414096553 255.680172925 255.757772715 255.642774649 255.332467933 254.825605697 254.122445796 253.224778403 252.135939946 250.860813076
249.405812497 247.778856615 245.989325104 244.048002638 241.967009168 239.759717252 237.440657096 235.025410069 232.530491593 229.9732244
227.37160326 224.744152388 222.109776778 219.487608823 216.896851606 214.356620297 211.885783114 209.50280332 207.225583723 205.071315134
203.056330193 201.19596395 199.50442249 197.994660878 196.678271534 195.565384141 194.664577999 193.982807679 193.525342678 193.295721651
