236.470262988 235.787571816 234.354008366 232.159199817 229.433848919 226.783374553 225.1752995 225.740328153 229.428068922 236.630706567
246.920375244 259.021857449 271.066734441 281.074173466 287.514531221 289.769655562 288.326875089 284.627081611 280.603259084 278.053550089
413.40520576 410.099878221 403.611407129 394.178545362 382.145673128 367.947091182 352.087351712 335.118627126 317.616259393 300.153712564
283.27816474 267.487922961 253.212728962 240.797852709 230.492654451 222.444047384 216.695026518 213.188160145 211.773683604 212.221605111
214.23704257 217.477868354 221.573653011 226.144871862 230.821370562 235.259173113 239.154851785 242.256853235 244.373377348 245.376621726
245.203422102 243.852523856 241.378900413 237.885680392 233.51434925 228.433948094 222.830000525 216.893859482 210.813084367 204.763341589
198.902178118 193.364858603 188.262293381 183.68092888 179.68433398 176.316105151 173.60363655 171.562263411 170.19928959 169.517452017
170.075334241 200.155365918 222.655848374 210.824914125 180.590411667 164.235285787 164.530591344 153.499577182 116.729119302 80.1422650951
222.625141777 223.553468417 225.356660794 227.930353172 231.124271018 234.749439989 238.587280031 242.400170549 245.94300487 248.975205973
251.272652798 252.638968393 252.915647745 251.990553061 249.804375605 246.354752547 241.697830983 235.947184562 229.270106171 221.881417577
214.035048599 206.013739439 198.117305554 190.649971242 183.907322845 178.163453046 173.658863331 170.589662176 169.098543346 169.267953903
171.115768475 174.593678933 179.588391597 185.925602464 193.376600083 201.667230791 210.488857208 219.510852653 228.394105384 236.804960408
244.429005036 250.984108443 256.232155121 259.988966074 262.13197756 262.605342046 261.422225556 258.664195205 254.477715222 249.067893719
242.689740681 235.637304785 228.231148277 220.804691107 213.690004781 207.20366079 201.63323687 197.225056866 194.173687696 192.613642153
