243.0857857 242.760547694 242.115774491 241.162765889 239.918209142 238.403869874 236.646189577 234.675797677 232.526947802 230.236889384
227.845186931 225.39300031 222.922340037 220.475312009 218.0933662 215.816563629 213.682875451 211.727527215 209.982400331 208.475501496
207.230509344 206.266405975 205.597199163 205.231739214 205.17363247 205.421251509 205.967840165 206.801709644 207.906520242 209.261641605
210.842583022 212.62148403 214.567654632 216.648153674 218.828393449 221.072758377 223.345225629 225.609975897 227.831983015 229.977571918
232.014935412 233.914601336 235.64984303 237.197027415 238.535896474 239.649779453 240.525734661 241.154621215 241.531102553 241.65358488
241.524094925 241.148102478 240.534294072 239.694304915 238.64241667 237.395229033 235.971313158 234.390854904 232.675295596 230.846977565
228.928801096 226.943898693 224.915331703 222.865813411 220.8174617 218.79158338 216.808491235 214.887353869 213.046077493 211.301217941
209.667920469 208.15988425 206.789348012 205.567092921 204.502458622 203.603368331 202.876358989 202.326612754 201.957986517 201.773036626
288.343789656 287.677527491 286.370878613 284.474269876 282.060100964 279.219046506 276.055432421 272.681927766 269.213827997 265.7632252
262.433364637 259.313474743 256.474330314 253.964767815 251.80931978 250.00707528 248.531808752 247.333353726 246.340134861 245.46271444
244.59816134 243.635013603 242.458582163 240.956333645 239.023094834 236.565839484 233.507848343 229.792073292 225.38358387 220.27102615
214.467076793 208.00792611 200.951870254 193.377131725 185.379057325 177.066862294 168.560097861 159.985017169 151.471002137 143.147192789
135.139432823 127.567612956 120.543459376 114.168780912 108.534157675 103.718027953 99.7861107442 96.7910894212 94.7724783278 93.7565982678
156.594442457 160.067061155 166.671774199 175.759424846 186.432990288 197.631476272 208.229015687 217.139826748 223.419159419 226.350773276
225.512804086 220.815961195 212.510650847 201.162584977 187.599424917 172.833737374 157.969745021 144.102826742 132.221325287 123.119900153
117.332457725 115.090721798 116.311971592 120.616621519 127.373426842 135.767453711 144.88380713 153.798671976 161.668625807 167.809480009
171.757061904 173.304244687 172.510972264 169.686767086 165.347977332 160.154540151 154.83306062 150.094332517 146.553927538 144.664107276
