274.661155836 274.501419281 274.183967324 273.71281838 273.093940622 272.335181383 271.446174279 270.438225088 269.324177672 268.118261468
266.835922253 265.493638104 264.108722635 262.699117731 261.28317813 259.879450286 258.50644804 257.18242762 255.925164556 254.751735037
253.678304214 252.719923865 251.890341756 251.201824892 250.664998694 250.288703992 250.079873504 250.043429255 250.182202196 250.496874983
250.985948676 251.645733816 252.470366077 253.45184644 254.580105526 255.843091488 257.226880591 258.715809338 260.292626796 261.938665514
263.634029229 265.357795384 267.088230273 268.803014535 270.479476551 272.094831241 273.626421674 275.051960869 276.34977116 277.499018525
278.479939308 279.274056858 279.86438571 280.235621053 280.374311399 280.269012542 279.91042108 279.291486017 278.407497179 277.256149433
275.837581952 274.15439206 272.211623425 270.0167287 267.579506926 264.912016346 262.028463499 258.945069747 255.679916617 252.252771588
248.684896153 244.998838182 241.218210778 237.367459991 233.471623835 229.556085195 225.646321236 221.767652003 217.94499088 214.202599582
210.563850288 207.050997455 203.684961757 200.485128442 197.469162264 194.652840959 192.049909041 189.671953455 187.528302425 185.62594853
183.969496845 182.561138646 181.400650947 180.485421845 179.810501359 179.368677177 179.150574475 179.144778677 179.337979798 179.71513678
180.259660003 180.953609962 181.777909924 182.712570232 183.736921795 184.829856194 185.970069787 187.136309125 188.307614999 189.463562443
190.584494067 191.651744165 192.647851152 193.556755994 194.363984476 195.0568113 195.624404236 196.057946725 196.350737623 196.49826697
