363.053282858 362.380151627 361.032997609 359.010242402 356.31002289 352.930776428 348.871988058 344.135072648 338.724359591 332.648143344
325.91975981 318.558646472 310.591343303 302.052391908 292.985092034 283.442077532 273.485677982 263.1880374 252.630967634 241.905520996
231.111274312 220.355324562 209.751004557 199.416335289 189.472239667 180.040549859 171.241847421 163.193181449 156.005715041 149.782354216
144.615416017 140.584393711 137.753876701 136.171681048 135.867243294 136.850325665 139.110074813 142.614469172 147.310181815 153.122876716
159.957946666 167.701691012 176.222921104 185.374971176 194.998082434 204.922118845 214.969564508 224.958744991 234.70720862 244.035198775
252.76914474 260.745096808 267.812031174 273.834951651 278.697718494 282.305539444 284.58706454 285.496034038 285.012437887 283.143155298
279.922053943 275.409539844 269.691560911 262.878079005 255.101037166 246.511859839 237.278534478 227.582332391 217.614234993 207.571138534
197.651915672 188.053415871 178.966488451 170.572112035 163.037712314 156.513746308 151.130625901 146.996046316 144.192776725 142.776960318
172.066759367 170.532736453 167.838490046 164.661904828 161.857747375 160.295308166 160.689467771 163.455062151 168.610541604 175.748526369
184.079403364 192.541556637 199.960341408 205.229476299 207.48459316 206.239925742 201.465322074 193.590861168 183.438603891 172.093303286
160.734129527 150.45587722 142.109627846 136.18919674 132.781550436 131.588160625 132.011917793 133.292902886 134.6679697 135.525163592
197.404277387 192.235063356 183.078130894 172.090261148 162.011532521 155.633756821 155.207046311 161.892485481 175.38510813 193.820070868
214.028620205 232.133187356 244.379655601 248.025696704 242.064394799 227.580894095 207.618751692 186.554941451 169.11531216 159.266880159
