265.99264709 260.61919563 251.023069244 239.298989185 228.107874244 220.193812813 217.879779762 222.630012728 234.755676253 253.315924871
276.232952665 300.602863507 323.150543846 340.751961527 350.935705653 352.279110315 344.632344951 329.13328162 308.011681678 284.217119232
260.934900426 241.072922498 226.806757152 219.259535252 218.369352361 222.964075081 231.02731979 240.106265877 247.7875909 252.156386183
265.182126581 264.917777971 264.391546317 263.608338185 262.575452238 261.302506528 259.801342705 258.085908125 256.17211707 254.0776925
251.821989931 249.425805275 246.911168558 244.301125654 241.619510237 238.89070827 236.139417428 233.390403897 230.668258987 227.997158054
225.400624118 222.901298581 220.520721332 218.279122429 216.195227429 214.286078289 212.566871606 211.050815743 209.749008254 208.670334733
207.821390051 207.206422672 206.827302517 206.683512597 206.772164383 207.088036656 207.623637317 208.369287412 209.313226417 210.441737578
211.739291942 213.188709491 214.771335648 216.467231275 218.255374131 220.113869667 222.020168974 223.951291578 225.884050811 227.795279426
229.662053153 231.461909939 233.173062655 234.774603168 236.246695739 237.570757882 238.729626933 239.707710744 240.49112112 241.067788781
241.427558856 241.562266119 241.465789404 241.134084868 240.565197981 239.759254362 238.718429812 237.446900094 235.950771241 234.237991363
232.31824512 230.202832196 227.904531285 225.437451217 222.816871003 220.059070657 217.18115475 214.200870706 211.136423874 208.006291456
204.829037325 201.62312975 198.406764012 195.197691774 192.013059014 188.8692542 185.781768233 182.765067576 179.832481774 176.996106435
174.266722531 171.65373268 169.16511488 166.807393966 164.585630808 162.503429139 160.562959607 158.765000537 157.108994612 155.593120581
154.214378868 152.96868984 151.851003346 150.855417992 149.975308558 149.203459823 148.532205053 147.953567329 147.459401872 147.041537548
146.691915728 146.402724736 146.166528178 145.976385533 145.825963478 145.709636564 145.622575958 145.560825164 145.521361757 145.502144376
