292.755903904 291.108181659 287.871290365 283.159985914 277.140624398 270.024500372 262.059404721 253.519755066 244.695710764 235.881726025
227.365016858 219.414419483 212.270099524 206.134533432 201.165128039 197.468773123 195.098538618 194.05263616 194.275667994 195.662089093
198.061714781 201.287020236 205.121903692 209.331525047 213.672788529 217.905013826 221.800335602 225.153386769 227.789855421 229.573557484
230.411734419 230.258364891 229.115367542 227.031665051 224.100173477 220.452871282 216.254185565 211.693005258 206.973689215 202.30647882
197.897748135 193.940528799 190.605731733 188.034453983 186.331708257 185.561847263 185.745877655 186.860772872 188.84080404 191.580817559
194.941300925 198.75499867 202.834771497 206.982336808 210.997490292 214.687387681 217.875464142 220.409586061 222.169065367 223.070218538
306.339698218 307.456031368 309.636653399 312.779340667 316.735357044 321.314799034 326.293438606 331.420832413 336.429422873 341.044322485
344.993448774 348.017664364 349.880575152 350.377649541 349.344342951 346.662943496 342.267896024 336.149411094 328.355221518 318.990409839
308.215293711 296.241420397 283.325784531 269.763442723 255.878752651 242.015511173 228.526304128 215.761408635 204.057605902 193.727268118
185.048076912 178.253712955 173.525827443 170.987567028 170.698875625 172.65374095 176.779492299 182.938191011 190.930088303 200.499058842
211.339854733 223.106965521 235.424817295 247.898999744 260.128175471 271.716302189 282.284786392 291.484187106 299.005100502 304.587880034
308.030881746 309.19696929 308.018066712 304.497607425 298.710793194 290.802645267 280.983898881 269.524860094 256.747407994 243.015383918
228.723660403 214.286224563 200.12364224 186.650289327 174.261744785 163.322735497 154.156006543 147.032462202 142.162883778 139.691481595
263.448907956 265.44937917 266.407246236 262.57087173 252.254917946 236.966204877 220.32518627 205.960558491 196.026665196 191.113904766
259.705714892 260.512380133 262.107364822 264.454336548 267.499687684 271.173585308 275.391339361 280.055062654 285.055590681 290.274624195
295.587053198 300.86341752 305.972456486 310.783698509 315.170040639 319.010268311 322.191466697 324.611277154 326.179955253 326.822190711
326.478654125 325.107240698 322.683986963 319.20364284 314.679887961 309.145188094 302.650294365 295.263394895 287.068935109 278.166129345
268.667192313 258.69532429 248.382488674 237.867024436 227.291139165 216.798330608 206.530785968 196.62680855 187.218320746 178.428490852
170.369528696 163.140691794 156.826539568 151.495468379 147.198554605 143.968727058 141.820283596 140.748760171 140.731153696 141.726493324
143.676747987 146.508051606 150.132221279 154.448538152 159.345755683 164.704295703 170.398589134 176.299515566 182.276894086 188.201976908
193.949897435 199.402025426 204.448183873 208.98868506 212.936146889 216.217055023 218.773041419 220.56185552 221.558010412 221.753092736
221.155731754 219.791229687 217.700862108 214.940863662 211.581120523 207.703596779 203.400527073 198.772412429 193.925859966 188.971310232
184.020698022 179.185093773 174.572372949 170.284960176 166.417693333 163.05585038 160.273378373 158.131360087 156.676748873 155.941397022
