226.18438795 225.365669106 223.810216413 221.674505756 219.175194933 216.569295432 214.130617334 212.124611113 210.783866288 210.286455962
210.739046254 212.166246558 214.507102976 217.618987236 221.288468037 225.248132719 229.197811451 232.828290168 235.845414198 237.992496152
239.069144821 238.945003961 237.567392679 234.962422513 231.229773196 226.531881095 221.078777536 215.110164179 208.876498669 202.620871883
196.563291893 190.888670094 185.73936746 181.212650469 177.362879944 174.207766121 171.737619183 169.926246491 168.742022604 168.157696564
320.628837842 320.224477544 319.238961002 317.346172391 314.122390593 309.116114257 301.927637209 292.288684181 280.132139868 265.642722253
249.281292191 231.778176405 214.094141632 197.351161882 182.738506829 171.402592124 164.331159278 162.243455766 165.498027002 174.028487442
187.315303537 204.398403025 223.931621063 244.275965903 263.624825838 280.150926304 292.162416119 298.254169381 297.440383206 289.255858206
273.815869548 251.828055008 224.553947797 193.722282362 161.400583955 129.835407377 101.274552133 77.7863664559 61.0916852191 52.4229762581
186.060669291 190.308958161 198.344902776 209.293422142 221.952821695 234.915647943 246.710686235 255.952137744 261.481291009 262.486719331
258.591118015 249.896141607 236.980693722 220.852660888 202.858623811 184.560180786 167.588778239 153.493044336 143.593358367 138.857689785
139.810675051 146.484670298 158.417439159 174.696606766 194.046475312 214.948696543 235.785032078 254.988321388 271.187024553 283.329384254
290.775290697 293.34713287 291.334964805 285.455808986 276.771419706 266.572895789 256.24376625 247.115257657 240.328184722 236.715215161
235.086078825 235.523652823 234.893581071 231.02384669 222.382284593 209.262505091 194.284319395 181.905953524 177.04475543 183.282416769
201.336769555 228.426389185 258.848488764 285.644831056 302.811916755 307.281884794 299.952739344 285.369106174 270.133725144 260.590402684
316.790570301 316.285944191 316.692645573 320.019962467 327.589876918 338.878740635 351.038432625 359.396772635 358.843795395 345.636049075
318.945950479 281.534931776 239.226749456 199.293914021 168.282208848 150.027525584 144.573671458 148.389700634 155.821084665 161.260814756
140.68701713 142.48459667 146.037255478 151.26109317 158.032978685 166.193728124 175.552201987 185.890207218 196.968067365 208.530706001
220.314075021 232.051750798 243.481517732 254.35176057 264.427493808 273.495868469 281.371012978 287.898085367 292.956437932 296.461821992
298.367588738 298.664871524 297.381764292 294.581539454 290.359975455 284.841888691 278.176985784 270.535169677 262.101446316 253.070587264
243.641707445 234.012916141 224.376193524 214.912634685 205.788188596 197.150001336 189.123451802 181.809944675 175.285500461 169.600156761
164.778169335 160.818976861 157.698870322 155.373287354 153.779634299 152.840524676 152.467312637 152.56379405 153.029946195 153.765579773
154.673783685 155.664053706 156.655010265 157.576627491 158.37191498 158.998014594 159.426696356 159.644259375 159.650864967 159.459349042
159.093578704 158.586433287 157.977502193 157.310600587 156.631208865 155.983942827 155.410158548 154.945789236 154.619501182 154.451242512
