337.281414838 336.586235048 335.205568159 333.158718355 330.474437125 327.19067268 323.354228173 319.020322961 314.252050653 309.119727813
303.700127901 298.075596439 292.333045476 286.562828095 280.857496974 275.310454769 270.01450813 265.060341519 260.534931309 256.519924889
253.090013478 250.311330744 248.239912233 246.920252558 246.383998433 246.648815639 247.71746693 249.577135578 252.199025826 255.538266845
259.534141131 264.110651513 269.177433477 274.631011285 280.356387745 286.228948647 292.116654063 297.882480176 303.38706734 308.491522894
313.060321127 316.9642379 320.08325402 322.309359599 323.54919149 323.726437537 322.783944747 320.68547365 317.417047898 312.987856466
307.43067546 300.80178727 293.180386437 284.667473694 275.384252098 265.47005142 255.079818906 244.381225648 233.551447945 222.773691831
212.233536138 202.115174911 192.59764344 183.851113585 176.033343313 169.286362523 163.733472271 159.476627616 156.594265597 155.139629579
362.494775081 361.723510485 360.183195502 357.878477589 354.81686387 351.009332061 346.471092744 341.222460768 335.289786249 328.706390217
321.513446752 313.76075262 305.507326965 296.821787581 287.782456563 278.4771565 269.0026686 259.463835868 249.972307302 240.644932592
231.601830545 222.96416788 214.851697733 207.380118631 200.658324479 194.785623791 189.849011757 185.920581407 183.055160082 181.28825444
180.634381451 181.08585428 182.612080931 185.159420221 188.651624524 192.990882172 198.059454912 203.72188796 209.827752485 216.214863398
222.712899609 229.147339998 235.343616748 241.131378623 246.348750882 250.846475673 254.491817456 257.172121989 258.797924852 259.305516049
258.658880765 256.850952398 253.904132224 249.870049803 244.828559107 238.885986625 232.172668765 224.839836171 217.055921414 209.002383389
200.869156131 192.849841181 185.136770763 177.916073624 171.362876219 165.636769027 160.877661184 157.202136461 154.700410265 153.433971072
