255.851936247 255.904921071 256.008564608 256.158254242 256.347169432 256.566398061 256.805088714 257.050636526 257.288899678 257.50444318
257.680806104 257.800788113 257.846750785 257.800929024 257.645747675 257.364138381 256.939851708 256.357759628 255.604143603 254.666963714
253.536104596 252.203594245 250.66379223 248.913544267 246.952300647 244.782196556 242.408092904 239.83757689 237.080922127 234.151008794
231.063204862 227.835210053 224.486864743 221.039926569 217.517817961 213.945348289 210.348414669 206.753685813 203.188273531 199.679396717
196.254042692 192.938630884 189.758683699 186.738509395 183.900901505 181.266859159 178.855332267 176.682995183 174.764052006 173.110076183
171.729886563 170.629461486 169.811891909 169.277373979 169.023240868 169.044033084 169.331605915 169.875272083 170.661977189 171.676505034
172.901709481 174.318769125 175.907460747 177.646447256 179.513575639 181.486180327 183.541387363 185.656414745 187.808864479 189.97700199
192.140018842 194.27827496 196.373516969 198.409069623 200.369997808 202.24323705 204.017691032 205.684295127 207.236045555 208.667994287
209.977210436 211.162709339 212.225351132 213.167711041 213.993924103 214.709507391 215.321163206 215.836566959 216.264143682 216.612837312
216.891876928 217.110544175 217.27794605 217.402797109 217.493214954 217.556532629 217.599131233 217.626295691 217.642096218 217.649297553
173.061902224 173.653429971 174.829583481 176.57665341 178.874310856 181.695885419 185.008729243 188.774661431 192.950485999 197.488575448
202.337511014 207.442769879 212.747448933 218.193014164 223.720064501 229.269098729 234.781274214 240.199146379 245.467378295 250.533410351
255.348080678 259.866187935 264.046989025 267.854625489 271.258473484 274.233413572 276.760017858 278.824653338 280.419501705 281.542497133
282.197184868 282.392504631 282.142503968 281.465987677 280.386110343 278.929919748 277.127859529 275.013239912 272.621685638 269.990570317
267.158446416 264.164479909 261.04789824 257.847459822 254.60095261 251.344728628 248.113280446 244.938864711 241.851176865 238.877080133
236.040390845 233.361721083 230.858378607 228.544323014 226.430176131 224.52328374 222.827824966 221.344964914 220.073045577 219.007809539
218.142650654 217.468885627 216.976040356 216.652144885 216.484030989 216.457626645 216.558242053 216.770842284 217.080302235 217.471640145
217.930226633 218.441966914 218.993454586 219.572096141 220.16620606 220.765073071 221.358998813 221.939310752 222.498351738 223.029449054
223.526866167 223.98574071 224.402012342 224.772344272 225.094042174 225.364974101 225.583494805 225.748377544 225.858756089 225.914079181
