328.282790354 327.975556119 327.363267195 326.450266258 325.243026405 323.75010241 321.982066314 319.951427853 317.672540332 315.161492672
312.435988464 309.515212959 306.419689018 303.171123132 299.792242699 296.306625801 292.738524798 289.112685083 285.454160404 281.788126149
278.139692032 274.533715623 270.994618123 267.546203805 264.211484493 261.012510408 257.970208662 255.104230623 252.432809305 249.972627841
247.738700034 245.744263864 244.000688744 242.51739719 241.301801479 240.35925574 239.693023792 239.304262949 239.192023856 239.353266315
239.782890928 240.473786265 241.416891147 242.601271508 244.014211195 245.641315964 247.466629816 249.472762737 251.641028799 253.951593543
256.383629432 258.915478177 261.524818619 264.188838871 266.884411344 269.58826931 272.277183601 274.928138092 277.518502599 280.026201855
282.429879276 284.709054262 286.844271833 288.817243475 290.610978141 292.209902421 293.599969014 294.768752699 295.70553312 296.401363814
296.84912701 297.043573847 296.981349767 296.661004992 296.082990058 295.249636552 294.165123276 292.835428213 291.268266735 289.473016657
287.460630797 285.243537821 282.835532249 280.251654555 277.508062399 274.621894074 271.611125327 268.494420731 265.290980876 262.020386603
258.702441597 255.357014606 252.003882583 248.662576018 245.352227706 242.091426169 238.898074906 235.789258579 232.781117191 229.888729249
227.126004811 224.505589236 222.038778368 219.73544579 217.603982658 215.651250563 213.882547705 212.301588601 210.910497398 209.709814772
208.698518265 207.87405582 207.232392139 206.768067404 206.474267787 206.342907094 206.364718765 206.529357414 206.825508971 207.241008438
207.762964224 208.377887946 209.071828546 209.83050956 210.63946833 211.48419594 212.35027667 213.223525742 214.090124175 214.936749587
215.750701794 216.520022149 217.23360557 217.881304311 218.454022573 218.943801142 219.343891339 219.648817634 219.854428397 219.95793434
125.802353285 136.542199701 154.892681417 175.746766441 193.887217297 205.865510133 211.185180465 212.348958464 213.761805801 219.916289534
233.557360175 254.527932307 279.733775823 304.237078704 323.056812471 332.985348371 333.726866411 327.924850162 320.072701904 314.729640466
243.621263938 238.899962302 229.842760343 217.204391687 202.068461489 185.770977817 169.780825931 155.541883574 144.296331527 136.920736847
133.810212894 134.838662652 139.406067092 146.562022764 155.17534061 164.10905337 172.362241 179.153907719 183.944799592 186.41319049
163.74755337 165.120719203 167.786783912 171.590633412 176.312782792 181.68420613 187.404523363 193.16231955 198.656224127 203.615320308
207.817491782 211.104443152 213.392344242 214.677332835 215.035447568 214.616930802 213.635216708 212.351278097 211.054323334 210.040091034
209.588168104 209.939843748 211.278001932 213.710447144 217.257859046 221.847292557 227.311798068 233.396352954 239.769894168 246.042847839
251.789190305 256.571769072 259.969381688 261.603970582 261.166252402 258.438164684 253.310677923 245.795778036 236.031757817 224.28134639
210.922629426 196.433144222 181.367946347 166.332813137 151.954050998 138.846589666 127.582163476 118.659389889 112.477457804 109.31493809
