330.604401913 330.472319535 330.207962441 329.81095292 329.280741747 328.616628739 327.817789756 326.883309805 325.812221818 324.603550604
323.256361417 321.769812491 320.143210877 318.376070822 316.468173928 314.419630275 312.230939669 309.90305217 307.437427046 304.836089292
302.101682887 299.237519964 296.247625114 293.136774079 289.910526139 286.575249551 283.138139482 279.607227916 275.991385127 272.300312377
268.544525576 264.735329768 260.884784354 257.005659111 253.111381112 249.215972805 245.333981561 241.480401109 237.6705854 233.920155471
230.244900021 226.660670459 223.183271253 219.828346502 216.611263668 213.546995502 210.650001178 207.934107747 205.412392975 203.097070692
200.999379741 199.12947762 197.496339893 196.107666395 194.969795225 194.087625467 193.464549516 193.102395803 193.001382648 193.160083877
193.575406733 194.242582522 195.155170331 196.305074022 197.682572614 199.276364041 201.073622147 203.060066671 205.220045851 207.536631166
209.991723612 212.566170802 215.239894099 217.99202484 220.801048687 223.644956995 226.50140406 229.347869016 232.161821105 234.920887021
237.603018938 240.186661901 242.650919152 244.975714042 247.141947162 249.131647347 250.92811527 252.516058363 253.881715906 255.012973149
255.899463446 256.532657474 256.905938689 257.014664301 256.856211158 256.430006039 255.737540024 254.782366672 253.570083954 252.108299939
250.406582449 248.476392957 246.331005206 243.985409094 241.456200548 238.761458191 235.920607754 232.954275258 229.884130119 226.732719394
223.523294489 220.279631694 217.025847977 213.786213532 210.58496256 207.446103845 204.393232632 201.449345359 198.636658735 195.976434656
193.488812381 191.192649351 189.105371952 187.242837458 185.619208273 184.246839537 183.136180989 182.295693928 181.731783933 181.448749914
