382.041893647 379.626113907 374.889457745 368.0177493 359.279938126 349.016822765 337.626773198 325.549059498 313.245495251 301.181175228
289.805124144 279.531675741 270.723368681 263.676079405 258.60701499 255.646065461 254.83087029 256.105794216 259.324840004 264.258357508
270.603246718 277.996204283 286.029434671 294.268144195 302.2690629 309.599198876 315.854023668 320.674316056 323.76095346 324.887032555
323.906819455 320.761169628 315.479212495 308.176258615 299.048051315 288.361642527 276.443317456 263.66411838 250.423618842 237.132671489
224.195892763 211.994653928 200.871320382 191.115421174 182.952340884 176.535010571 171.938938539 169.160771256 168.120416597 168.666602604
170.585592329 173.612635638 177.445618328 181.76027289 186.226247798 190.523296417 194.356843901 197.472220922 199.666915352 200.800284191
328.047281316 325.972096229 321.954685681 316.242911268 309.166383499 301.093631951 292.38654885 283.359403976 274.248837075 265.199261035
256.265398787 247.430699505 238.63765039 229.823990003 220.957883283 212.065397126 203.24506611 194.666704606 186.554488887 179.157198942
172.710872585 167.400569203 163.328211771 160.492521344 158.785039302 158.003495069 157.880792655 158.125173804 158.46513933 158.691817563
248.732671849 251.526089901 257.568471006 267.306059737 280.475899624 295.532568049 309.538825878 318.681735112 319.316117437 309.197474134
288.446346478 259.841227861 228.255855736 199.362488367 178.002066134 166.767199268 165.294247296 170.527514915 177.882097062 182.912928002
227.007222726 214.622956303 195.602478998 179.138718667 174.155082243 185.62152807 212.33891 247.072530287 279.018316502 297.689904565
296.764805957 276.433983327 243.360486512 208.25615931 181.986821619 171.672195641 178.245218297 196.376890965 216.770511118 229.927212703
209.562392546 201.213969671 185.807714112 165.726063723 144.077744307 124.223960121 109.271868072 101.615395446 102.594874643 112.326792464
129.7266383 152.716173335 178.576738316 204.387394311 227.474460108 245.799249865 258.223270513 264.612486172 265.770522101 263.219936475
258.875910557 254.673640867 252.216598619 252.506844808 255.802020375 261.61956848 268.881561828 276.168070592 282.027822639 285.285332913
