188.087995439 188.590693603 189.590210937 191.074886852 193.027471914 195.425411856 198.241216869 201.442908406 204.994534129 208.856740254
212.98738943 217.34221141 221.875473238 226.540655407 231.291120508 236.080761246 240.864615372 245.599436014 250.244207109 254.76059503
259.11332915 263.270505847 267.203812305 270.888668448 274.304287243 277.433655571 280.263439681 282.783820967 284.988269359 286.873262968
288.437963756 289.683859855 290.614385732 291.234531734 291.550454482 291.569099354 291.297845673 290.744184399 289.915437026 288.818523071
287.459782085 285.844854456 283.978623555 281.865220024 279.50808714 276.910104505 274.073765574 271.001403013 267.695454452 264.158760032
260.394882152 256.408437112 252.205427914 247.793567299 243.182580238 238.3844755 233.413776595 228.287703345 223.026296481 217.652479082
212.192050178 206.67360756 201.128398571 195.590099509 190.094526055 184.679278925 179.383330642 174.246560845 169.309248952 164.611534171
160.192853778 156.091371274 152.343406427 148.982879336 146.040780457 143.54467809 141.518274069 139.981017417 138.947784461 138.428632506
347.147578123 346.325230211 344.688922988 342.255337391 339.049255333 335.103275571 330.457440237 325.158776567 319.260759377 312.822700785
305.909074564 298.588783283 290.934377075 283.021233447 274.926707986 266.729266162 258.50760661 250.339786374 242.30235851 234.469532294
226.912365931 219.698001267 212.888949426 206.54243566 200.709810913 195.436036785 190.759249611 186.710408415 183.313030406 180.583016618
178.528569148 177.150200342 176.440833093 176.385990356 176.964070834 178.146706783 179.899198869 182.181022093 184.946395956 188.14491128
191.722205445 195.620677256 199.780232237 204.139048791 208.634355537 213.203210006 217.78326898 222.313540917 226.735111217 230.991831492
235.030964551 238.803777406 242.266075387 245.3786712 248.107783696 250.425362044 252.309332003 253.743761996 254.718947803 255.231415668
255.283844766 254.884910931 254.049054625 252.796177033 251.151269129 249.143979333 246.808126205 244.181163226 241.303603325 238.218411276
234.970372419 231.605446422 228.170114938 224.710731968 221.272885695 217.900780276 214.636645774 211.520183933 208.588057007 205.873426149
203.405545192 201.209414851 199.305501488 197.709523698 196.432309025 195.479722116 194.852664656 194.547146432 194.554425903 194.861217676
195.449963445 196.299162008 197.383753258 198.675550279 200.143713055 201.755256753 203.47558709 205.26905496 207.099522237 208.930930592
210.72786509 212.4561045 214.083150411 215.578727611 216.915248573 218.068235452 219.016693591 219.743431221 220.235320841 220.483498555
