333.306762955 332.055523197 329.57574945 325.912373216 321.131602904 315.31952843 308.580311838 301.03400611 292.814052803 284.064516374
274.93711874 265.588141817 256.175268163 246.854430583 237.776740496 229.085562127 220.913795241 213.381423318 206.593376942 200.637753955
195.584428842 191.484074092 188.36760619 186.24605876 185.110875336 184.934604713 185.671972856 187.261297383 189.626203597 192.677595331
196.315829419 200.433039592 204.915554012 209.646350526 214.507494929 219.382510136 224.158627838 228.72887906 232.993985673 236.864021274
240.25981668 243.114092401 245.372307638 246.993222429 247.949176275 248.226092882 247.823226233 246.75266811 245.038641181 242.716604904
239.832203651 236.440087709 232.602638129 228.388625877 223.87183446 219.129673229 214.241806087 209.288817408 204.350933793 199.506816979
194.832439866 190.400054454 186.277257488 182.526156982 179.202640545 176.355744643 174.02712264 172.250608646 171.051873853 170.448172133
201.796599717 206.523521137 211.935424963 214.388350271 214.21813839 214.516480902 217.163507381 221.069634432 224.096519422 225.430307849
299.875165276 299.190412844 297.829639616 295.810178139 293.157702453 289.905844026 286.095689005 281.775164619 276.998324263 271.824542395
266.317631748 260.544896577 254.576136643 248.482617389 242.336022274 236.207403496 230.16614734 224.278970137 218.608960322 213.214681348
208.149349211 203.460097189 199.18733899 195.364239938 192.016304147 189.161083758 186.808014406 184.958379112 183.605400712 182.734460976
182.323442526 182.34318776 182.75806712 183.526647368 184.602448921 185.93477994 187.469633636 189.150634317 190.920016885 192.719624056
194.491905242 196.180901077 197.733197798 199.098836174 200.232160453 201.092593717 201.645327255 201.86191294 201.720749124 201.207452301
200.315108601 199.044401087 197.403610838 195.408491789 193.082021331 190.454030663 187.560720783 184.444071874 181.151155501 177.733360627
174.245545819 170.745131208 167.29114473 163.943237926 160.760687077 157.801395688 155.120914346 152.771493704 150.801185855 149.253008583
148.16418602 147.565478037 147.480609308 147.925807404 148.909457603 150.431880212 152.48523431 155.053549818 158.112887758 161.631626569
165.570870344 169.884972922 174.522169938 179.425309227 184.532668429 189.77884722 195.095720455 200.4134375 205.661452303 210.769568245
215.668981579 220.293307256 224.57957119 228.469153557 231.908668436 234.850766103 237.2548455 239.087665756 240.323847266 240.946254482
