282.111543105 281.30991606 279.727572042 277.406257779 274.408364325 270.816529615 266.732918061 262.278040501 257.588974439 252.816858026
248.123561725 243.677487802 239.648507007 236.202110238 233.492925886 231.657825478 230.808905588 231.026687267 232.35391039 234.790315389
238.288795883 242.753271414 248.038570077 253.952528229 260.260412244 266.691650415 272.948737897 278.718050935 283.682186211 287.533334277
289.987109808 290.796201846 289.763179018 286.751790997 281.696149423 274.607248133 265.576391199 254.775232848 242.452289612 228.925953975
214.574211689 199.821432566 185.122757807 170.946737246 157.756969862 145.993564703 136.055262848 128.283042581 122.945969743 120.229956206
268.410221883 268.308746037 268.108188862 267.813277164 267.430946982 266.970162454 266.441680666 265.857767768 265.23187275 264.578266246
263.911652555 263.24676372 262.597944976 261.978741125 261.40149348 260.876956879 260.413945912 260.019018969 259.696208005 259.446801005
259.269183073 259.158740894 259.10783402 259.105835032 259.13923921 259.191842863 259.244988012 259.277869683 259.267900695 259.191127564
259.022689942 258.737315026 258.309837491 257.715734826 256.931667461 255.936012827 254.709382393 253.235110919 251.499707521 249.49325874
247.2097746 244.647469612 241.808971835 238.701454415 235.336685414 231.730993304 227.905147061 223.884151447 219.696959677 215.376107326
210.957272834 206.478771492 201.980991109 197.505778792 193.095789317 188.793806416 184.642048971 180.681474531 176.951092759 173.487301401
170.323257079 167.488292711 165.007392633 162.90073555 161.183314292 159.864640063 158.948537357 158.433034159 158.310350323 158.566985288
159.183904468 160.136821899 161.396574923 162.929585039 164.698397428 166.662290206 168.777943158 171.000154561 173.282593798 175.578576756
177.841850529 180.02737373 182.092078735 183.99560247 185.700972839 187.175238696 188.390032187 189.32205351 189.953469483 190.272218842
273.409156551 275.869596451 280.429729176 286.40063695 292.828221638 298.582299428 302.465406648 303.333009278 300.215233983 292.429225009
279.671019122 262.076631215 240.243984794 215.210402289 188.384424531 161.435420512 136.149292435 114.262994445 97.2939612251 86.3823459342
82.1638110128 84.6883422924 93.3962806468 107.156878569 124.367828281 143.107180902 161.322758402 177.039376952 188.561610125 194.649817664
