249.43869813 248.356455098 246.249081798 243.228195375 239.454815757 235.131996166 230.495511286 225.803014682 221.322144992 217.3181074
214.041280757 211.715400489 210.526843057 210.615490274 212.067583374 214.910890225 219.112408404 224.578716284 231.158968673 238.650418053
246.806231923 255.345276235 263.963448589 272.346076689 280.18085039 287.17073166 293.046286925 297.576910586 300.580455986 301.930858558
301.563422546 299.477543504 295.73674964 290.466060894 283.84678057 276.108945202 267.521759364 258.382428893 249.003874736 239.701857342
230.782066162 222.527729252 215.18827434 208.969525868 204.025854679 200.454611097 198.293071858 197.518021198 198.047971091 199.747910293
202.436361443 205.894424935 209.876401834 214.12151976 218.36623813 222.356584745 225.859975298 228.675991093 230.645637004 231.658669387
235.794184234 234.404101738 230.82584223 223.907002446 212.839827505 197.813312426 180.324095698 162.979124353 148.821601651 140.404489904
138.947013099 143.893941897 153.058121068 163.314640983 171.609897357 175.928659528 175.873915463 172.654900533 168.496676491 165.698592313
198.957107794 201.692423978 206.910953238 214.131168186 222.685366644 231.77947577 240.563868316 248.208647678 253.976477148 257.286301284
257.762205289 255.263093491 249.890701076 241.975507159 232.042194717 220.758205179 208.870481806 197.136540936 186.2564574 176.812162064
169.219649197 163.698362031 160.260300105 158.719442699 158.720100652 159.780987444 161.350316116 162.866223441 163.816390935 163.790910992
162.523212521 159.915133131 156.043873698 151.150429455 145.610972819 139.894379346 134.510468834 129.9544424 126.653344458 124.920133431
