212.716245813 211.695619526 209.737541153 207.002575045 203.717490779 200.159418896 196.636399269 193.465616335 190.950773825 189.360125704
188.906645376 189.73168384 191.893247449 195.359731151 200.009592213 205.637064826 211.963622165 218.654514746 225.339376582 231.635615525
237.173109313 241.618627146 244.698395187 246.217323998 246.073610931 244.267709118 240.904999994 236.191896693 230.425517009 223.977471016
217.272684316 210.764499413 204.907544372 200.130013703 196.807061116 195.236953163 195.621479567 198.051868907 202.501132273 208.823372225
216.760173453 225.9537608 235.966196335 246.303515553 256.443396631 265.864734986 274.077372211 280.65021148 285.236042241 287.591589916
302.592571217 300.823388631 297.333599482 292.218747787 285.618188684 277.710498755 268.707621891 258.847964704 248.388692817 237.59750682
226.744193318 216.092251693 205.890890834 196.36767248 187.722049848 180.120012943 173.690007138 168.520240925 164.657444465 162.107084761
160.834988281 160.770269846 161.809419583 163.821359576 166.653250018 170.136802296 174.094844296 178.347881581 182.720406748 187.046727838
191.17611387 194.977090384 198.340758449 201.183055177 203.445920414 205.097380875 206.130607574 206.562043142 206.42873081 205.785005102
204.698724579 203.247238566 201.513282486 199.580990199 197.532197248 195.443186903 193.382002663 191.406417788 189.562616217 187.884601644
186.394314289 185.10239992 184.009544424 183.108261272 182.384999565 181.822428012 181.401745505 181.104872162 180.916385462 180.82508384
