340.829574421 340.195570095 338.933210695 337.053737268 334.573868362 331.515630184 327.906133083 323.777296829 319.165527732 314.111351161
308.659003507 302.855988073 296.752599743 290.401423631 283.856813131 277.174353031 270.410313447 263.621100432 256.86270906 250.190184784
243.657098647 237.315041805 231.213144482 225.397624235 219.911367957 214.793551699 210.079301881 205.799400987 201.980040318 198.642621808
195.803610367 193.474437629 191.661457409 190.365952615 189.584192785 189.307540899 189.522607598 190.211450447 191.351815459 192.917417651
194.878257088 197.200966516 199.849186455 202.783963388 205.964166543 209.346918664 212.888036114 216.542473664 220.264769392 224.009485219
227.731638759 231.3871224 234.933105728 238.328417723 241.533905454 244.51276635 247.230851461 249.656937533 251.762966088 253.524248109
254.919633309 255.931643386 256.546569022 256.754530766 256.54950431 255.929310977 254.895574571 253.453646006 251.612497404 249.384587564
246.785700897 243.834762088 240.553628867 236.966865372 233.101498642 228.986760821 224.653819633 220.135499713 215.465997262 210.680590483
205.815348137 200.906838449 195.991840469 191.107059893 186.288851156 181.572947504 176.994200596 172.586331011 168.381690939 164.411040136
160.703336141 157.285539584 154.182435315 151.416469974 149.007606518 146.973196133 145.327867871 144.083436311 143.24882744 142.830022931
232.931593538 232.24951191 230.900486781 228.914453617 226.335471526 223.220732152 219.639274037 215.670432045 211.402057519 206.928550106
202.348746404 197.763713818 193.274500069 188.979889687 184.974218484 181.345295522 178.172479391 175.524951895 173.460227481 172.022931112
171.243870957 171.139425264 171.711255431 172.94634968 174.817394003 177.283459533 180.290988185 183.775051643 187.660852572 191.865431558
196.299538795 200.869626005 205.479911705 210.034471632 214.439305998 218.604336294 222.445286481 225.885406606 228.857001088 231.302728908
233.176648776 234.444988694 235.086626155 235.093272312 234.469360602 233.231647427 231.408539316 229.03916739 226.17223584 222.86467619
219.180143456 215.187393645 210.958584395 206.567541819 202.088036864 197.592113561 193.148509661 188.821207197 184.668146698 180.740134118
177.079964213 173.72177823 170.690667464 168.002527765 165.664163452 163.673632663 162.020819898 160.688215768 159.651878697 158.882548824
158.346880609 158.008757847 157.830652928 157.77499137 157.805482823 157.888380982 157.993637036 158.095914414 158.175436579 158.218644322
