368.388136846 367.834535474 366.677238674 364.821122564 362.135791883 358.469317473 353.664940506 347.579502177 340.102212487 331.1723206
320.794296292 309.049274736 296.101746817 282.200779726 267.675408771 252.924227993 238.399599521 224.587273743 211.982539947 201.064288092
192.268538958 185.963079593 182.424817143 181.821336908 184.197926459 189.471019718 197.428641384 207.738015612 219.96006901 233.570133747
247.983768437 262.586287092 276.764340778 289.937748852 301.589736865 311.293810037 318.735671219 323.728870444 326.223233369 326.305536703
324.192354987 320.215467204 314.800655584 308.441125375 301.667099215 295.01337276 288.986745119 284.035250204 280.521012262 278.69833651
222.55175786 219.377429467 213.221630719 204.458979134 193.62429309 181.381812749 168.486968731 155.742892091 143.954156719 133.880398281
126.192453896 121.433514958 119.987491417 122.05636758 127.647812164 136.573719433 148.459738077 162.765225698 178.812484602 195.823621509
212.962958048 229.382622508 244.26879145 256.886029633 266.617297536 272.997449013 275.738411614 274.744707068 270.118502863 262.153958058
251.321206174 238.240874204 223.650540169 208.36495624 193.232188784 179.08803482 166.711156579 156.781328976 149.843022267 146.276253763
143.018228221 143.2688537 143.768438199 144.513648672 145.499485736 146.719285199 148.164722268 149.825820166 151.690965195 153.74693055
155.978911278 158.37057285 160.904115756 163.56035833 166.31883979 169.157945081 172.055052658 174.986705798 177.928807456 180.856837957
183.74609421 186.571948321 189.310122884 191.936979449 194.429816116 196.767169582 198.929116513 200.897568716 202.656556335 204.192493137
205.494417984 206.554206682 207.366748748 207.930084017 208.245494604 208.317548448 208.154091469 207.766186299 207.167996565 206.376616763
205.411848883 204.295928059 203.053200665 201.70975932 200.293040319 198.831389923 197.353606756 195.888468269 194.464249746 193.1082447
191.84629573 190.702344863 189.698012265 188.852211803 188.180811375 187.696345192 187.407784286 187.320370445 187.435517619 187.750783528
188.259912857 188.952951989 189.816433814 190.833629707 191.984864417 193.24788826 194.598299846 196.010011463 197.455748326 198.907572146
200.337418915 201.717640445 203.021539056 204.223884907 205.301405708 206.23323913 207.00133888 207.590826337 207.990280732 208.191962021
