323.618463685 323.416756798 323.011068226 322.396989074 321.568252328 320.517133395 319.234959653 317.712709098 315.941674553 313.914167085
311.624230412 309.068337178 306.246038129 303.16053645 299.819161641 296.233720529 292.420706896 288.401355928 284.201534902 279.851467118
275.385291917 270.840469403 266.257044101 261.676787014 257.142240152 252.695691587 248.378112064 244.228086337 240.280773324 236.566929147
233.112025819 229.935496065 227.050131391 224.461656213 222.168495762 220.161749741 218.425377438 216.936593523 215.666467157 214.580710557
213.640637104 212.804263442 212.027525206 211.265572043 210.474104611 209.61071446 208.636187007 207.515728446 206.220079202 204.726479518
203.019456825 201.091409551 198.942967905 196.583118636 194.029087739 191.30598226 188.446199561 185.488619417 182.477600898 179.461811969
176.492924881 173.624214632 170.909100829 168.399675207 166.145257611 164.191022648 162.576737209 161.335645925 160.49353736 160.068018427
211.542544143 209.604982734 205.850931295 200.515195374 193.932089023 186.515190427 178.732315906 171.077240275 164.039888164 158.076811249
153.583744823 150.871905412 150.14945749 151.509256338 154.92358594 160.24617956 167.221363133 175.499725672 184.659323387 194.231089791
203.726873132 212.668370429 220.615183192 227.190285959 232.101370449 235.156794369 236.275207605 235.488327974 232.936768604 228.859252439
223.575959032 217.467109255 210.948182324 204.443358892 198.358881668 193.058015547 188.839173502 185.918560424 184.418388595 184.361354821
185.671663755 188.182460497 191.649125058 195.767507672 200.195871061 204.579073237 208.573386899 211.870317577 214.217854206 215.437758097
