291.305375413 291.031183711 290.484915601 289.670783336 288.595059632 287.266023331 285.693887712 283.890712101 281.870297562 279.648067626
277.240935104 274.667156206 271.946173252 269.098447402 266.145282897 263.108644387 260.010968974 256.874974669 253.723466945 250.579145141
247.464410415 244.401176976 241.410688253 238.513339635 235.728509357 233.074398996 230.56788501 228.224382586 226.057723 224.080045533
222.301704879 220.731194816 219.375088773 218.237997777 217.32254609 216.629364691 216.157102606 215.902455907 215.860214054 216.023323095
216.382965082 216.928652922 217.648339735 218.528541663 219.554472965 220.71019211 221.978757481 223.342391246 224.782649843 226.280599497
227.816995142 229.372461087 230.92767176 232.463530863 233.961347303 235.40300629 236.77113404 238.049254596 239.221937346 240.274933924
241.195303267 241.971523713 242.593591182 243.053102561 243.343323605 243.459240781 243.397596654 243.156908539 242.737470348 242.141337669
241.372296296 240.435814591 239.338980182 238.090421671 236.700216151 235.179783472 233.541768305 231.799911164 229.968909674 228.064271417
226.102159796 224.099234413 222.072487481 220.039077865 218.016164319 216.020739522 214.069466493 212.178518922 210.363426949 208.638929827
207.018836861 205.515897923 204.141684754 202.906484149 201.819204014 200.88729315 200.116675504 199.511699455 199.075102594 198.807992283
198.709842135 198.778504408 199.010238148 199.39975276 199.940266566 200.623579723 201.440160778 202.379245983 203.428950385 204.576389585
205.807810964 207.108733092 208.464091945 209.858392499 211.275864229 212.700618984 214.116809713 215.508788488 216.861262301 218.159445106
219.389204652 220.537202667 221.591027046 222.539314763 223.371864309 224.07973658 224.655343238 225.092521683 225.386595923 225.534422744
