290.102086401 289.935344908 289.602875821 289.106699966 288.449831207 287.636255727 286.670904628 285.559620047 284.309115005 282.926927293
281.421367693 279.801462901 278.076893557 276.257927797 274.355350791 272.38039076 270.344641978 268.259985288 266.138506685 263.99241452
261.833955903 259.675332862 257.528618848 255.40567615 253.318074779 251.277013375 249.293242681 247.376992085 245.537899744 243.784946746
242.126395756 240.569734555 239.12162485 237.787856686 236.573308762 235.481914913 234.516636971 233.679444172 232.971299248 232.392151275
231.940935317 231.615578868 231.41301502 231.329202266 231.359150809 231.49695517 231.735832883 232.068169016 232.485566202 232.97889986
233.538378225 234.153606801 234.813656791 235.507137086 236.222269314 236.946965477 237.668907677 238.37562941 239.054597913 239.693297046
240.27931017 240.800402526 241.244602567 241.600281768 241.856232402 242.001742808 242.026669704 241.92150708 241.677451291 241.286461926
240.741318121 240.035669969 239.164084725 238.122087563 236.906196621 235.513952163 233.943939694 232.195806897 230.27027431 228.169139708
225.895276163 223.452623814 220.846175421 218.081955786 215.166995189 212.109296994 208.917799643 205.602333246 202.173571053 198.64297607
195.022743158 191.325736932 187.565425834 183.755812745 179.911362547 176.046927027 172.177667561 168.318976009 164.486394246 160.695532798
156.961989012 153.301265217 149.728687327 146.259324314 142.907909005 139.688760613 136.615709435 133.702024102 130.960341781 128.402601701
126.039982349 123.882842665 121.940667564 120.222018045 118.734486176 117.484655168 116.478064766 115.719182119 115.2113783 114.956910585
