221.417010906 221.760209469 222.443912061 223.462751082 224.808728609 226.471280068 228.437358302 230.691537322 233.216134881 235.991352847
238.99543419 242.204835291 245.594412125 249.137618766 252.806716574 256.572992312 260.406983403 264.278708451 268.157901132 272.014245521
275.817610939 279.538284388 283.147198676 286.616154404 289.918033998 293.027006083 295.918718564 298.570478899 300.961420133 303.072651426
304.887391914 306.391086924 307.57150566 308.418819718 308.925661878 309.087164841 308.900979735 308.367274377 307.488711469 306.270407065
304.719869804 302.846921588 300.663600507 298.184046988 295.424374254 292.402524326 289.138110912 285.652250603 281.967383926 278.107087849
274.095881397 269.959026082 265.722322899 261.411907618 257.054046131 252.674931576 248.300484936 243.956160771 239.66675965 235.456248812
231.347592473 227.362593093 223.521744825 219.84410023 216.347151218 213.046725029 209.956895952 207.08991328 204.456145915 202.064043813
199.920116358 198.028927577 196.393107958 195.013382479 193.888614345 193.015863744 192.390460847 192.006092142 191.854899066 191.927587829
192.213549216 192.70098707 193.37705413 194.227993806 195.239286466 196.395798777 197.681934639 199.081786252 200.579283878 202.158342897
203.803006798 205.497584812 207.226782951 208.975827327 210.730578678 212.477637178 214.204436667 215.899327603 217.551648125 219.151782765
220.691208468 222.162527715 223.559488687 224.876992527 226.111087891 227.258953133 228.318866548 229.290165253 230.173193392 230.969240429
231.680470424 232.30984325 232.861028783 233.338315179 233.746512375 234.090852028 234.376885085 234.610378241 234.797210505 234.943271099
235.054359893 235.136091524 235.19380432 235.23247508 235.256640677 235.270327393 235.276988788 235.279452807 235.27987873 235.279724451
