229.448732296 229.675474767 230.124161143 230.785298932 231.644908793 232.684829705 233.883115794 235.214516475 236.651029783 238.162517205
239.717367038 241.283192192 242.827547634 244.318652194 245.726099277 247.021541253 248.179332704 249.17711857 249.996354259 250.622746174
251.046602677 251.263087329 251.272368233 251.079659394 250.695152272 250.133837915 249.415222368 248.562940259 247.604273605 246.569584914
245.491675471 244.405081356 243.345321115 242.348110147 241.448557664 240.680362637 240.075025289 239.661090579 239.463439631 239.502644287
239.794398839 240.349041611 241.171177414 242.259409996 243.606191533 245.197793969 247.014404655 249.030346309 251.214418903 253.530358614
255.937406712 258.390978936 260.843423956 263.244857571 265.544057747 267.689404222 269.629845399 271.315874505 272.700496663 273.74016845
274.395691901 274.63304555 274.424136125 273.747455862 272.588631994 270.940856905 268.80518951 266.190720799 263.114598874 259.601911441
255.68542629 251.405192947 246.808011253 241.946775122 236.87970206 231.669461214 226.382214636 221.086588125 215.852589396 210.750492351
205.849706985 201.217654754 196.918669265 193.012941748 189.555530042 186.595448718 184.174856599 182.328356158 181.082417366 180.454936275
183.449106219 182.977150731 182.076262777 180.829581739 179.354732966 177.795828122 176.313600234 175.074295522 174.238023507 173.947302658
174.316528766 175.423037904 177.300338753 179.933956268 183.26016837 187.167739584 191.502571322 196.075009211 200.669384733 205.055231371
208.999513071 212.279141276 214.693039854 216.073045849 216.293006201 215.275541866 212.996094004 209.484033162 204.820791207 199.135156059
192.596039711 185.403180236 177.77635899 169.943797884 162.130443263 154.54684026 147.379254976 140.781614583 134.869713245 129.717982496
125.358958008 121.785401181 118.954864742 116.796337281 115.218472157 114.118809547 113.393342777 112.94576474 112.695758312 112.585763972
