208.725870595 209.251808565 210.297599791 211.851149889 213.89450394 216.404067825 219.35089892 222.701062475 226.416049126 230.453248238
234.766471046 239.306516969 244.021775871 248.858858652 253.76324815 258.679962113 263.55421984 268.332104074 272.961209767 277.39127156
281.574762066 285.46745346 289.028935339 292.223082407 295.018466174 297.388705609 299.312752458 300.775107796 301.765967286 302.281293495
302.322814624 301.897949894 301.019662816 299.706244492 297.981029965 295.872051543 293.411633776 290.635935547 287.584445386 284.299436723
280.825390283 277.208391258 273.495509173 269.734168595 265.971518912 262.253811421 258.625791833 255.130116092 251.806797085 248.692689392
245.821018718 243.220962042 240.917283859 238.930033127 237.274304727 235.960068408 234.992067286 234.369787036 234.087496018 234.134355617
234.494599166 235.147776931 236.069063753 237.229625134 238.597036805 240.135752079 241.807610719 243.572382467 245.388337964 247.212839431
249.002943211 250.716006157 252.310287776 253.74554013 254.983577648 255.988819266 256.728795725 257.17461526 257.301381522 257.088558185
256.52027538 255.585573915 254.278584012 252.598636191 250.550302808 248.143369687 245.392738182 242.318258957 238.944499632 235.300449349
231.419164121 227.337357618 223.094942751 218.734530075 214.300889591 209.840383018 205.400373977 201.028623838 196.772681166 192.679272772
188.793704373 185.15927873 181.816738896 178.803743899 176.154383731 173.898740016 172.06249813 170.666615858 169.727052946 169.254565093
