282.197260166 282.104405064 281.919285285 281.643077401 281.277535609 280.824979019 280.288274864 279.670817738 278.976505029 278.209708725
277.375243803 276.478333435 275.524571269 274.519881066 273.470473996 272.382803894 271.263520831 270.119423313 268.957409496 267.78442774
266.607426895 265.433306666 264.26886843 263.120766858 261.995462706 260.899177104 259.837847681 258.817086851 257.84214255 256.9178617
256.04865668 255.238475022 254.49077255 253.808490154 253.194034347 252.649261743 252.175467546 251.773378135 251.443147766 251.184359411
250.996029704 250.876617949 250.824039092 250.835680563 250.908422825 251.038663483 251.22234474 251.454983998 251.731707352 252.047285716
252.39617331 252.772548207 253.170354629 253.583346671 254.005133134 254.42922311 254.849072008 255.258127646 255.649876109 256.017887
256.355857787 256.657656908 256.917365333 257.129316293 257.288132893 257.388763357 257.426513655 257.39707731 257.296562179 257.121514043
256.868936862 256.536309585 256.121599416 255.623271476 255.040294839 254.372144928 253.61880229 252.780747821 251.858954493 250.854875713
249.770430426 248.607985125 247.370332945 246.060670031 244.68256941 243.239952586 241.737059124 240.178414472 238.568796304 236.913199664
235.216801197 233.48492277 231.722994762 229.936519332 228.131033949 226.312075461 224.485145002 222.655673972 220.828991381 219.010292761
217.204610901 215.416788594 213.651453581 211.912995877 210.205547601 208.532965444 206.898815869 205.306363119 203.758560075 202.258041991
200.807123098 199.407796067 198.061734252 196.770296662 195.534535549 194.355206498 193.232780881 192.167460498 191.159194247 190.20769662
189.312467806 188.472815201 187.687876069 186.956641132 186.277978832 185.650660022 185.073382825 184.544797419 184.063530485 183.6282091
183.237483802 182.890050628 182.584671906 182.320195572 182.095572863 181.909874178 181.762302977 181.65220757 181.579090692 181.542616761
