275.598678146 275.389776913 274.973410332 274.352439954 273.531132644 272.515130224 271.311409332 269.928231794 268.375085835 266.662618574
264.802560262 262.807640811 260.691499201 258.468586413 256.154062573 253.763689034 251.313716173 248.820767691 246.301722236 243.773593201
241.253407537 238.758084457 236.304314875 233.908442464 231.586347146 229.353331875 227.224013499 225.212218485 223.33088425 221.591966808
220.006355381 218.58379459 217.332814794 216.260671055 215.373291185 214.675233244 214.169652798 213.858280173 213.741407875 213.817888278
214.085141588 214.539174058 215.174606307 215.984711568 216.961463593 218.095593883 219.376657852 220.793109445 222.332383714 223.98098675
225.724592353 227.548144749 229.435966651 231.371871879 233.339281761 235.321344489 237.301056585 239.26138562 241.185393325 243.0563582
244.857896783 246.574082691 248.189562606 249.689668371 251.0605244 252.289149638 253.363553346 254.272824011 255.007210769 255.558196724
255.918563663 256.082447679 256.045385303 255.804349806 255.357777402 254.70558315 253.849166427 252.791405921 251.53664416 250.090661678
248.460640966 246.655120473 244.683938938 242.558170448 240.290050656 237.89289466 235.38100712 232.769585213 230.074615112 227.312762691
224.501259223 221.657782862 218.800336721 215.94712441 213.116423893 210.326460537 207.59528025 204.94062359 202.379801722 199.929575093
197.606035682 195.424493637 193.399369117 191.544090071 189.870996708 188.391253304 187.114767985 186.050121054 185.204502367 184.583658209
184.191848056 184.031811523 184.104745762 184.410293456 184.946541528 185.71003057 186.695774954 187.897293489 189.306650424 190.914506534
192.71017994 194.68171625 196.815967555 199.098679738 201.514587499 204.047516451 206.680491589 209.395851384 212.175366726 215.000363896
217.851850718 220.710645032 223.5575046 226.373257547 229.138932441 231.835887119 234.445935364 236.951470568 239.335585511 241.582187454
243.676107729 245.603205076 247.350462027 248.906073643 250.259528021 251.40167799 252.324803518 253.022664389 253.490542788 253.725275499
217.377724635 216.776772252 215.592893555 213.861666209 211.635282535 208.981173849 205.980230886 202.724665444 199.315567442 195.86021939
192.469236486 189.253605071 186.321694871 183.776321267 181.711932749 180.211995708 179.346643955 179.170653843 179.721797876 181.019620315
183.064667833 185.838196965 189.302368235 193.400924668 198.060340299 203.191412508 208.691260812 214.445684523 220.33182254 226.221050843
231.98204711 237.483947455 242.599517745 247.208261297 251.199386017 254.474557271 256.95036776 258.560462411 259.257264567 259.013259379
257.821801014 255.697421892 252.67563428 248.812226998 244.182072345 238.877470384 233.006069126 226.688409582 220.055153997 213.24406341
206.396796993 199.655610125 193.160030812 187.043594744 181.430718049 176.433783576 172.150511525 168.66167842 166.029240071 164.294904455
163.479189549 163.580989441 164.577659712 166.425620477 169.061462917 172.403532857 176.353953371 180.80103766 185.622033954 190.686136085
195.857686847 200.999496581 205.976196528 210.657545662 214.921610752 218.657742514 221.769275572 224.175886708 225.8155541 226.646069986
