310.57997252 309.102184634 306.179431203 301.876576778 296.288987711 289.540270601 281.779346969 273.176938217 263.921549598 254.215054156
244.267987194 234.294668349 224.508271824 215.115965588 206.314237389 198.28451946 191.18921488 185.168217109 180.336000436 176.779343508
174.555731082 173.692461256 174.186467062 176.004843107 179.086050295 183.341755107 188.659244861 194.904347235 201.924771368 209.553779436
217.614091752 225.921925412 234.291066206 242.536875911 250.480142083 257.950684733 264.790643692 270.85738155 276.025949531 280.191077093
283.268659994 285.196735606 285.935948021 285.469518511 283.802748887 280.962095873 276.993863551 271.962568028 265.949033577 259.048282569
251.367282503 243.022612489 234.138108704 224.842543833 215.267389646 205.544704744 195.805181646 186.176378935 176.781155618 167.736316323
159.151467998 151.128081435 143.758744636 137.126589903 131.304872686 126.356677818 122.334727805 119.281268303 117.228007723 116.196090907
248.842701152 246.303233255 241.386153126 234.405569244 225.809209433 216.151866618 206.062503953 196.206974228 187.248564948 179.808703566
174.430139798 171.544765299 171.447945252 174.280839328 180.021705792 188.486641845 199.339648914 212.111357902 226.22524 241.029694387
255.834070761 269.946471956 282.711101731 293.542979166 301.9580291 307.596865116 310.240987553 309.820597925 306.413752635 300.237110166
291.629033949 281.026266469 268.935761133 255.903524751 242.482469568 229.201291825 216.536284143 204.88775997 194.562435804 185.76270332
178.583256041 173.015044645 168.956052932 166.227944193 164.597253458 163.799518566 163.564570074 163.641147122 163.819076309 163.947438182
125.304557501 136.359368905 150.56693653 159.853335705 163.294008848 166.83205134 176.578113764 192.888925042 210.192777071 221.197133627
