316.304289618 315.963983311 315.285082005 314.270998655 312.926828605 311.259320834 309.276839889 306.989318729 304.408202741 301.546385289
298.418135152 295.039016285 291.425800394 287.596372811 283.569632254 279.365385043 275.004234407 270.507465526 265.896926991 261.194909378
256.424021641 251.607066069 246.76691251 241.926372637 237.108074951 232.334341281 227.62706549 223.007595082 218.496616422 214.1140442
209.878915816 205.809291251 201.922159035 198.233348823 194.757451086 191.507744363 188.496130487 185.733078136 183.227575013 180.987088918
179.01753791 177.323269693 175.907050332 174.770062324 173.911911997 173.330646169 173.022777921 172.9833213 173.205834714 173.682472717
174.404045839 175.360088078 176.538931613 177.927788249 179.512837091 181.279317877 183.211629393 185.293432344 187.507756044 189.837108253
192.263587496 194.768997146 197.334960591 199.943036753 202.574835284 205.212130693 207.836974748 210.431806444 212.979558885 215.463762427
217.86864347 220.179218298 222.381381417 224.461987858 226.408928971 228.211201255 229.858967829 231.343612201 232.657784009 233.795436504
234.751855557 235.52368005 236.108913549 236.506927229 236.718454053 236.74557428 236.591692425 236.261505843 235.760965159 235.097226838
234.278598192 233.314475225 232.215273713 230.992353975 229.657939843 228.22503235 226.707318694 225.119077087 223.475078077 221.790483003
220.080740217 218.361479744 216.648407058 214.957196637 213.30338599 211.702270815 210.168801961 208.717484842 207.362281938 206.116518994
204.992795519 204.002900125 203.157731266 202.467223839 201.940282136 201.584719538 201.407205347 201.413219064 201.607012409 201.991579311
202.568634037 203.338597611 204.300592578 205.452446156 206.790701729 208.310638614 210.006299962 211.870528605 213.895010619 216.070326322
218.386008365 220.830606555 223.39175898 226.056268997 228.810187565 231.638900422 234.527219533 237.459478231 240.419629443 243.391346379
246.35812504 249.303387892 252.21058806 255.063313351 257.84538949 260.540981864 263.134695175 265.611670337 267.957678019 270.159208238
272.203555436 274.078898499 275.774375213 277.280150689 278.587479317 279.688759867 280.577583379 281.248773542 281.698419311 281.92389955
