292.428663225 292.229023393 291.831398319 291.239080059 290.456964075 289.491498611 288.350618057 287.043661026 285.581274043 283.975301884
282.238665782 280.385230807 278.429663874 276.387283925 274.273905922 272.105680336 269.898929889 267.669985316 265.435021937 263.209898806
261.010002181 258.850095015 256.744174082 254.705336285 252.74565559 250.876071884 249.106292968 247.444710705 245.898332212 244.472726811
243.171989281 241.998719761 240.954020484 240.037509329 239.24734999 238.58029837 238.031764649 237.595890277 237.265638988 237.032900785
236.888607675 236.822859833 236.825060747 236.884059769 236.988300478 237.125973116 237.28516939 237.454037843 237.620938032 237.77459175
237.90422955 237.999730904 238.051756386 238.051870346 237.992652686 237.867798416 237.672203852 237.402038435 237.054801336 236.629362145
236.125985168 235.546336985 234.89347717 234.17183219 233.387152769 232.546455115 231.657946638 230.730936951 229.775735086 228.803534067
227.826284061 226.856555523 225.907393808 224.992166873 224.124407738 223.317653455 222.585282378 221.940351541 221.395435975 220.962471761
220.652604588 220.476045537 220.441935732 220.558221401 220.831540797 221.267124302 221.868708868 222.638467849 223.576957068 224.68307781
225.954057251 227.385446631 228.971137313 230.703394649 232.572909397 234.568866246 236.679028798 238.889840213 241.18653851 243.55328539
245.973307283 248.429047189 250.902325757 253.374509959 255.826687616 258.239845969 260.595052447 262.873635745 265.057365332 267.128627512
269.070596186 270.867396546 272.504259963 273.967668456 275.245487216 276.327083797 277.203432716 277.867204356 278.312837245 278.536592939
217.498366772 216.709986167 215.139191561 212.799219986 209.713043295 205.916717797 201.463233402 196.4263966 190.904239042 185.021442262
178.930310569 172.809906329 166.863079999 161.311273847 156.387143597 152.325214944 149.350959984 147.668829845 147.449902906 148.819893185
151.848303143 156.539494719 162.826390223 170.567402624 179.547037992 189.480419423 200.021762679 210.776601654 221.317330656 231.201414756
239.991432781 247.27597243 252.690303472 255.935720459 256.796474578 255.153305483 250.992734413 244.411482579 235.615622977 224.914346534
212.708509498 199.474412363 185.743524925 172.079102125 159.050817419 147.208663737 137.057428746 129.033037408 123.481970675 120.644818765
