255.902591495 255.452708177 254.561718382 253.247020658 251.53432777 249.457212266 247.056513193 244.379614443 241.479607517 238.414353508
235.245460871 232.037197013 228.855352857 225.766080353 222.834723293 220.124661896 217.696191288 215.605453339 213.903440332 212.635087555
211.838470307 211.54411885 211.774462735 212.543413554 213.856092691 215.708708047 218.088581057 220.974322663 224.336154286 228.136367306
232.329912182 236.865106114 241.684446152 246.725512945 251.921948815 257.204492738 262.502053959 267.742805502 272.855278697 277.769440042
282.417732294 286.736062512 290.664720999 294.149216523 297.141014911 299.598170035 301.485838332 302.776670204 303.45107402 303.49735078
302.911699917 301.698099024 299.868062565 297.440286719 294.440189495 290.89935696 286.854907962 282.348790966 277.427027574 272.138917992
266.536224039 260.672345346 254.601504156 248.377953532 242.055222979 235.685414363 229.318559651 223.002050481 216.780147799 210.693577979
204.77921986 199.069885113 193.594192342 188.376533292 183.437127645 178.792160996 174.453998988 170.431469036 166.730199787 163.353007416
160.300317024 157.570606891 155.160863051 153.067031701 151.284457224 149.808294206 148.633882623 147.757076458 147.17451728 146.883845763
353.743975504 349.734334636 342.047884059 331.320844418 318.436619389 304.447928502 290.484334833 277.653518212 266.945164744 259.146043556
254.77375421 254.034859661 256.810840212 262.672730986 270.922682599 280.658258307 290.8532767 300.447610355 308.437682016 313.959513978
316.357061376 315.23010134 310.458000045 302.198034104 290.859370389 277.056073978 261.544401217 245.150967199 228.699034511 212.94010058
198.497184642 185.8248219 175.188911582 166.667431761 160.170846351 155.479010874 152.289736369 150.273058724 149.124791581 148.613156544
219.831079489 220.261855841 221.108368806 222.341038218 223.916725821 225.780168625 227.865816537 230.100014343 232.403456843 234.693837004
236.888600621 238.907717422 240.676377926 242.127527657 243.204155474 243.861260672 244.067433814 243.805998699 243.075677021 241.890752698
240.280729029 238.289488265 235.973979291 233.402474497 230.652450864 227.808162635 224.957982975 222.191599719 219.597155131 217.258421666
215.252104704 213.64535939 212.493601957 211.838686653 211.707507764 212.111072704 213.044077102 214.484996789 216.396695014 218.727526726
221.412905787 224.377286094 227.536494281 230.800340292 234.07542314 237.268042791 240.287125616 243.047070268 245.470423305 247.490299184
249.05246734 250.1170396 250.659703903 250.672464701 250.163866155 249.158690723 247.697142471 245.833540897 243.634566689 241.177115159
238.545825659 235.830365625 233.122555783 230.513428153 228.090310624 225.934031104 224.116330408 222.697566432 221.724782857 221.230204027
