211.027000108 211.239852863 211.663742632 212.295053526 213.128400562 214.156675915 215.371109985 216.761346752 218.315532795 220.020419223
221.861475646 223.82301524 225.888329843 228.039833938 230.259216307 232.52759808 234.82569583 237.133988341 239.432885623 241.702898759
243.924809115 246.079835488 248.149797764 250.117275681 251.965761346 253.679804184 255.245147086 256.648852568 257.879417839 258.9268778
259.782895032 260.440836007 260.895832813 261.14482985 261.18661503 261.021835198 260.652995568 260.084443149 259.322334225 258.374586131
257.250813658 255.962250583 254.521656919 252.943212621 251.242398587 249.435865911 247.541294425 245.5772417 243.562983712 241.518348489
239.463544094 237.418982372 235.40509991 233.4421777 231.550161004 229.748480938 228.055879257 226.490237832 225.068414268 223.806085045
222.717597554 221.815832277 221.112076335 220.615909505 220.335103717 220.275536948 220.441122305 220.83375297 221.453263552 222.297408273
223.361856264 224.640204106 226.124005639 227.802818889 229.664269846 231.694132674 233.87642581 236.19352328 238.626280412 241.154173038
243.755449141 246.407291812 249.085992268 251.767131618 254.425769978 257.036641462 259.574353534 262.013589164 264.329310194 266.496960308
268.492666 270.293433926 271.87734308 273.223730223 274.313367083 275.128627882 275.653645809 275.874457165 275.779131964 275.357889906
274.603200736 273.50986811 272.075096237 270.298538687 268.182328876 265.731091921 262.951937659 259.854434791 256.450566265 252.75466614
248.783338333 244.55535778 240.091554698 235.414682749 230.549272041 225.521468034 220.358857502 215.090282835 209.74564605 204.355703936
198.951855882 193.565925948 188.22994081 182.975905249 177.83557686 172.840241687 168.020492461 163.406011128 159.025357299 154.905764244
151.07294394 147.5509027 144.361768732 141.525632983 139.060404447 136.981681055 135.302637123 134.033928219 133.183614165 132.757100778
