345.454116284 344.636651562 343.010773071 340.594478191 337.414502921 333.506013293 328.912199696 323.683778959 317.87841018 311.560031246
304.798124012 297.666916871 290.244534257 282.612103171 274.852827372 267.051040199 259.291247239 251.657170142 244.23080283 237.091491183
230.31504693 223.972906074 218.131341553 212.850739188 208.184945156 204.180692323 200.87711179 198.305334971 196.488190365 195.439998044
195.166463696 195.664672806 196.923184385 198.922222443 201.633962216 205.022907048 209.04635074 213.654919198 218.793184259 224.400341782
230.410945341 236.755686273 243.362210309 250.155960684 257.061037356 264.001061876 270.900037449 277.683193927 284.277807695 290.613986874
296.625412751 302.250028989 307.430670923 312.115628032 316.259133637 319.821776796 322.770832439 325.080506828 326.732096542 327.714060298
328.022004007 327.65858061 326.633307228 324.962303273 322.667954049 319.77850533 316.327595186 312.353730081 307.899712864 303.012030853
297.740212554 292.136161916 286.253479162 280.146777297 273.871003339 267.480773114 261.029728178 254.56992298 248.151249908 241.820909202
235.622930029 229.597748257 223.781845563 218.207453657 212.902326424 207.889581823 203.187614371 198.810078077 194.765938656 191.059592939
187.691052441 184.656187173 181.947025002 179.552101066 177.456851155 175.644042339 174.094233704 172.786259653 171.697727985 170.805524827
170.086318441 169.517054023 169.075431801 168.740361033 168.492382922 168.314055961 168.190297823 168.108678581 168.059660809 168.036782913
