213.197873284 213.188014343 213.16817669 213.138124907 213.097516096 213.045911984 212.982794742 212.907586287 212.819670748 212.718419721
212.603219912 212.473502705 212.328775164 212.16865193 211.992887497 211.801408261 211.594343806 211.372056829 211.13517115 210.884597245
210.621554785 210.347591666 210.064599083 209.774822212 209.48086615 209.185696787 208.892636356 208.605353495 208.327847676 208.064427977
207.819686216 207.598464557 207.405817753 207.246970304 207.127268828 207.052130066 207.026984969 207.057219402 207.148112046 207.304770136
207.532063709 207.834559097 208.216452401 208.681503716 209.232972913 209.873557745 210.605335075 211.429705998 212.347345609 213.358158128
214.46123807 215.654838081 216.936344019 218.302257786 219.748188348 221.268851295 222.858077235 224.508829188 226.213229099 227.962593451
229.747477903 231.557730754 233.382554947 235.210578229 237.029931005 238.828331298 240.593176193 242.311639014 243.970771441 245.557609701
247.059283898 248.46312951 249.756800033 250.928379725 251.966495382 252.860426068 253.600209713 254.176745532 254.581891201 254.808553797
254.850773529 254.703799354 254.364155631 253.829699035 253.099665055 252.174703463 251.05690225 249.749799644 248.258383899 246.589080689
244.749728035 242.749538815 240.599051039 238.31006616 235.895575826 233.369677602 230.747480259 228.04499938 225.279044087 222.467095812
219.627180106 216.777732546 213.937459875 211.125197562 208.35976499 205.659819547 203.043710877 200.529336572 198.134000585 195.874275609
193.76587065 191.82350498 190.060789588 188.490117207 187.1225619 185.967789104 185.033976963 184.327749647 183.85412326 183.616464847
242.36056657 242.276837785 242.108315514 241.852925135 241.507690164 241.068890695 240.532267902 239.893269013 239.147326036 238.290160469
237.318105451 236.228436159 235.019698836 233.692028677 232.247446793 230.690126796 229.026621995 227.266044952 225.420192043 223.503606794
221.533577027 219.530062281 217.515549495 215.51483653 213.554744808 211.663763947 209.871632975 208.208864234 206.706217618 205.394134108
204.302138796 203.458224598 202.888228656 202.615214002 202.658869402 203.034940335 203.754703899 204.824499949 206.245330072 208.012535016
210.115559983 212.537815788 215.256642248 218.243378398 221.463542225 224.877120584 228.43896793 232.099310377 235.804349558 239.496958752
243.117461829 246.604483818 249.895860295 252.92959142 255.644825276 257.982854324 259.888108128 261.309125237 262.199487096 262.518697155
262.232989008 261.316048258 259.749634072 257.524087846 254.638718127 251.10205291 246.931952547 242.15557878 236.809217838 230.937957946
224.595224122 217.842175565 210.746973358 203.38392847 195.832542192 188.176453082 180.502306202 172.898561901 165.454262559 158.25777657
151.395539386 144.950811627 139.00247414 133.623879375 128.881777647 124.835335708 121.535263586 119.023063959 117.330416318 116.478706035
