256.64560726 256.553973977 256.370987129 256.097205044 255.733462459 255.280867218 254.740795904 254.114888408 253.405041474 252.613401236
251.74235479 250.794520841 249.772739451 248.680060957 247.519734096 246.295193386 245.010045837 243.668057029 242.273136643 240.829323491
239.340770119 237.811727057 236.24652677 234.649567405 233.025296375 231.378193886 229.712756444 228.033480449 226.34484591 224.651300387
222.957243199 221.267009987 219.584857678 217.914949926 216.261343091 214.627972796 213.018641142 211.437004604 209.88656268 208.370647318
206.892413171 205.454828708 204.060668222 202.712504744 201.412703908 200.163418761 198.966585548 197.82392047 196.736917426 195.706846724
194.734754778 193.821464751 192.967578154 192.173477368 191.439329072 190.765088538 190.150504779 189.595126494 189.09830879 188.659220627
188.276852937 187.950027384 187.6774057 187.45749955 187.28868087 187.169192618 187.097159889 187.070601324 187.087440755 187.145519039
187.242605994 187.376412406 187.544602028 187.744803513 187.974622234 188.231651924 188.513486086 188.817729119 189.142007103 189.48397821
189.841342679 190.211852318 190.593319497 190.983625595 191.380728854 191.782671635 192.187587025 192.593704795 192.999356669 193.40298091
193.803126195 194.198454786 194.587744987 194.969892888 195.343913405 195.708940624 196.064227457 196.409144631 196.743179033 197.065931418
197.377113533 197.676544655 197.964147598 198.239944219 198.504050444 198.75667088 198.998093027 199.228681148 199.448869838 199.659157336
199.860098618 200.052298333 200.236403614 200.413096816 200.583088227 200.747108802 200.905902953 201.060221449 201.210814468 201.35842484
201.503781514 201.647593297 201.790542896 201.933281297 202.076422498 202.220538656 202.366155631 202.513748986 202.663740436 202.816494781
202.97231732 203.131451762 203.294078647 203.460314268 203.630210097 203.803752723 203.980864275 204.161403334 204.345166329 204.531889369
204.721250537 204.912872586 205.106326034 205.301132633 205.496769164 205.692671561 205.888239294 206.082840008 206.275814372 206.466481094
206.654142079 206.838087688 207.017602055 207.191968428 207.360474497 207.522417673 207.677110276 207.823884595 207.962097795 208.091136624
208.210421898 208.319412724 208.417610444 208.504562256 208.579864505 208.643165612 208.694168621 208.732633345 208.758378111 208.771281067
