191.016249023 193.456820607 198.188750457 204.923215299 213.250369563 222.665718731 232.602576946 242.468513442 251.683432458 259.716822383
266.1217589 270.563451248 272.840467322 272.89724063 270.827020269 266.865038909 261.372304052 254.811024581 247.713228902 240.644578069
234.165698211 228.79353056 224.965212668 223.006859417 223.109315713 225.312522337 229.499599105 235.401138653 242.609558135 250.602715491
258.775402185 266.476813049 273.051698762 277.882652858 280.430889734 280.272939481 277.130916172 270.894394656 261.632434076 249.594883467
235.202759025 219.028153648 201.764785433 184.190872854 167.126504128 151.388016723 137.742098255 126.862349616 119.290912904 115.407468836
332.788530957 335.024435284 335.064371594 326.422757186 305.326057799 275.236687089 246.355451832 228.641419286 223.96388366 225.46170309
347.944840815 346.089728503 342.416936984 337.000504605 329.94943841 321.405306805 311.539117165 300.547550595 288.648640846 276.076997092
263.078680653 249.905853442 236.811320916 224.043094322 211.839096156 200.422128935 189.995220734 180.737451673 172.800353812 166.304963048
161.339585966 157.958327506 156.180407215 155.990273193 157.338504056 160.143470767 164.293712507 169.650964247 176.053758755 183.321512807
191.25899658 199.661076988 208.317620096 217.018434963 225.558141329 233.740846435 241.384521906 248.324979865 254.41935806 259.549036517
263.62192274 266.574058457 268.370517824 269.005584663 268.502213979 266.910800544 264.307294133 260.790716651 256.480150655 251.511281137
246.032582703 240.201252201 234.17899221 228.127753489 222.205544477 216.562413204 211.336701642 206.651664698 202.61253598 199.30411039
196.788899811 195.105903094 194.270015435 194.272085713 195.079613575 196.638061706 198.872742974 201.69122758 204.986202234 208.63870203
212.521626497 216.503444378 220.451987204 224.238229947 227.739957715 230.845220905 233.455487043 235.488405806 236.880114087 237.587020212
212.719149622 214.505643973 217.951277538 222.809195346 228.728272245 235.274784668 241.959198473 248.266434798 253.687764743 257.752386422
260.056760369 260.289919798 258.253222043 253.873350858 247.207794888 238.442489544 227.881789162 215.931403986 203.075363311 189.848425771
176.80562835 164.490830661 153.406160795 143.984200796 136.564568523 131.376269983 128.526830324 127.99878572 129.653659228 133.243080218
138.426268101 144.792714145 151.888584176 159.245148885 166.407440429 172.96134019 178.557421811 182.930097964 185.910933766 187.4353741
187.542561413 186.368367545 184.132198973 181.11853214 177.654468752 174.084849287 170.746610716 167.944112518 165.927081343 164.872644147
