266.534350058 266.604226447 266.744510026 266.956220463 267.240783753 267.59991172 268.03544743 268.549181493 269.14264525 269.816887631
270.572243131 271.408098767 272.3226681 273.312780385 274.373692681 275.498932282 276.680176162 277.907173249 279.16771431 280.447653017
281.730980472 282.999954049 284.235279978 285.416347621 286.521511972 287.528419516 288.41437132 289.156716098 289.733264978 290.122718972
290.305099501 290.262172066 289.977852989 289.438589347 288.633702585 287.555686955 286.200454787 284.567521671 282.660125896 280.485277919
278.053737161 275.379915078 272.481705133 269.380241965 266.099593742 262.666393242 259.109414691 255.459104712 251.747076896 248.005580409
244.266953787 240.563075496 236.92482302 233.381552144 229.960607755 226.686876823 223.582393373 220.666004127 217.953102164 215.455434471
213.180987572 211.133953702 209.314778157 207.720286601 206.343889315 205.175857577 204.203665743 203.41239106 202.78516192 202.303644153
201.94855406 201.700186271 201.538944174 201.445860586 201.40309657 201.394406804 201.405560673 201.424709305 201.442689999 201.453260976
362.96899395 360.496339864 355.632788134 348.538770249 339.447353865 328.655488869 316.512888961 303.408992407 289.758519728 275.986198261
262.511251667 249.732255684 238.012939878 227.66947017 218.95968076 212.074639953 207.132836227 204.17716313 203.174768959 204.019724566
206.538354676 210.496979186 215.611724789 221.559997112 227.993151573 234.549868879 240.869728941 246.606484665 251.440563393 255.09036682
257.32199751 257.957108724 256.878651013 254.034370415 249.437996053 243.168136102 235.364977859 226.224957414 215.993625388 204.956985775
193.431624237 181.753969807 170.269049737 159.319101757 149.23240171 140.312648643 132.829224716 127.008615241 123.027235675 121.005868946
