374.384433429 373.407800793 371.416864158 368.341122965 364.086551532 358.548630906 351.628071646 343.247960269 333.370920685 322.014839859
309.265768422 295.286768842 280.321736464 264.693546255 248.796259481 233.081534822 218.039800557 204.177130734 191.989102532 181.933170918
174.401261697 169.694342147 168.000673699 169.379284457 173.749929229 180.890446096 190.441992372 201.922174667 214.745606275 228.250960125
241.733166457 254.479058006 265.804514583 275.091020639 281.819534106 285.599675378 286.192477083 283.525275934 277.697758419 268.978667674
257.793210562 244.701740388 230.370799754 215.538059218 200.973053319 187.43587369 175.636113368 166.194358297 159.608390472 156.226009417
222.935636033 222.71853797 222.288965145 221.656088761 220.833478373 219.83888062 218.693929863 217.423795455 216.056771402 214.623815099
213.158042639 211.694188896 210.268041116 208.915855159 207.67376378 206.577186442 205.660250049 204.955229804 204.492018993 204.297635977
204.395776029 204.806414856 205.545469778 206.624523546 208.050614717 209.826097428 211.948572212 214.410888397 217.201217416 220.303195268
223.696131237 227.355278985 231.252165151 235.35496976 239.628951982 244.036914141 248.539696411 253.096694225 257.666390227 262.20689252
266.676470978 271.034083647 275.23988552 279.255712485 283.045533755 286.575866782 289.816149412 292.739064838 295.320815816 297.541345503
299.384503239 300.838154518 301.894235342 302.548752033 302.801728456 302.657103376 302.122581413 301.209441674 299.932308691 298.308890741
296.359690919 294.107696594 291.578052949 288.797726314 285.795162884 282.599948196 279.242472429 275.753606184 272.164390951 268.505747893
264.808208054 261.101666407 257.415161566 253.776682327 250.213001532 246.749537176 243.410240037 240.217506625 237.192115711 234.353186318
231.718154689 229.302767515 227.121088485 225.185515187 223.506803339 222.094095427 220.954951009 220.095376154 219.519849813 219.231345272
265.742708773 267.115167288 269.735215274 273.361500098 277.652417372 282.189145186 286.503998215 290.112274698 292.545540955 293.384200412
292.287233396 289.017167986 283.458639953 275.629302814 265.682331685 253.900296698 240.680729556 226.514235753 211.9564816 197.595779251
184.018279346 171.77294136 161.338475901 153.094339173 147.29761448 144.067254193 143.376700425 145.055382309 148.79903461 154.188231317
160.714013263 167.809043155 174.882372737 181.355677129 186.698715356 190.461819843 192.303398781 192.010742556 189.51283984 184.884404743
178.340862609 170.224604635 160.983365239 151.142067114 141.269886329 131.944588302 123.716356139 117.073365026 112.411248016 110.008356334
