260.706246685 260.543886418 260.232388734 259.797489745 259.276053497 258.714077023 258.164181197 257.682707716 257.326561946 257.14995443
257.201199791 257.519730531 258.133474601 259.056730128 260.288648938 261.812413463 263.595160471 265.588671185 267.730812306 269.947677707
272.156347818 274.268154344 276.192313332 277.839770885 279.127093877 279.980233395 280.337991684 280.155033899 279.404303699 278.0787258
276.192108156 273.779190058 270.894818848 267.612275434 264.020805777 260.222450459 256.32829562 252.454294823 248.716831363 245.228203431
242.092219726 239.400090244 237.226786248 235.628025126 234.638010831 234.268029806 234.50596709 235.316769121 236.643840217 238.411320548
240.527156216 242.886838491 245.377660757 247.883319408 250.288670002 252.484442814 254.371723095 255.866010619 256.900690265 257.429769575
317.731364239 318.418812981 319.484511843 320.3640938 320.337020108 318.653946201 314.671126215 307.969385216 298.437823242 286.308367049
272.135534488 256.724918064 241.022378821 225.982340479 212.436821032 200.986413371 191.930435831 185.246633654 180.622319711 177.530166427
175.334487621 173.409027626 171.245802543 168.536625266 165.214183824 161.446979722 157.590742665 154.10665218 151.462462633 150.035444433
208.68661521 202.195896998 190.531399425 176.162094055 162.359908265 152.654079803 150.121518344 156.618817674 172.132928675 194.459342406
219.379827011 241.400734313 254.952053037 255.785793515 242.207682719 215.773845247 181.198644846 145.426411185 116.059751897 99.5360619809
205.581236889 205.698159327 205.897284304 206.11141348 206.245237338 206.181602381 205.789352989 204.932338654 203.479112871 201.312808195
198.340654925 194.502619667 189.778674276 184.194264087 177.823624392 170.790692244 163.267472473 155.469837286 147.650862427 140.09192398
133.091892826 126.954863234 121.976933363 118.432614492 116.561479716 116.555669601 118.548851207 122.607178546 128.722728538 136.809789944
146.704267377 158.166333208 170.886322481 184.493725717 198.568997817 212.657774204 226.286973475 238.9821743 250.285587232 259.773902785
267.075287575 271.884821341 273.977718715 273.219758893 269.574450839 263.106587234 253.981981899 242.463337224 228.902343839 213.72826797
197.433426182 180.556076469 163.661363412 147.321038694 132.092733168 118.499580251 107.010981779 98.0252666248 91.854921032 88.714970538
