245.982484031 245.889131686 245.703025706 245.425359061 245.057910108 244.603029382 244.063622136 243.443126793 242.745489465 241.975134752
241.136933054 240.236164657 239.278480873 238.26986256 237.216576334 236.125128834 235.002219394 233.854691502 232.689483424 231.513578388
230.3339547 229.157536207 227.991143471 226.841446032 225.71491614 224.617784288 223.555996899 222.535176472 221.560584488 220.637087338
219.769125526 218.960686358 218.215280302 217.535921172 216.925110266 216.384824539 215.916508867 215.521072429 215.198889189 214.949802437
214.773133304 214.667693148 214.631799664 214.663296549 214.759576527 214.917607504 215.133961612 215.404846872 215.726141181 216.093428335
216.502035755 216.947073602 217.423474938 217.926036596 218.44946042 218.988394533 219.5374743 220.091362654 220.644789472 221.192589688
221.729739863 222.251392927 222.752910844 223.229894979 223.678213932 224.094028688 224.473814902 224.814382191 225.112890351 225.366862399
225.574194415 225.733162159 225.84242448 225.901023558 225.90838205 225.864297229 225.768932241 225.622804627 225.426772266 225.182016936
224.89002569 224.552570266 224.171684773 223.74964189 223.28892783 222.792216336 222.262341967 221.702272941 221.115083794 220.503928115
219.872011618 219.222565775 218.558822265 217.883988443 217.201224039 216.513619272 215.824174556 215.13578193 214.451208363 213.773081021
213.103874589 212.445900703 211.801299541 211.172033565 210.559883426 209.966445985 209.393134399 208.8411802 208.311637262 207.805387551
207.323148522 206.865481999 206.432804413 206.025398182 205.643424073 205.286934359 204.955886547 204.650157508 204.369557784 204.113845878
203.882742339 203.67594343 203.493134216 203.334000884 203.198242135 203.085579499 202.995766439 202.928596124 202.883907774 202.861591484
252.140849612 253.104064722 254.60241774 256.004061905 256.808651886 256.917865007 256.683728724 256.67181305 257.209613269 257.906479223
257.378188685 253.360202241 243.259899442 225.025973119 198.067627268 163.896462908 126.220109688 90.3769485902 62.2144039747 46.7060330526
150.583338767 153.686663106 160.02316243 169.702167472 182.569851185 197.970352576 214.611316289 230.604280238 243.695695902 251.643846739
252.650612245 245.739530435 230.987293673 209.557755807 183.540583225 155.643277083 128.8117731 105.855955731 89.1364820318 80.3395223237
