167.068169722 168.263107122 170.634509369 174.14572406 178.742499705 184.35384529 190.893154978 198.259580055 206.339626278 215.008951217
224.134332988 233.575779038 243.188741417 252.826403273 262.342000161 271.5911392 280.434079138 288.737934993 296.378772139 303.243556457
309.231929421 314.257779832 318.250587062 321.156514363 322.939234731 323.580476081 323.080276956 321.456948578 318.746743763 315.003237853
310.29643144 304.711589065 298.347832336 291.316509784 283.739369396 275.746562901 267.474513614 259.063681817 250.656263366 242.393858271
234.415146545 226.853608532 219.835326262 213.476901151 207.88352154 203.147211236 199.345287399 196.539052804 194.772743843 194.072751586
194.447128929 195.885392303 198.358621796 201.819858781 206.20479544 211.432745925 217.407884421 224.020731132 231.149863214 238.66382413
246.423201647 254.282842036 262.094165772 269.707548365 276.974728885 283.751208183 289.898598924 295.28689023 299.796590971 303.320717611
305.766594867 307.05744032 307.133707449 305.954165304 303.496697101 299.758804423 294.75780825 288.530742819 281.133943051 272.642331137
263.148412523 252.760996128 241.603657933 229.812971123 217.536529629 204.930795175 192.158800732 179.387745553 166.786518693 154.523189089
142.762500817 131.663412124 121.376716177 112.042780263 103.789438333 96.7300694575 90.9618919113 86.5644992402 83.5986609758 82.105406544
285.840801489 285.310865839 284.257631748 282.694290151 280.640419818 278.121741127 275.169792657 271.821534666 268.118884499 264.108189793
259.839646168 255.366666747 250.745211506 246.033084917 241.289210767 236.57289331 231.943074075 227.457593696 223.172468076 219.141187973
215.414050822 212.037533163 209.05371154 206.499739097 204.407384377 202.80263806 201.705392458 201.129197706 201.081097573 201.561546805
202.5644109 204.077048125 206.080472587 208.549596101 211.453545632 214.756052126 218.415905634 222.387470829 226.621256238 231.064529862
235.661973265 240.356365786 245.089290111 249.801850246 254.435392772 258.932222262 263.236301833 267.293930038 271.054385626 274.470532134
277.499374836 280.102563182 282.246832612 283.904380409 285.053171136 285.677168113 285.766488365 285.31747945 284.33271762 282.820927743
280.796826454 278.280890974 275.299056996 271.882349922 268.066454595 263.891229455 259.400171703 254.639840715 249.659247415 244.509217754
239.241738726 233.909295542 228.564208667 223.257979376 218.040652342 212.960203494 208.061961025 203.388066942 198.976985994 194.863068148
191.076170054 187.641340112 184.578570933 181.902622013 179.622914555 177.743499355 176.263097713 175.175214355 174.468320377 174.126103314
174.127780518 174.44847123 175.059621922 175.929478807 177.023600806 178.305405704 179.736741855 181.278477411 182.891098892 184.535310767
186.17262775 187.765951632 189.280124672 190.682451946 191.943185463 193.035963386 193.938198353 194.631409552 195.101494011 195.338933379
