326.288465923 326.226332174 326.101978883 325.915235783 325.665850766 325.353493799 324.977762115 324.53818662 324.034239486 323.465342877
322.830878723 322.130199504 321.362639944 320.527529533 319.624205797 318.652028208 317.610392636 316.498746238 315.316602668 314.063557508
312.739303782 311.343647451 309.876522773 308.338007385 306.728337022 305.047919723 303.297349426 301.477418841 299.589131472 297.633712704
295.612619842 293.52755101 291.380452812 289.173526693 286.909233897 284.590298976 282.21971178 279.800727882 277.336867387 274.831912109
272.289901078 269.715124368 267.112115252 264.485640681 261.840690106 259.182462682 256.516352875 253.847934539 251.182943503 248.527258748
245.886882252 243.267917578 240.67654731 238.119009435 235.601572786 233.130511657 230.712079714 228.352483342 226.05785455 223.834223577
221.687491346 219.623401905 217.647515013 215.765178998 213.98150407 212.3013362 210.729231749 209.269432956 207.925844466 206.702011001
205.601096338 204.6258637 203.778657699 203.061387941 202.475514401 202.022034669 201.701473167 201.513872399 201.458786336 201.535275973
201.741907118 202.076750465 202.537383955 203.120897471 203.82389985 204.642528213 205.572459599 206.608924868 207.746724821 208.980248506
210.303493615 211.710088912 213.193318605 214.746148543 216.361254153 218.031049977 219.747720688 221.503253453 223.289471482 225.098068628
226.920644863 228.748742475 230.573882813 232.387603404 234.181495261 235.947240223 237.676648109 239.361693543 240.994552247 242.567636623
244.073630458 245.50552257 246.856639222 248.120675153 249.291723053 250.364301337 251.333380074 252.194404932 252.94331902 253.576582496
254.091189849 254.484684753 254.755172411 254.90132931 254.922410343 254.818253238 254.589280265 254.236497202 253.761489556 253.16641604
252.45399933 251.62751414 250.690772657 249.648107398 248.504351569 247.264816998 245.935269766 244.521903616 243.031311289 241.470453899
239.846628506 238.167434026 236.440735647 234.674627917 232.877396676 231.057480017 229.223428469 227.383864575 225.54744208 223.722804914
221.918546169 220.143167271 218.405037548 216.712354386 215.073104161 213.495024156 211.98556563 210.551858223 209.200675887 207.938404484
206.771011231 205.704016132 204.742465538 203.890907966 203.153372297 202.533348457 202.03377068 201.657003429 201.404830054 201.278444229
