282.763492678 282.689754179 282.542354297 282.321447936 282.027269139 281.660133068 281.220438615 280.708671573 280.125408337 279.471320072
278.74717727 277.953854637 277.092336216 276.163720659 275.169226566 274.110197777 272.988108536 271.804568401 270.561326824 269.260277274
267.903460815 266.493069037 265.031446235 263.521090763 261.964655454 260.364947048 258.724924541 257.047696398 255.336516577 253.594779317
251.826012657 250.03387067 248.22212439 246.394651445 244.555424407 242.708497886 240.857994407 239.008089122 237.162993427 235.326937554
233.504152232 231.69884952 229.915202909 228.157326835 226.42925571 224.734922635 223.078137908 221.462567514 219.891711723 218.368883974
216.897190205 215.479508783 214.118471213 212.816443774 211.575510253 210.39745592 209.283752906 208.23554712 207.253646837 206.33851309
205.490251972 204.708608959 203.992965338 203.34233682 202.755374395 202.230367483 201.765249411 201.357605219 201.004681809 200.703400407
200.450371302 200.241910812 200.074060409 199.942607896 199.843110564 199.770920178 199.721209674 199.68900141 199.669196816 199.656607254
199.64598591 199.632060526 199.609566742 199.573281867 199.518058832 199.438860114 199.330791406 199.189134787 199.009381196 198.787261945
198.518779087 198.200234391 197.828256735 197.399827708 196.912305228 196.363445003 195.75141966 195.074835404 194.332746048 193.524664326
192.65057035 191.710917162 190.706633291 189.63912229 188.510259206 187.322384016 186.078292 184.781221138 183.43483655 182.043212085
180.610809155 179.142452915 177.643305962 176.118839675 174.574803389 173.017191594 171.452209351 169.886236149 168.325788438 166.777481059
165.247987846 163.744001628 162.272193905 160.839174465 159.451451196 158.115390358 156.83717759 155.622779899 154.477908881 153.40798543
152.418106164 151.513011788 150.697057616 149.974186441 149.34790394 148.821256779 148.396813559 148.076648745 147.862329668 147.754906708
209.619307945 212.14849737 217.087414986 224.202350033 233.155540222 243.519914943 254.797746065 266.44239983 277.882249374 288.545714224
297.886344661 305.406867286 310.6811534 313.373162041 313.252040692 310.202733063 304.231637786 295.467075816 284.154548522 270.646993192
255.390458132 238.905816491 221.767307728 204.578831068 187.949010408 172.466100996 158.673812539 147.049081205 137.982736117 131.763878274
128.568626996 128.453698116 131.355067642 137.091753634 145.374527245 155.819150967 167.963547357 181.288133261 195.238420271 209.248887454
222.767081416 235.27689368 246.320006158 255.514580416 262.570391614 267.299767809 269.623882746 269.574156998 267.288739219 263.004256798
257.043233813 249.797764654 241.710195692 233.25169774 224.89970308 217.115228491 210.321108106 204.882116817 201.087878431 199.139326628
212.166632956 211.985617501 211.219429212 209.164459204 205.005827557 198.050541277 187.957083782 174.912007726 159.712678003 143.731911913
128.761977107 116.758351496 109.523651505 108.385478251 113.926019411 125.815080211 142.782601946 162.744148544 183.067064909 200.940437816
213.792905728 219.692190144 217.660913169 207.854954507 191.571544582 171.081149018 149.305584366 129.3900119 114.234260002 106.056296535
