267.550855519 267.387623903 267.061755456 266.574438391 265.927451637 265.123160749 264.164512434 263.055027673 261.7987934 260.40045273
258.865193685 257.198736401 255.407318762 253.497680444 251.47704532 249.353102197 247.133983854 244.828244356 242.444834614 239.993076179
237.482633264 234.923482988 232.325883851 229.700342458 227.057578525 224.408488207 221.764105803 219.135563904 216.534052074 213.970774155
211.456904304 209.003541912 206.621665513 204.32208587 202.115398405 200.011935138 198.021716376 196.154402324 194.419244873 192.825039793
191.380079574 190.092107182 188.968270975 188.015081074 187.238367431 186.643239901 186.234050562 186.01435858 185.986897877 186.153547866
186.515307514 187.072272974 187.823619021 188.76758451 189.901462063 191.221592161 192.723361822 194.401207982 196.248625724 198.258181428
200.421530925 202.729442676 205.171825999 207.73776432 210.41555339 213.192744389 216.056191804 218.992105931 221.986109819 225.023300452
228.088313927 231.16539435 234.238466155 237.291209519 240.307138516 243.269681632 246.162264238 248.968392603 251.671738996 254.256227437
256.706119616 259.006100499 261.141363142 263.097692213 264.861545737 266.420134561 267.761499064 268.874582622 269.749301371 270.376609805
270.748561783 270.858366517 270.700439166 270.270445655 269.565341395 268.583403589 267.324256862 265.788891984 263.979677471 261.900363934
259.556081041 256.95332703 254.099950745 251.005126202 247.67931976 244.134249991 240.382840404 236.439165216 232.31838841 228.036696363
223.611224353 219.059977322 214.401745283 209.656013806 204.842870054 199.982904856 195.097111354 190.206780764 185.333395816 180.498522476
175.723700534 171.030333681 166.439579685 161.972241302 157.648658518 153.488602764 149.511173693 145.734699123 142.176638716 138.853491964
135.780710998 132.972618754 130.442332949 128.201696328 126.261213584 124.629995328 123.315709431 122.324540032 121.661154446 121.328678179
