275.261136005 274.882751961 274.129974555 273.010741584 271.536851291 269.723833559 267.590780365 265.160137364 262.457458875 259.511128955
256.352051624 253.013313619 249.529823389 245.937930266 242.275027995 238.579146966 234.888539601 231.241263453 227.67476657 224.225479668
220.928419584 217.816808339 214.921711999 212.271703263 209.892551504 207.806943619 206.034238777 204.590259719 203.487122913 202.733109416
202.33257784 202.285920391 202.589562449 203.23600568 204.213914215 205.508242948 207.100406526 208.968487191 211.087479181 213.429567011
215.964434577 218.65960169 221.480784351 224.392274805 227.357337215 230.338614601 233.298542593 236.199765449 239.005549774 241.680191408
244.18941101 246.500733998 248.583850688 250.410952664 251.957041692 253.200207799 254.121873446 254.707001129 254.944262115 254.826164477
254.349138995 253.513582003 252.323854685 250.78823884 248.918849587 246.731505966 244.245560849 241.483692017 238.471656698 235.238012239
231.813805987 228.23223776 224.528298609 220.738389834 216.899926416 213.050929219 209.229610424 205.473956737 201.821314949 198.307984369
194.968820615 191.8368551 188.94293438 186.315383323 183.979695792 181.958256224 180.270095179 178.930681519 177.951753513 177.341190712
177.102928018 177.23691287 177.739106043 178.601526041 179.812336615 181.35597644 183.213329546 185.361934637 187.776231007 190.427838374
193.285867558 196.317258621 199.487142754 202.75922396 206.096176361 209.460052769 212.812700059 216.1161768 219.333168558 222.42739635
225.364013754 228.109988343 230.634463265 232.909095005 234.908363641 236.609852191 237.994491994 239.046771442 239.754905775 240.110966078
