248.812874773 248.870273877 248.98393603 249.151604436 249.369932 249.634526523 249.940010105 250.280092034 250.647654263 251.034848434
251.433203272 251.833741021 252.227101495 252.603672223 252.953723084 253.267543753 253.535582269 253.748582985 253.897722174 253.974739582
253.972064268 253.882933104 253.701500416 253.422937332 253.04351951 252.560702061 251.973180622 251.280937685 250.485273473 249.588820803
248.595543609 247.510718921 246.340902364 245.093877371 243.778588538 242.405059718 240.984297642 239.528182034 238.049343332 236.561029321
235.076962071 233.611186752 232.177913959 230.79135731 229.465568123 228.214269032 227.050688456 225.987397808 225.036153356 224.207744574
223.511850802 222.956907946 222.549986834 222.296684768 222.201031642 222.265411873 222.490503223 222.875233394 223.41675513 224.110440318
224.949893414 225.926984285 227.031900357 228.253217752 229.577990872 230.991859703 232.479173891 234.023132465 235.605937901 237.20896306
238.812929357 240.398094419 241.944447342 243.431909579 244.840539396 246.150737807 247.343453821 248.400386874 249.304184285 250.038631643
250.58883408 250.941386452 251.08453057 251.008297736 250.704634977 250.167513539 249.393018357 248.379417441 247.127210275 245.639154577
243.920270965 241.977825308 239.821288766 237.462275756 234.914460313 232.193471526 229.316768964 226.303499208 223.174334807 219.951297156
216.657564974 213.317270213 209.955283352 206.596990173 203.268062179 199.99422291 196.801012452 193.713552468 190.756314064 187.95289081
185.325779163 182.896168479 180.683742723 178.706495845 176.980562684 175.520067086 174.336988766 173.441050246 172.839625015 172.537667824
131.900382052 134.924018899 140.831336137 149.349588552 160.087181731 172.553614788 186.184329316 200.369102936 214.48243978 227.914313358
240.099614541 250.544748513 258.85000325 264.726567426 268.007391745 268.651445585 266.741298937 262.474335586 256.14825512 248.141828339
238.892115481 228.869525901 218.552182528 208.401051222 198.8372057 190.222430128 182.844125566 176.905198813 172.519291588 169.711374616
168.423406023 168.524456347 169.824451309 172.09049304 175.064601222 178.481673596 182.086501417 185.648785639 188.975275102 191.918376026
194.380846623 196.316473498 197.726908631 198.655108394 199.176041909 199.385510636 199.388033173 199.284792214 199.162612292 199.084839983
