367.157822026 366.443032786 365.019857849 362.901040347 360.105535778 356.658322864 352.590154519 347.937251576 342.740942523 337.047253098
330.906450067 324.372544035 317.502756525 310.356956937 302.997075281 295.486496827 287.889444963 280.27035864 272.693270817 265.221194257
257.915520897 250.835440863 244.037386895 237.574509678 231.496189188 225.847586727 220.669241875 215.996718045 211.860299819 208.28474463
205.289090783 202.886523193 201.084297608 199.883723439 199.28020476 199.263338396 199.817067474 200.91988825 202.545107512 204.661147378
207.231893879 210.217085319 213.572736068 217.251591157 221.203606812 225.376451884 229.716025015 234.166982324 238.673270374 243.178659249
247.62727066 251.964096146 256.135500654 260.089707004 263.777257041 267.151445587 270.168723664 272.789067819 274.9763128 276.698445222
277.927856297 278.64155214 278.821320575 278.453853801 277.530826703 276.048931002 274.009865799 271.420285492 268.291706345 264.640373346
260.487089262 255.857008093 250.779395344 245.287357745 239.417545226 233.209828103 226.706952524 219.954177323 212.998895468 205.890243319
198.678700909 191.415686426 184.153148021 176.943156008 169.837498421 162.887282776 156.142546791 149.651880658 143.462063327 137.617715118
132.160968807 127.131161165 122.564546794 118.494035895 114.948957459 111.954849205 109.533275406 107.701673582 106.473230889 105.856790838
