262.016585662 263.633739707 266.761918064 271.195476166 276.642070142 282.74087049 289.085033502 295.247023755 300.805203001 305.370022184
308.608179185 310.263233399 310.171391457 308.271482207 304.608504354 299.330534056 292.679196767 284.974311678 276.593682686 267.949314075
259.461552875 251.532789087 244.522371644 238.724320273 234.349236449 231.51155135 230.222911935 230.392119113 231.831618803 234.270133514
237.370634849 240.752520411 244.016593212 246.771264461 248.658322742 249.37663902 248.702305886 246.503933002 242.752124687 237.522530981
230.992267309 223.429914736 215.179716514 206.64095181 198.243771236 190.423001966 183.591558798 178.115123364 174.289675289 172.323281171
281.669269312 281.636923717 281.571849893 281.473291541 281.340136491 281.170943019 280.963974259 280.717240127 280.428546067 280.095547803
279.715811164 279.286875986 278.806322991 278.271842504 277.681303805 277.032823912 276.324834569 275.556146226 274.726007829 273.834161293
272.880889592 271.867057475 270.794143933 269.664265635 268.480190695 267.245342251 265.963791498 264.640239963 263.279990967 261.888910384
260.473376968 259.040222689 257.596663644 256.150222313 254.708642015 253.279794601 251.871582501 250.49183638 249.148209718 247.848071742
246.598400142 245.405675082 244.275776019 243.213882816 242.224382651 241.310784141 240.475640047 239.720479856 239.045753396 238.450786555
237.933750011 237.491641742 237.120283916 236.814334583 236.567314403 236.37164848 236.218723134 236.098957295 236.001887978 235.916269113
235.830182852 235.731162242 235.606324056 235.442510372 235.226437389 234.94484983 234.584679208 234.133204123 233.578210738 232.90815151
232.112300278 231.180901807 230.105313904 228.878140336 227.493352802 225.94640036 224.234304818 222.35574074 220.311098906 218.102532205
215.733983172 213.211192564 210.541688588 207.73475662 204.801389475 201.754218513 198.607426098 195.376640143 192.078811681 188.732076628
185.355603069 181.96942559 178.594268355 175.251358724 171.96223339 168.748539062 165.631829814 162.633363297 159.773897984 157.073493676
154.551317429 152.225457033 150.112744102 148.228588708 146.586827412 145.199586359 144.077160958 143.227913505 142.658189865 142.372256158
192.100294093 189.524023753 180.823365498 164.259643219 145.062270455 134.56720526 142.819162687 170.154169971 204.715394761 228.558015301
