219.690816652 218.311264844 215.636403439 211.830677142 207.130836917 201.834545487 196.286001918 190.859238757 185.939852176 181.90599871
179.109528135 177.858119167 178.399243055 180.906701564 185.470373671 192.089664525 200.670986925 211.029426974 222.894559584 235.920194211
249.697654964 263.772039688 277.660767018 290.873614653 302.93338106 313.396269698 321.871101168 328.036504423 331.655321285 332.585575623
330.787504527 326.326317435 319.370533078 310.185935355 299.125379463 286.614860529 273.136420641 259.208609451 245.365322205 232.133912393
220.013510914 209.454478037 200.839868802 194.469708556 190.548756743 189.178288881 190.352255236 193.957987402 199.781428953 207.516671923
216.779395543 227.123635447 238.061167749 249.082679223 259.679817263 269.367174688 277.703266547 284.309598779 288.887010106 291.228585328
349.102560878 347.465175119 344.243474428 339.541900941 333.512923089 326.352151439 318.292070635 309.594586679 300.542626424 291.431056222
282.557208274 274.211315626 266.667159612 260.173226659 254.944655174 251.156227991 248.936632603 248.364171055 249.464055308 252.207373512
256.511759621 262.243744749 269.222715434 277.226353149 285.997382641 295.251415468 304.685640745 313.98808869 322.847174906 330.961225014
338.047680498 343.851697379 348.153869272 350.776834791 351.590565319 350.51617155 347.528114732 342.654759521 335.977258275 327.626809652
317.78038596 306.65507211 294.501202658 281.594521067 268.227615546 254.700907892 241.313484844 228.354065189 216.092390197 204.771309982
194.599814748 185.747228235 178.338742123 172.45242596 168.117798739 165.315997176 163.981523694 164.005505727 165.24034899 167.50562226
170.594971599 174.283828931 178.337654659 182.520437297 186.603165488 190.37198945 193.635799848 196.232971917 198.037050714 198.961188744
