240.492816576 242.337027472 245.730865355 250.118389859 254.745294446 258.745080491 261.239387281 261.441915714 258.75492161 252.847915836
243.709931447 231.669334722 217.378409391 201.763508673 185.945092585 171.135094963 158.521480002 149.151304739 143.82394832 143.005356878
146.772254116 154.792460025 166.344011824 180.372025818 195.57854201 210.537317897 223.823007455 234.142629267 240.456851264 242.079444463
238.745213554 230.639617145 218.386870846 202.997241182 185.77811272 168.21687214 151.846366981 138.105400115 128.207246693 123.02847438
396.854516678 390.054092812 376.906368432 358.282621779 335.405278021 309.754459877 282.955868411 256.659253181 232.417405455 211.575416994
195.178916051 183.908223916 178.043037478 177.459553622 181.65915647 189.825141119 200.901682249 213.687568247 226.936249506 239.453562514
250.185084014 258.286363889 263.171139727 264.534859159 262.353207046 256.857624138 248.491796978 237.854614895 225.636000246 212.552256439
199.287147166 186.443888462 174.511729853 163.848993665 154.682530363 147.121736344 141.183757515 136.825421566 133.976909091 132.57223352
294.630260431 295.220153604 294.750753323 290.675717299 280.749958425 264.183340242 242.266910324 218.189367267 196.077368021 179.602415807
170.678604082 168.756775297 171.005651274 173.338938747 171.92483427 164.62431546 151.821399523 136.328396698 122.391074309 114.154608408
254.709609123 254.048262901 252.744188025 250.833970596 248.370889576 245.423058562 242.071049246 238.405078811 234.521858788 230.521214817
226.502595073 222.561589347 218.786580983 215.255649825 212.033836321 209.170865132 206.699411361 204.633974449 202.970404335 201.686102461
200.740897203 200.078570224 199.628987736 199.310769524 199.034409568 198.70574574 198.229663061 197.513905668 196.472867442 195.031230283
193.12732242 190.716076754 187.771480971 184.288426481 180.28388188 175.797337838 170.89049352 165.646179096 160.166533747 154.570483135
148.990583663 143.569322355 138.454980007 133.797180919 129.742264348 126.428620498 123.982137097 122.511901219 122.106295085 122.829614151
124.71932132 127.784032838 132.002310093 137.322307613 143.6623019 150.912099084 158.935292573 167.572315745 176.644210092 185.95700688
195.306600982 204.483979792 213.280658389 221.494164954 228.933417902 235.423838545 240.812050124 244.9700257 247.798563193 249.229985382
