240.301381418 240.064878085 239.594808242 238.897006536 237.980127982 236.855533151 235.537137632 234.041227888 232.386246107 230.592547082
228.682130548 226.67835273 224.605621154 222.489076986 220.354269334 218.226826039 216.132125513 214.094974149 212.139293718 210.287823016
208.561837788 206.980892669 205.56258855 204.322368404 203.273344135 202.42615662 201.788870547 201.366905199 201.163001774 201.177227311
201.407014771 201.847238284 202.490322096 203.326381267 204.343391718 205.527386846 206.862677557 208.332092248 209.917233044 211.598744374
213.356589851 215.17033334 217.019420101 218.883453918 220.742466268 222.577173746 224.369220167 226.101400086 227.757860758 229.324279973
230.788017551 232.138238766 233.366008387 234.464354504 235.428301787 236.254874286 236.943068377 237.493796875 237.909805808 238.195565701
238.357139649 238.402030714 238.339011539 238.177939245 237.929558901 237.60529897 237.217062191 236.777015412 236.297381802 235.790238803
235.267325024 234.739859075 234.218373091 233.712563426 233.231160626 232.781820489 232.371037581 232.004082217 231.684961471 231.41640438
231.199871073 231.035585157 230.922588288 230.858815504 230.841189511 230.865731855 230.927688604 231.021667935 231.141786873 231.281824246
231.435376883 231.596016025 231.757440944 231.913626868 232.058964385 232.188387735 232.297489558 232.382619982 232.440968188 232.470624942
224.364499892 224.609755088 225.097781397 225.823633577 226.779950864 227.957024902 229.342889337 230.923430265 232.682516499 234.602148475
236.662624414 238.842722223 241.119895459 243.470481552 245.86992038 248.292981182 250.713995735 253.107095638 255.44645154 257.706512111
259.862240562 261.88934655 263.764511336 265.465604146 266.971887736 268.264211302 269.325188956 270.139362147 270.69334454 270.975948048
270.97828885 270.693872463 270.118657078 269.251094605 268.092149071 266.645292206 264.916476287 262.914084498 260.648859288 258.133809392
255.384096395 252.416901893 249.251276486 245.907972003 242.409258519 238.778727848 235.041085329 231.221931832 227.347537975 223.444612647
219.540067951 215.660782725 211.833366807 208.083928208 204.4378453 200.919546117 197.552296756 194.358000817 191.35701168 188.567959321
186.007593221 183.690642772 181.629696423 179.83510062 178.314879436 177.074675562 176.11771315 175.444782803 175.054248767 174.942078218
175.101892304 175.5250384 176.200682854 177.115923309 178.25591949 179.604041194 181.142032065 182.850187567 184.707545472 186.692087052
188.780947048 190.950630463 193.177234112 195.436670846 197.704894368 199.958122506 202.173056888 204.32709695 206.3985463 208.366809523
210.212577613 211.918000318 213.466843822 214.84463233 216.038772268 217.038657979 217.835757983 218.423681046 218.798221485 218.957383368
218.901383417 218.632632682 218.155697199 217.477238091 216.605931732 215.5523708 214.32894722 212.94971816 211.430256426 209.787486712
208.039509335 206.205413158 204.305079545 202.358979245 200.387964187 198.413056186 196.455234641 194.535225231 192.673291695 190.889032674
189.201185588 187.627439431 186.184258291 184.88671729 183.74835252 182.781026425 181.994809909 181.397882318 180.996450247 180.794685949
