308.939633557 308.74556287 308.358323257 307.77971255 307.012413329 306.059976032 304.926796629 303.618089033 302.139852435 300.498833816
298.702485909 296.758920913 294.676860303 292.465581097 290.134858983 287.694908696 285.156322098 282.530004394 279.827108938 277.058971107
274.237041689 271.37282028 268.477789129 265.56334791 262.640749848 259.721039655 256.814993671 253.933062618 251.085317332 248.281397827
245.530466001 242.841162267 240.221566374 237.679162624 235.220809679 232.852715091 230.580414669 228.408756756 226.341891434 224.383264663
222.535617297 220.800988898 219.180726233 217.675496294 216.28530366 215.009511977 213.846869324 212.795537174 211.853122673 211.016713905
210.282917821 209.647900474 209.107429199 208.656916375 208.291464387 208.005911415 207.794877663 207.652811678 207.574036364 207.552794368
207.583292465 207.65974465 207.776413592 207.927650201 208.107931014 208.31189318 208.534366816 208.770404569 209.0153082 209.264652086
209.514303539 209.760439857 209.999562098 210.228505551 210.444446936 210.644908379 210.82775825 210.99120896 211.133811858 211.254449369
211.352324559 211.426948313 211.478124342 211.505932238 211.510708813 211.493027979 211.453679402 211.393646207 211.314081977 211.21628731
211.101686189 210.971802408 210.828236293 210.672641955 210.506705281 210.332122868 210.15058209 209.963742458 209.773218423 209.580563759
209.387257615 209.194692339 209.004163122 208.816859515 208.633858822 208.456121379 208.28448768 208.119677316 207.962289642 207.812806111
207.671594139 207.538912416 207.414917505 207.299671588 207.193151213 207.095256863 207.00582318 206.924629668 206.851411703 206.785871657
206.727689972 206.676536006 206.632078487 206.593995417 206.561983276 206.535765393 206.515099362 206.499783388 206.489661483 206.484627422
