224.55417122 224.774080177 225.211167816 225.860004566 226.712523185 227.758110324 228.983727026 230.374056803 231.91167964 233.577269991
235.349816539 237.206861282 239.124755267 241.078928102 243.04416825 244.994910958 246.9055306 248.750634155 250.505352544 252.145626532
253.648484021 254.992305578 256.157075233 257.124613722 257.878791514 258.405719243 258.693913354 258.734435088 258.521001201 258.050065146
257.320867745 256.335456745 255.098674982 253.618117221 251.904056103 249.969337966 247.829249634 245.501357604 243.005321369 240.362682895
237.596634543 234.731767978 231.793806799 228.809325835 225.805460189 222.809607232 219.849124834 216.951029174 214.141695466 211.44656493
208.889861245 206.494319676 204.280931856 202.268709121 200.474467023 198.91263347 197.595082659 196.5309967 195.726756515 195.185863304
194.908891494 194.893473796 195.134318584 195.62325952 196.349336936 197.298910167 198.4557997 199.801457624 201.315164622 202.974251388
204.754342126 206.629617521 208.573094352 210.55691875 212.552669919 214.531671047 216.465304033 218.325324607 220.084174422 221.715286712
223.193382174 224.494751841 225.597523848 226.481911145 227.130437438 227.528138853 227.662739095 227.524796118 227.107818698 226.40835154
225.426027967 224.163589528 222.626872259 220.82475967 218.769102907 216.474608871 213.958697448 211.241329331 208.344806216 205.293545489
202.113831775 198.833547968 195.481888612 192.089058666 188.685960867 185.303875025 181.974132668 178.727790521 175.595306306 172.606220331
169.788846284 167.169974545 164.774591186 162.62561569 160.743660184 159.14681279 157.850447401 156.867061941 156.206146827 155.874085071
