347.755636863 348.233874368 349.151295949 350.431514138 351.964174636 353.609831245 355.206125692 356.575015371 357.530748523 357.888255554
357.471608074 356.122194746 353.706275044 350.121598152 345.30281318 339.225447168 331.908286603 323.414064102 313.848421519 303.357191262
292.122105922 280.355109733 268.291501115 256.182181453 244.285319338 232.857760518 222.146520911 212.380693055 203.764075762 196.46880347
190.630207354 186.343086736 183.659509025 182.588191988 183.095456414 185.107672981 188.515067133 193.176692574 198.926339722 205.579112012
212.938381617 220.802827645 228.973264475 237.258985173 245.483373977 253.488581209 261.139101739 268.324152111 274.958799098 280.983851123
286.36458106 291.088401771 295.16166203 298.605768153 301.452864069 303.741318536 305.511272135 306.800488418 307.640733647 308.054878959
313.645076522 313.369709745 312.737649563 311.593714918 309.723273644 306.872531054 302.773223644 297.169903136 289.847784231 280.659055208
269.545619742 256.556447612 241.858048585 225.737026456 208.594190871 190.930269473 173.323835408 156.402607711 140.809758672 127.167240778
116.03840039 107.892257508 103.071791501 101.768381818 104.004220424 109.624058031 118.297096282 129.529226259 142.685177704 157.019522814
171.714912459 185.925447204 198.822731462 209.64194985 217.725255174 222.559872376 223.808597009 221.330785309 215.19247158 205.664875721
193.211241891 178.462637796 162.184001218 145.232306149 128.509199385 112.910800173 99.2775390702 88.3469258606 80.7119785524 76.7877250786
