347.696667181 347.042905928 345.740772099 343.800991357 341.239523529 338.077409731 334.340571073 330.059561064 325.269274345 320.008614827
314.320126725 308.249592384 301.845601102 295.159093464 288.24288595 281.151180734 273.939065758 266.662010207 259.375360554 252.133842292
244.991072358 237.999087136 231.207890686 224.665027614 218.415184682 212.499824917 206.956857592 201.820347028 197.120262733 192.882272894
189.127582772 185.872819049 183.129960635 180.90631598 179.204546386 178.022734367 177.35449559 177.189132496 177.511827284 178.303871525
179.54292934 181.203330729 183.256391414 185.670755268 188.412755287 191.446788887 194.735703258 198.241186456 201.924159968 205.745168523
209.664763076 213.643873029 217.644163982 221.628377562 225.560650122 229.406807486 233.134633201 236.714108153 240.117619792 243.320139606
246.299367876 249.035845184 251.51303052 253.717346267 255.638190682 257.267918926 258.601793967 259.637909077 260.377083867 260.822736121
260.980731878 260.859216411 260.468428894 259.820503674 258.929261091 257.809990863 256.479231002 254.954545182 253.254301393 251.397454586
249.40333583 247.291450358 245.081286592 242.792138064 240.442939829 238.052120728 235.637472546 233.216036827 230.804009801 228.416665587
226.068297548 223.772177381 221.540531277 219.384532233 217.314307359 215.338958849 213.466597082 211.704384195 210.058586355 208.534632855
207.137180148 205.870178884 204.736942053 203.740212394 202.88222729 202.164779503 201.58927225 201.156767255 200.868024631 200.723533647
274.898551004 275.72066321 276.427809115 272.058817862 255.537639747 226.487193821 196.378468182 180.295036028 181.982990803 189.758901115
349.684484528 353.60063278 359.889416936 365.871227946 368.433816541 364.841845952 353.439228807 334.067865795 308.110312567 278.167975354
247.479467115 219.240203172 195.991883109 179.212825318 169.173943335 165.053441251 165.24696804 167.781291906 170.739516861 172.625941415
353.583012004 353.208001768 350.314187017 341.654375649 324.52606908 298.33389528 265.389367051 230.560919223 199.839846008 178.327058419
168.398270611 168.768235698 174.85585323 180.368468162 179.558035461 169.332702488 150.441036418 127.275053442 106.342695071 93.9529824839
211.500048802 211.686424414 212.030377278 212.476444008 212.94661994 213.346196747 213.570921619 213.514995471 213.079368683 212.179769233
210.753911262 208.767381467 206.217783202 203.136828539 199.590199906 195.675146851 191.515930862 187.257372484 183.056881216 179.075451594
175.468181756 172.374908863 169.911556229 168.16274976 167.176188256 166.959147824 167.477371313 168.656447431 170.385630037 172.523895686
174.907896454 177.361344222 179.705269715 181.768540565 183.398001454 184.467617454 184.886058184 184.602251943 183.608560121 181.941365551
179.679025219 176.937298309 173.862514988 170.622890109 167.398500422 164.370526992 161.710410886 159.569577104 158.070348514 157.298600286
