215.836224025 214.865354398 212.977112813 210.276272764 206.914524905 203.084148406 199.009954784 194.939813148 191.134120803 187.854624474
185.35302362 183.859797415 183.573690496 184.652269978 187.20392807 191.28165262 196.878823703 203.927220564 212.297342359 221.801061292
232.196541002 243.195269451 254.470977317 265.67014261 276.423722636 286.359707552 295.116057278 302.353566617 307.768202686 311.102474127
312.155422526 310.790871968 306.943630888 300.623409572 291.916294104 280.983700743 268.058820685 253.440650917 237.485789522 220.598250471
203.217621025 185.805942084 168.833736202 152.765638052 138.046096911 125.085619682 114.248006202 105.838996666 100.096704942 97.1841530671
221.693517137 221.984076936 222.545462804 223.33905579 224.309017552 225.384712137 226.483794372 227.515850546 228.386456102 229.001498718
229.27160412 229.116496569 228.469126427 227.279403577 225.517387531 223.175802426 220.27176728 216.847658055 212.971047482 208.733700178
204.249633376 199.652286402 195.090873852 190.726027087 186.724855224 183.255579293 180.481910888 178.557358797 177.619653336 177.785478113
179.145692647 181.761216883 185.659730356 190.833315277 197.237144713 204.789285219 213.371648792 222.832092847 232.987630269 243.62867567
254.524219848 265.427793317 276.084052599 286.235800699 295.631236559 304.031217854 311.216317746 316.993459194 321.201920204 323.71851972
324.461816211 323.395178811 320.528623264 315.919340942 309.670887768 301.931039791 292.888362201 282.767577555 271.823855575 260.3361801
248.599977455 236.919213783 225.598186053 214.933241916 205.204666994 196.668974467 189.551820962 184.041755182 180.28498186 178.381294237
201.165022557 204.460145048 210.685855673 219.149707588 228.900965788 238.826350942 247.762433122 254.613550517 258.463567549 258.670376364
254.933728402 247.329593986 236.307531989 222.65118644 207.405656044 191.778749449 177.025722807 164.328742269 154.682860023 148.799683363
147.038210283 149.369668179 155.379881352 164.309031683 175.125023072 186.6233715 197.543941219 206.693188569 213.060021692 215.913991928
214.876242776 209.956288714 201.551021227 190.406018619 177.54291069 164.159860123 151.514846129 140.803116012 133.040742416 128.965631934
