362.856614153 361.154210829 357.784637038 352.817555716 346.3554743 338.531415704 329.505903625 319.46333671 308.607840997 297.158702422
285.345490949 273.40299464 261.566085633 250.064640494 239.11863468 228.933525091 219.696026046 211.570372735 204.695152671 199.18077022
195.107592461 192.524806756 191.450002195 191.869468774 193.739190552 196.986492271 201.512283755 207.193832953 213.887987277 221.434754047
229.661144618 238.385183249 247.41998098 256.577776644 265.673851574 274.530231315 282.979096486 290.865835527 298.051684034 304.415908395
309.857504974 314.296399876 317.674147801 319.954141414 321.121354559 321.181653266 320.160717568 318.102624491 315.068147949 311.132834775
306.384917558 300.923124517 294.85444439 288.291900414 281.352382208 274.154577894 266.817041515 259.456422952 252.18587945 245.113679885
238.342005221 231.965941691 226.072657062 220.740745357 216.039721597 212.029645604 208.760852807 206.273770152 204.59879668 203.756230941
361.368566713 358.635548623 353.276453458 345.500776681 335.611978683 323.995051719 311.100763232 297.42723391 283.499619261 269.848741302
256.989558873 245.400369376 235.503601291 227.648987178 222.099804017 219.022736234 218.481762216 220.436294229 224.743621816 231.165527555
239.378769402 248.98896303 259.547257544 270.569084491 281.554178056 292.007016979 301.456828017 309.476316866 315.69835413 319.829938254
321.662880055 321.080799201 318.062185168 312.679446757 305.094047717 295.547993747 284.352090973 271.871531211 258.509469096 244.689335995
230.836682009 217.3613487 204.640751015 193.004988582 182.724416902 174.00019207 166.958163906 161.646338002 158.035964169 156.026144378
155.451694855 156.09385158 157.69328248 159.964768627 162.612845215 165.347654095 167.900254773 170.03667026 171.570006452 172.370076043
293.986474224 293.853957332 293.588790602 293.190716141 292.659367183 291.994292382 291.194988496 290.260941667 289.191677461 287.986819747
286.646158395 285.169725573 283.55788021 281.811399932 279.931579437 277.92033398 275.780306245 273.514974562 271.128760041 268.627129902
266.016694002 263.305291333 260.502063119 257.617509105 254.663523651 251.653408395 248.601858525 245.52492005 242.439915952 239.365339711
236.320715329 233.326423807 230.403496806 227.573379131 224.857662561 222.277794458 219.854765426 217.608781144 215.558924192 213.722812347
212.116260296 210.752952093 209.64413184 208.798320112 208.221063419 207.914723686 207.878314102 208.107387007 208.593978541 209.326613708
210.290374354 211.467031206 212.835239785 214.370798592 216.046966513 217.834835047 219.703749581 221.621772772 223.556181937 225.47399147
227.342490553 229.129785867 230.805338755 232.340486186 233.708935058 234.88721982 235.855114017 236.59598727 237.097100256 237.349831551
350.050646264 349.133698954 347.308580439 344.592753131 341.012187089 336.601094397 331.401579372 325.463208295 318.842503201 311.602365062
303.811432443 295.543382386 286.876180872 277.891290757 268.672845491 259.306797318 249.88004886 240.479577225 231.191559763 222.100510631
213.288437168 204.834024842 196.811859259 189.291693255 182.337766658 176.008185695 170.354368371 165.420561462 161.243433965 157.851751028
155.266131523 153.498891534 152.553975094 152.426972582 153.105226262 154.568021513 156.786861375 159.725821188 163.34197921 167.585918346
172.402293337 177.730457101 183.505139287 189.657169578 196.114237829 202.801682727 209.643300425 216.562164392 223.481447623 230.325238395
237.01934082 243.492051655 249.674905141 255.503377977 260.917547033 265.862692928 270.289843227 274.156249664 277.42579458 280.069322512
282.064893727 283.397957341 284.061442578 284.055767576 283.388766115 282.075533472 280.138193543 277.605590197 274.51290666 270.90121749
266.816978453 262.311460233 257.440132557 252.26200578 246.838937467 241.234911837 235.515300216 229.746110826 223.99323631 218.321707419
212.794961144 207.474131419 202.417370238 197.679206632 193.309950548 189.355148112 185.855094177 182.844407397 180.351672348 178.399152445
177.002576625 176.171001885 175.906752955 176.205439481 177.056050227 178.441122957 180.336987796 182.714081031 185.537325565 188.766573462
192.35710534 196.260180747 200.423633081 204.792502124 209.309696861 213.91668092 218.55417271 223.162852211 227.684066288 232.060524434
236.236976961 240.1608679 243.782955103 247.057890502 249.944753874 252.407534023 254.415551906 255.943820861 256.973339845 257.491316329
