347.691607945 348.034822925 348.669683371 349.495932236 350.370249512 351.114347035 351.525140687 351.386504786 350.48203386 348.608183953
345.587141639 341.278775173 335.591058612 328.48842476 319.997593559 310.210535211 299.284356712 287.438041042 274.946113459 262.129452931
249.343601887 236.965048329 225.376055116 214.948687336 206.028736494 198.920257297 193.871418144 191.06232033 190.595365273 192.4886467
196.672720164 202.990960552 211.203565624 220.995106611 231.985372287 243.743107586 255.802118024 267.679102825 278.892497516 288.981554625
297.524871573 304.157588848 308.586528851 310.602624577 310.090094386 307.031950127 301.51157541 293.710272506 283.900843547 272.43743708
259.742047858 246.28819899 232.582455535 219.144511783 206.486657088 195.093454205 185.402458509 177.786766189 172.540106317 169.865088434
193.522199224 196.048820932 200.919677253 207.782074897 216.136395664 225.369266876 234.794375466 243.698282953 251.388270089 257.239101526
260.735661415 261.508667026 259.361103095 254.283607432 246.457741169 236.246850421 224.175021095 210.895394588 197.149800363 183.722228034
171.389070151 160.869291006 152.777701617 147.584344259 145.582622056 146.868272642 151.330613087 158.656717964 168.348381536 179.750909416
192.092035408 204.52861288 216.19822799 226.272556256 234.009155569 238.798466354 240.203069187 237.986714847 232.131263187 222.840406993
210.529869437 195.804598351 179.424285533 162.2592644 145.239439344 129.299337582 115.322621596 104.089441837 96.2298423074 92.1860660735
276.688753956 276.328715428 275.608260622 274.526762567 273.083596638 271.278504407 269.112054091 266.586177588 263.704760444 260.47425832
256.904311687 253.008329662 248.804014158 244.313796822 239.56516356 234.590844756 229.428853422 224.122358383 218.719385018 213.272341907
207.837377704 202.473578578 197.242022318 192.204710582 187.423405542 182.958401198 178.867262728 175.203569347 172.015697119 169.345678004
167.228170083 165.689571445 164.747306661 164.40931029 164.673726454 165.528837544 166.953228523 168.916186506 171.378328353 174.292442236
177.604522687 181.25497276 185.179941782 189.312762919 193.585451595 197.930223759 202.280992174 206.574799357 210.753147498 214.763188586
218.558742038 222.101112148 225.3596836 228.312279873 230.945276435 233.253467951 235.239696116 236.914251894 238.294072711 239.401761334
240.264458459 240.912605435 241.378636778 241.695644154 241.896054257 242.01036247 242.065962305 242.086107573 242.089039969 242.087309565
159.221081137 160.952840873 163.94290552 167.338524757 170.078685684 171.110526476 169.611047316 165.172611712 157.916764554 148.513357004
138.098697344 128.104511861 120.025717912 115.166501989 114.408886462 118.044961618 125.703694757 136.387414992 148.614400539 160.645673261
170.759307221 177.526874232 180.04563466 178.086981045 172.135341272 163.309958361 153.181610009 143.514075077 135.972967814 131.850243905
