302.618250234 302.272438016 301.583751728 300.558040194 299.204008215 297.533135176 295.559567716 293.299987472 290.773455155 288.001232417
285.006583187 281.814556366 278.45175191 274.946072522 271.326463288 267.622641715 263.864820715 260.083427159 256.308818644 252.571001152
248.899350272 245.322338605 241.867271941 238.56003669 235.424860951 232.484091496 229.757988758 227.26454177 225.019304811 223.035257308
221.322688308 219.88910664 218.739177604 217.874686805 217.294531464 216.994739326 216.968514959 217.20631304 217.695937934 218.422668639
219.369407907 220.516854166 221.843694597 223.326817568 224.941542409 226.661864356 228.460712371 230.310217372 232.181988357 234.047393797
235.877845634 237.645083192 239.321454296 240.880190937 242.295676858 243.5437045 244.601718866 245.449045961 246.067103629 246.439592746
246.552666929 246.395079124 245.958303627 245.236632357 244.227244399 242.930248125 241.348695433 239.48856791 237.35873499 234.970884447
232.339425817 229.481367589 226.416169271 223.165569669 219.753392926 216.205334098 212.548726235 208.8122911 205.025875832 201.220177978
197.426461445 193.676266005 190.001113056 186.432210368 183.00015858 179.734662184 176.664247699 173.815991677 171.215261101 168.88546862
166.847844922 165.121230412 163.721888168 162.663339965 161.956226934 161.608196221 161.623814732 162.004510846 162.748544698 163.851007352
165.303848963 167.095935722 169.213135122 171.638428826 174.352052158 177.331658998 180.552510602 183.987686693 187.608316903 191.383830501
195.28222216 199.270331349 203.314132833 207.379035635 211.430187763 215.432783909 219.352373348 223.155165204 226.808328326 230.280283022
233.540982 236.562177937 239.317675257 241.783563782 243.938432157 245.763559069 247.243080526 248.364131663 249.116961774 249.49502152
180.669027706 181.002438306 181.665721257 182.65183888 183.950331264 185.54743101 187.426214232 189.566786166 191.946499315 194.540201742
197.320512756 200.258122942 203.322115225 206.480303423 209.699584539 212.946300904 216.186608165 219.386845056 222.513900856 225.535576475
228.420935177 231.140639055 233.667267543 235.975614431 238.042960115 239.849316037 241.377638646 242.614010476 243.547786358 244.171703131
244.481951639 244.478210212 244.163639262 243.544837034 242.63175702 241.437587923 239.97859752 238.273942128 236.345443803 234.217337717
231.915992531 229.469606857 226.907885163 224.261696748 221.562721538 218.843086672 216.134997899 213.470369893 210.880459618 208.395506811
206.044385613 203.85427124 201.850325423 200.055404149 198.489790994 197.170959051 196.113364151 195.328271727 194.823619315 194.603916272
194.670181906 195.019922778 195.647149501 196.54243294 197.692999271 199.08286292 200.692996018 202.501532546 204.48400503 206.613611211
208.861507843 211.197128426 213.588521433 216.002705355 218.406036693 220.764586875 223.044523988 225.212495117 227.236005122 229.083787657
230.726164366 232.135388263 233.285967512 234.154965996 234.72227734 234.9708693 234.886995789 234.460374124 233.684325474 232.555876875
231.075823593 229.248751052 227.083015977 224.590686838 221.787444144 218.692441539 215.328129108 211.720040705 207.896547483 203.888580229
199.729323377 195.453883949 191.098938906 186.702364641 182.302852558 177.939514802 173.651484363 169.47751379 165.455576813 161.622477131
158.013468526 154.661890391 151.598822559 148.852763127 146.449332742 144.411008496 142.756890305 141.502502259 140.659631086 140.236203459
299.227596864 300.374341898 302.616497276 305.853227755 309.937803723 314.682857311 319.867110294 325.243345567 330.547351371 335.507533897
339.854870353 343.332861955 345.70714498 346.774428088 346.370445233 344.376645033 340.725378385 335.403395093 328.453515772 319.974405424
310.11843794 299.087704334 287.128279599 274.522921737 261.582429763 248.635933581 236.02042604 224.069874918 213.104269168 203.418958816
195.274641342 188.88832917 184.425603835 181.994423075 181.640699041 183.345810297 187.026149175 192.534741345 199.66490803 208.155875552
217.700173683 227.952605823 238.540522153 249.075083308 259.163168253 268.419556993 276.479007368 283.007845795 287.714704527 290.360062435
290.764281687 288.813878047 284.465816284 277.749682838 268.767653458 257.692241931 244.761885205 230.274487873 214.579113049 198.066065114
181.155660743 164.286026414 147.900291981 132.433569754 118.30011632 105.881069703 95.5131376163 87.4785839398 81.9968210807 79.2178667893
141.106669115 153.384845837 165.413472317 166.067993938 157.305338794 150.912961194 155.592219541 169.448840876 184.114432777 192.739776611
