341.130669593 341.007948867 340.762786872 340.395741362 339.907646051 339.299607154 338.572998796 337.72945735 336.770874722 335.699390659
334.517384102 333.227463674 331.832457361 330.335401447 328.739528797 327.048256552 325.265173331 323.394026011 321.438706182 319.403236347
317.291755966 315.108507414 312.857821941 310.544105702 308.171825938 305.745497377 303.269668906 300.748910586 298.187801062 295.5909154
292.962813406 290.308028456 287.631056858 284.936347775 282.228293714 279.511221594 276.789384393 274.066953367 271.348010836 268.63654351
265.936436357 263.251466967 260.585300402 257.941484488 255.323445544 252.734484475 250.177773245 247.656351651 245.173124398 242.730858436
240.332180513 237.979574951 235.675381583 233.421793868 231.220857133 229.07446696 226.984367688 224.952151036 222.979254847 221.066961956
219.216399196 217.42853655 215.704186469 214.044003386 212.448483435 210.917964419 209.452626048 208.052490484 206.717423219 205.447134342
204.241180194 203.098965481 202.019745857 201.002631011 200.046588295 199.1504469 198.312902628 197.532523248 196.807754471 196.13692654
195.518261431 194.949880679 194.429813792 193.95600726 193.526334115 193.138604023 192.790573862 192.479958752 192.204443478 191.96169425
191.749370747 191.56513837 191.406680635 191.271711637 191.157988499 191.06332373 190.985597415 190.922769142 190.872889597 190.834111734
190.804701449 190.78304767 190.767671799 190.757236427 190.75055326 190.746590194 190.744477484 190.743512964 190.743166268 190.743082031
