310.083596088 309.961099504 309.716537692 309.35077144 308.865087125 308.261190978 307.541201475 306.707639898 305.763419108 304.711830588
303.556529817 302.301520036 300.951134509 299.510017334 297.983102926 296.375594242 294.692939881 292.940810149 291.125072209 289.251764444
287.327070137 285.357290623 283.348818003 281.308107586 279.241650164 277.155944269 275.057468531 272.952654271 270.847858458 268.749337159
266.663219602 264.59548297 262.551928043 260.538155813 258.559545151 256.621231652 254.72808774 252.884704123 251.095372681 249.364070855
247.69444761 246.089811027 244.55311757 243.086963069 241.693575458 240.374809288 239.132142021 237.966672125 236.879118951 235.869824401
234.938756336 234.085513725 233.309333476 232.609098911 231.983349829 231.430294099 230.947820705 230.533514175 230.184670314 229.898313143
229.671212954 229.499905389 229.380711433 229.309758213 229.283000498 229.296242786 229.345161855 229.425329676 229.532236555 229.661314397
229.807959974 229.967558068 230.135504397 230.307228186 230.478214293 230.644024769 230.800319761 230.942877652 231.067614341 231.170601587
231.248084321 231.296496855 231.312477923 231.292884476 231.234804192 231.13556664 230.992753058 230.804204719 230.568029847 230.282609072
229.946599422 229.558936824 229.118837153 228.625795816 228.079585902 227.480254932 226.828120234 226.123762995 225.368021029 224.561980335
223.706965481 222.804528912 221.856439225 220.864668515 219.83137885 218.758907988 217.649754393 216.506561674 215.332102519 214.129262226
212.901021938 211.650441663 210.380643191 209.094792998 207.796085238 206.48772491 205.172911306 203.854821819 202.536596199 201.221321346
199.912016722 198.611620442 197.322976133 196.048820614 194.791772462 193.554321512 192.338819355 191.147470844 189.982326683 188.845277091
187.738046588 186.662189901 185.619089009 184.60995132 183.635808982 182.697519301 181.79576627 180.931063152 180.103756118 179.314028875
178.561908254 177.847270705 177.169849642 176.529243587 175.924925035 175.356249981 174.822468045 174.322733101 173.856114347 173.421607738
173.018147689 172.644618975 172.299868746 171.982718567 171.691976402 171.42644847 171.184950872 170.966320935 170.769428179 170.593184832
170.436555842 170.298568298 170.178320204 170.074988559 169.98783667 169.916220663 169.859595147 169.817517996 169.789654199 169.775778789
