280.190470277 280.170070701 280.129190028 280.067666038 279.985257448 279.881646359 279.756441491 279.609182186 279.439343157 279.246339957
279.029535114 278.788244922 278.521746819 278.229287313 277.910090413 277.563366499 277.188321579 276.784166869 276.350128641 275.88545826
275.389442361 274.861413082 274.300758291 273.70693174 273.079463071 272.417967605 271.722155849 270.991842645 270.226955909 269.427544876
268.593787803 267.725999061 266.824635571 265.89030251 264.923758261 263.92591853 262.897859628 261.840820836 260.756205851 259.645583276
258.510686124 257.353410323 256.175812214 254.980105028 253.76865434 252.543972512 251.308712126 250.065658431 248.817720818 247.567923354
246.319394409 245.075355407 243.839108755 242.614024992 241.403529204 240.211086782 239.040188566 237.894335453 236.777022537 235.69172285
234.641870788 233.630845296 232.6619529 231.738410662 230.863329149 230.03969551 229.270356726 228.558003148 227.905152394 227.314133696
226.787072782 226.325877382 225.932223436 225.607542084 225.353007523 225.169525793 225.057724573 225.017944048 225.050228914 225.154321575
225.329656579 225.575356361 225.8902283 226.272763168 226.721134956 227.233202141 227.806510383 228.438296669 229.125494912 229.864743005
230.6523913 231.484512519 232.356913056 233.265145643 234.20452335 235.17013486 236.15686098 237.159392327 238.17224812 239.189796024
240.206272947 241.215806737 242.212438674 243.190146674 244.142869116 245.064529188 245.949059648 246.790427914 247.582661348 248.319872655
248.996285264 249.606258599 250.144313111 250.605154974 250.983700325 251.275098942 251.474757252 251.578360561 251.581894405 251.481664912
251.274318094 250.956857959 250.52666337 249.981503545 249.319552149 248.539399875 247.64006547 246.621005126 245.482120204 244.223763217
242.846742058 241.352322423 239.742228411 238.018641282 236.184196367 234.241978119 232.195513329 230.048762502 227.806109432 225.472348993
223.052673196 220.552655551 217.978233795 215.335691031 212.631635371 209.872978135 207.066910698 204.220880076 201.342563336 198.439840933
195.52076908 192.593551259 189.66650898 186.748051913 183.846647505 180.970790209 178.12897045 175.329643448 172.581198031 169.89192556
167.269989098 164.723392949 162.25995269 159.887265814 157.612683129 155.443280994 153.385834543 151.446791985 149.632250103 147.947931034
146.399160455 144.990847236 143.727464671 142.613033344 141.651105724 140.844752528 140.196550935 139.708574684 139.382386098 139.219030076
