317.278876042 316.537765868 315.063682057 312.87279837 309.989128473 306.444233241 302.276836531 297.532354516 292.262344784 286.523882457
280.378871518 273.893300402 267.136451545 260.180075233 253.09753843 245.962959627 238.850340798 231.832707584 224.981268584 218.364604372
212.047896298 206.092204607 200.553804612 195.483588834 190.92654206 186.921295235 183.499762975 180.686868343 178.500357287 176.950703941
176.041106736 175.767574059 176.119096988 177.077905528 178.619803663 180.714577555 183.326470322 186.414716005 189.934124691 193.835710144
198.067350909 202.574475534 207.300762411 212.188844694 217.181010909 222.219892062 227.249126499 232.213994195 237.06201282 241.743488599
246.212015793 250.42491951 254.343637456 257.93403726 261.166666965 264.016937344 266.46523569 268.496971742 270.102557394 271.27732273
272.021371828 272.339382532 272.240355129 271.737315465 270.846978556 269.589379157 267.987476031 266.066736877 263.854710885 261.380595893
258.67480692 255.768552598 252.693425666 249.481013195 246.162531725 242.768491829 239.32839597 235.870472792 232.421450222 229.006368985
225.648437346 222.368927111 219.187110161 216.12023407 213.183534659 210.390282735 207.751861673 205.277872061 202.976259163 200.853458714
198.914556281 197.163455342 195.603049204 194.235391927 193.06186364 192.083325839 191.300262639 190.712904359 190.321330309 190.125548198
215.529724598 216.514733095 218.544679611 221.712372292 226.095133979 231.695533548 238.384347102 245.859136707 253.629529146 261.035790034
267.301393914 271.614026715 273.223943261 271.54484428 266.241145867 257.286978441 244.986283355 229.949334036 213.027911181 195.218046766
177.54457911 160.944809225 146.16877393 133.710986262 123.783361938 116.332297555 111.095618037 107.688583785 105.703441967 104.804916907
