209.51705151 210.39400442 212.126109821 214.670320587 217.963436343 221.92370909 226.45292047 231.438878256 236.758269031 242.279794989
247.867515584 253.384309498 258.695369287 263.67164012 268.193115354 272.151905145 275.45499989 278.026657887 279.810355905 280.770252266
280.892124244 280.183754684 278.674756612 276.415838685 273.477528423 269.948383833 265.932737003 261.548025102 256.921774795 252.18831494
247.485299551 242.950128021 238.716352479 234.910162831 231.647038416 229.028651389 227.140101026 226.047550159 225.796325291 226.409530594
227.887213467 230.206105775 233.319950711 237.160410733 241.63853764 246.64677182 252.061424509 257.745584732 263.552381873 269.32852572
274.918038674 280.166089641 284.922836262 289.047181452 292.410351915 294.899210209 296.41921805 296.896976671 296.282280016 294.54962814
291.699161031 287.756986992 282.77489427 276.829449477 270.020501202 262.469121616 254.315032519 245.713574886 236.832292077 227.847206421
218.938876424 210.288327365 202.072951297 194.462473398 187.615080258 181.67380195 176.763233854 172.98667617 170.423759218 169.128611049
166.331296562 167.498185725 169.791906991 173.134006754 177.410875155 182.47840903 188.167872472 194.292674066 200.655739011 207.057130503
213.301569115 219.205511495 224.603479616 229.35337706 233.340586802 236.480712111 238.720894757 240.039718506 240.445776866 239.975048283
238.687276201 236.661592735 233.99165139 230.780545117 227.135781124 223.164563979 218.969605484 214.645635909 210.276739591 205.934581947
201.677538156 197.550679699 193.586526705 189.806434449 186.222453403 182.839485343 179.657553692 176.674014188 173.88555107 171.289832488
168.886734317 166.679081455 164.672896777 162.87718753 161.303334118 159.964174637 158.872898386 158.041871556 157.481518056 157.19936813
