252.671446499 252.817954939 253.105899136 253.525235866 254.06115373 254.694371895 255.401529557 256.155658757 256.926731588 257.68227144
258.388016692 259.008624297 259.508399929 259.852040848 260.00537743 259.936099291 259.614452245 259.013892873 258.111688279 256.889449625
255.333589297 253.435692953 251.192799341 248.607582445 245.688432391 242.44943339 238.910238947 235.09584644 231.036275054 226.766152849
222.324220379 217.752759846 213.096960097 208.404228948 203.723465248 199.104303794 194.596346674 190.248394804 186.107693349 182.219204431
178.624919923 175.363226335 172.468332783 169.969771764 167.891981098 166.253973808 165.069101041 164.344911392 164.083108155 164.279604203
164.924672404 166.003187693 167.494955287 169.375117926 171.614633674 174.180814542 177.03791517 180.147759999 183.470396762 186.964763776
190.589358407 194.302894256 198.064934938 201.836493012 205.580583402 209.262721709 212.851359044 216.318246348 219.638722708 222.791923726
225.760907692 228.53269899 231.098249835 233.452323108 235.593300633 237.52292269 239.245965945 240.769868138 242.104308893 243.260756815
244.251993653 245.091626659 245.793600414 246.371719305 246.839191487 247.208204638 247.489543007 247.692254341 247.823374093 247.88771304
390.045822173 386.108689786 378.383455145 367.161406564 352.862894428 336.018387178 317.244746609 297.217927115 276.643474531 256.226295795
236.641186103 218.50553554 202.355496828 188.62668875 177.640248459 169.594745839 164.564151922 162.501729518 163.249406136 166.55191404
172.074754883 179.424878565 188.172865947 197.87537668 208.096666386 218.428087024 228.504652083 238.017962423 246.725034895 254.452838325
261.098603784 266.626222068 271.059256587 274.471272132 276.974299946 278.706321725 279.818657585 280.464087941 280.786432189 280.912157222
280.944407504 280.959649146 281.006917272 281.109463072 281.268427445 281.468033215 281.681696249 281.878412869 282.028788789 282.110131816
137.082575601 139.584179609 144.483874793 151.579062823 160.576722543 171.105932282 182.733708869 194.983476763 207.355366996 219.347466776
230.477100021 240.301218558 248.435023289 254.568012426 258.476766693 260.033924127 259.212963559 256.088598857 250.832777391 243.70646776
235.047605157 225.255729783 214.773997365 204.069354572 193.611751237 183.853302207 175.208312616 168.03504145 162.62000106 159.165478302
157.780821036 158.477868095 161.170718777 165.679847363 171.740377502 179.014148827 187.105041875 195.576884589 203.973150506 211.837580285
218.73481778 224.270151282 228.107489767 229.984781388 229.726193497 227.250515393 222.5754105 215.817326504 207.187062251 196.981180483
185.56963758 173.380167238 160.880097414 148.556392424 136.894790121 126.358943968 117.370479981 110.290838826 105.405695627 102.912637615
