249.793335039 249.987156115 250.371426347 250.93946809 251.681428874 252.58447401 253.633036561 254.809118989 256.092639681 257.461816515
258.89357888 260.363998902 261.848732296 263.323459081 264.764314507 266.148300813 267.453671021 268.66027664 269.749872164 270.70637027
271.516042905 272.167664769 272.65259713 272.964811362 273.100853064 273.059749035 272.842860777 272.453689441 271.897638267 271.18173957
270.314354107 269.304851252 268.163278813 266.900031465 265.525526721 264.049897055 262.482706321 260.832697858 259.10758082 257.313860181
255.456714698 253.539925811 251.565859091 249.535498429 247.448531786 245.303485901 243.097906081 240.828575968 238.491771115 236.083539257
233.599999454 231.037651712 228.393688382 225.666298507 222.854956428 219.960686278 216.986294558 213.936563732 210.818400717 207.640935228
204.415564187 201.155939678 197.877899393 194.599339874 191.340034339 188.121398236 184.966207 181.898271718 178.942079453 176.122405955
173.463909168 170.990712524 168.725987298 166.691543433 164.90743807 163.391610697 162.159553251 161.224022716 160.594802832 160.278520399
305.27741393 305.447187521 305.778145921 306.253328906 306.847834298 307.529449346 308.259468895 308.993680834 309.683495239 310.277190278
310.721245101 310.961727888 310.945705911 310.622643939 309.945757591 308.873289326 307.369676587 305.406584193 302.96377628 300.029806935
296.602512907 292.689296527 288.307191859 283.482712277 278.251482741 272.657665154 266.753189951 260.596811652 254.253010103 247.790762749
241.282216134 234.801287126 228.422225845 222.218173013 216.259744425 210.613674403 205.341548541 200.498653756 196.132970731 192.284330296
188.983751322 186.252973263 184.104191813 182.540001279 181.553542389 181.128849384 181.241385618 181.858752533 182.941552938 184.444386044
186.316948878 188.505216434 190.952671411 193.601553579 196.394098763 199.273738097 202.186229623 205.080696376 207.910547798 210.634264567
213.216030661 215.626200558 217.841593797 219.845613691 221.628191464 223.18556159 224.519878402 225.638687981 226.554272998 227.282891204
227.843930899 228.259008561 228.551035121 228.743277891 228.858445035 228.91781857 228.940460385 228.942513573 228.93661861 228.931460671
311.023347736 309.275941205 305.827009568 300.767030247 294.22854343 286.382445107 277.433214716 267.613216659 257.176241719 246.390476115
235.531102041 224.872743417 214.681974174 205.210103351 196.686441975 189.312241215 183.255470333 178.646576984 175.575342426 174.088911006
174.191037999 175.842563483 178.963083724 183.433756427 189.101143381 195.781964466 203.26861151 211.335249892 219.744320681 228.253246814
236.621143719 244.615337764 252.017504909 258.629256592 264.277019638 268.816081212 272.133697704 274.151197028 274.825036185 274.146808897
272.14223086 268.869161364 264.414748964 258.891814467 252.434606127 245.194078758 237.332860235 229.020075042 220.426195114 211.718083263
203.054384143 194.581402462 186.429588539 178.710728006 171.515906302 164.914290547 158.952742248 153.656245274 149.029105346 145.056851172
141.708743876 138.940781538 136.699070005 134.92342012 133.551025634 132.5200753 131.773157136 131.26032233 130.941690389 130.789495451
