320.83645214 320.566092224 320.026889466 319.22186829 318.15554108 316.833879254 315.264275008 313.455493967 311.417619078 309.161986104
306.701111157 304.048610761 301.219114964 298.228174087 295.092159735 291.828160719 288.453874593 284.987495517 281.447599209 277.85302572
274.222760845 270.575816925 266.931113851 263.307361039 259.722941169 256.195796436 252.743318082 249.38223991 246.128536485 242.997326695
240.002783274 237.158048886 234.475159313 231.964974216 229.637115925 227.49991663 225.560374297 223.82411758 222.295379921 220.976982986
219.870329513 218.975405584 218.29079226 217.813686484 217.539931055 217.464053449 217.579313182 217.877757357 218.350284001 218.986712708
219.775862104 220.705633554 221.763100536 222.934603045 224.205846352 225.562003446 226.987820426 228.467724125 229.98593121 231.526558018
233.073730362 234.611692564 236.124914965 237.598199192 239.016780452 240.366426192 241.633530431 242.805203167 243.869354245 244.814771147
245.63119019 246.309360677 246.841101593 247.219350492 247.438204265 247.49295157 247.380096715 247.097374898 246.643758721 246.019455998
245.2258989 244.265724573 243.142747407 241.861923192 240.429305452 238.851994321 237.138078352 235.296569696 233.337333173 231.271009743
229.108934961 226.86305302 224.545827022 222.170146119 219.749230225 217.296532973 214.825643629 212.350188665 209.883733713 207.439686574
205.031202005 202.671088932 200.371720775 198.144949482 196.002023912 193.953513103 192.00923498 190.17819099 188.468507099 186.887381569
185.441039849 184.134696888 182.972527105 181.957642206 181.092076977 180.376783125 179.81163117 179.395420359 179.125896484 178.999777442
179.012786335 179.159691816 179.434355382 179.829785219 180.338196194 180.951075522 181.659253608 182.452979523 183.322000532 184.255645093
185.242908674 186.27254176 187.333139393 188.413231556 189.501373744 190.586237041 191.656697023 192.701920847 193.711451851 194.675291061
195.583974993 196.428649165 197.201136793 197.89400214 198.500608074 199.01516739 199.432787529 199.749508358 199.962332733 200.069249624
