274.90361212 274.935712955 274.999409491 275.093696927 275.217081655 275.367597426 275.542826643 275.739926563 275.955660154 276.186431272
276.428323818 276.677144464 276.928468509 277.177688402 277.42006443 277.650777047 277.86498031 278.057855866 278.22466693 278.360811691
278.461875606 278.523682002 278.542340483 278.514292615 278.436354408 278.305755125 278.12017202 277.877760596 277.577180063 277.217613695
276.798783839 276.320961397 275.784969634 275.192182236 274.544515591 273.844415342 273.094837278 272.299222735 271.461468701 270.585892884
269.677194056 268.740408024 267.780859643 266.804111315 265.815908447 264.822122404 263.828691488 262.841560525 261.866619634 260.909642792
259.976226792 259.071731208 258.201219965 257.369405111 256.580593362 255.838635978 255.146882494 254.508138798 253.924630012 253.397968594
252.929128023 252.518422386 252.165492127 251.869296174 251.628110578 251.439533769 251.300498442 251.207290038 251.155571733 251.140415756
251.156340837 251.197355482 251.257006757 251.328434178 251.404428269 251.4774933 251.539913668 251.583823365 251.601277907 251.584328114
251.525095081 251.41584566 251.249067801 251.01754503 250.714429418 250.333312348 249.86829243 249.314039914 248.665857012 247.919733525
247.072397254 246.121358685 245.064949497 243.902354505 242.63363668 241.259754971 239.78257471 238.204870423 236.530320988 234.763497077
232.909840956 230.975638739 228.96798527 226.894741887 224.764487366 222.586462419 220.370508163 218.126999052 215.866770797 213.601043847
211.341343066 209.099414233 206.887138083 204.716442566 202.599214073 200.547208356 198.571961892 196.684704422 194.896273416 193.217031172
191.656785248 190.224712903 188.929290197 187.778226323 186.778403757 185.935824727 185.25556444 184.741731489 184.397435761 184.22476413
