296.910161152 296.664259857 296.173592312 295.440422577 294.468131687 293.261199698 291.825181894 290.16667932 288.293303795 286.213637616
283.937188186 281.474337829 278.836289085 276.035005793 273.083150323 269.994017291 266.781464164 263.459839139 260.043906716 256.548771388
252.989799884 249.382542406 245.742653307 242.085811663 238.427642164 234.783636803 231.169077755 227.598961912 224.087927455 220.650182888
217.299438904 214.048843448 210.91092032 207.897511649 205.019724514 202.287881998 199.711478904 197.299142352 195.058597431 192.996638061
191.119103184 189.430858358 187.935782818 186.63676202 185.53568565 184.633451058 183.929972032 183.424192811 183.114107192 182.996782566
183.068388684 183.32423093 183.758787855 184.365752713 185.138078676 186.068027463 187.14722101 188.366695879 189.716960021 191.188051549
192.769599144 194.450883705 196.220900891 198.068424144 199.982067837 201.950350168 203.96175543 206.004795305 208.068068836 210.140320739
212.210497747 214.267802682 216.301745969 218.302194344 220.259416505 222.164125504 224.007517671 225.781307929 227.477761337 229.089720763
230.610630591 232.034556415 233.356200672 234.570914225 235.674703899 236.664236037 237.536836133 238.290484644 238.923809101 239.436072661
239.827159261 240.097555555 240.248329841 240.281108181 240.198047956 240.001809087 239.695523189 239.282760903 238.767497687 238.154078331
237.447180472 236.651777385 235.773100327 234.8166007 233.787912293 232.692813873 231.537192368 230.32700687 229.068253703 227.76693275
226.429015247 225.060413222 223.666950733 222.254337072 220.828142035 219.39377338 217.956456561 216.52121679 215.092863483 213.675977119
212.274898496 210.893720395 209.536281588 208.206163168 206.906687093 205.640916883 204.411660352 203.221474247 202.072670678 200.967325174
199.907286211 198.894186055 197.929452726 197.014322923 196.1498557 195.336946722 194.576342905 193.868657247 193.214383664 192.613911653
192.067540593 191.575493522 191.137930225 190.75495948 190.426650312 190.153042151 189.934153742 189.769990744 189.660551902 189.605833747
237.640042147 237.546708169 237.353623122 237.048311844 236.612944796 236.025358224 235.260349761 234.291197073 233.091337677 231.636140802
229.904697413 227.881552455 225.558304083 222.934998143 220.021252335 216.837053163 213.413179639 209.791220453 206.023165473 202.170567592
198.303286477 194.497841285 190.835414281 187.399561002 184.273694728 181.538423045 179.268821892 177.531737352 176.383207334 175.866094227
176.008015323 176.819650689 178.293498145 180.403132539 183.103011852 186.328856328 189.998609288 194.013970057 198.262471167 202.620054211
206.954082028 211.126709808 214.998524795 218.43235386 221.297130796 223.471710974 224.848520134 225.336926718 224.866233211 223.388191238
220.878957582 217.340423272 212.800865234 207.31488904 200.962651539 193.848372968 186.098168958 177.857252931 169.286578229 160.559006264
151.855101543 143.358666132 135.252134623 127.71195567 120.904087483 114.979732293 110.071428751 106.289611656 103.719735625 102.420043678
