198.048487696 199.914569468 203.554162932 208.786579342 215.35170842 222.922559175 231.121064059 239.536414075 247.745073444 255.331541965
261.908894882 267.138135834 270.745448031 272.536520204 272.407253022 270.350313001 266.457187176 260.915594901 254.002323865 246.071766494
237.540630926 228.86947881 220.541892246 213.042187371 206.832667151 202.331437225 199.891794524 199.784139272 202.181259103 207.147693731
214.633715753 224.474265245 236.392961259 250.011091612 264.861262985 280.405186088 296.054884524 311.196459343 325.215421023 337.522522355
347.578992885 354.920090126 359.175944079 360.088777525 357.5257306 351.486698311 342.106796329 329.653294784 314.517092393 297.199034126
278.291594816 258.456649254 238.400217851 218.845208545 200.503264556 184.046870014 170.082859335 159.128421772 151.590591981 147.750074917
237.714395237 237.165688573 236.080550551 234.483297826 232.40982501 229.906920796 227.031376803 223.848906322 220.432893758 216.862998802
213.223642037 209.602400905 206.088346532 202.770352888 199.735410132 197.066973703 194.843379822 193.136356578 192.009657716 191.51784366
191.705231308 192.605030675 194.238682755 196.61540901 199.73197873 203.572696373 208.109606799 213.302912258 219.101591114 225.44420471
232.259875453 239.46941637 246.986589912 254.719471853 262.571894697 270.444944094 278.238481425 285.852665885 293.189450073 300.154024303
306.656186461 312.611616295 317.943035374 322.581236672 326.46597059 329.546677313 331.783058502 333.145484508 333.615236346 333.184584686
331.856710886 329.645477669 326.575059333 322.679443349 318.00181684 312.593852673 306.514910803 299.831170991 292.614713191 284.942561651
276.895708265 268.558129883 260.015813175 251.355799401 242.665259926 234.030611792 225.536681005 217.265919546 209.297680502 201.707554175
194.566766606 187.941640689 181.893118943 176.476346154 171.740309412 167.727532628 164.473822394 162.008062043 160.352050948 159.520386468
113.572327641 115.688697892 119.666585035 125.055013352 131.311882736 137.932722249 144.575028898 151.149911927 157.858334445 165.159562248
173.67265302 184.025522045 196.67772654 211.750357431 228.897783528 247.250951251 265.451134363 281.778138833 294.36046577 301.439656022
301.64969907 294.267107149 279.389178033 258.007046168 231.955088864 203.736824882 176.246673298 152.423713141 134.885126209 125.591355508
