349.074493064 348.028488168 345.945982122 342.845925861 338.756603601 333.715459974 327.768865976 320.971820955 313.387587502 305.087256012
296.149235755 286.658669694 276.706770904 266.390079373 255.80963911 245.070096925 234.278725837 223.544377893 212.976373094 202.683333147
192.771970806 183.345847563 174.504114348 166.340251686 158.940827224 152.384289849 146.739820498 142.066260286 138.411136736 135.809808492
134.284748148 133.844981493 134.485699739 136.18805905 138.919179051 142.632348933 147.267446389 152.751570919 158.999889182 165.916686027
173.396610772 181.326104281 189.584988452 198.048196065 206.587615556 215.074022259 223.37906519 231.377276392 238.94806851 245.977685499
252.361071292 258.003621873 262.822787536 266.749494116 269.729354671 271.723646396 272.710031435 272.683004652 271.654056209 269.651541953
266.720259988 262.920737287 258.328235724 253.031492298 247.131213559 240.738349063 233.972173201 226.958208635 219.826027924 212.706972554
205.731830493 199.028514512 192.719783797 186.92105084 181.738314268 177.266256051 173.586538673 170.766334135 168.85711246 167.893712489
286.348596823 286.031329653 285.398879251 284.455398746 283.207081056 281.662115083 279.830627807 277.724612731 275.357845223 272.745785368
269.905469091 266.85538834 263.615361259 260.206393288 256.650530259 252.970704562 249.190575543 245.334365295 241.426691083 237.49239561
233.556376395 229.643415489 225.77801078 221.984210102 218.285449336 214.704395672 211.262797121 207.98133935 204.879510826 201.975477194
199.285965731 196.826160656 194.609609956 192.648144322 190.951808691 189.528806764 188.385458813 187.526172934 186.953429857 186.667781265
186.667861518 186.950412545 187.51032159 188.340671397 189.432802321 190.776385793 192.359508456 194.168766233 196.189367533 198.405244719
200.799172924 203.352895254 206.047253397 208.862322601 211.777549985 214.771895153 217.823972039 220.912190958 224.01489983 227.110523586
230.17770077 233.195416427 236.14313038 239.000900061 241.749497134 244.370517195 246.846481895 249.160932935 251.298517428 253.245064199
254.987650717 256.514660366 257.815829911 258.882287039 259.70657799 260.282685314 260.606035915 260.673499587 260.483378332 260.0353868
259.330624272 258.371538639 257.161882909 255.706664786 254.01208993 252.085499527 249.935302817 247.570905272 245.002633089 242.241654713
239.299900062 236.189978153 232.925093792 229.518963988 225.985734706 222.339898572 218.59621408 214.769626829 210.875193281 206.928007455
202.943130962 198.935526717 194.919996587 190.911123244 186.923216365 182.970263319 179.065884411 175.223292689 171.4552583 167.774077304
164.191544823 160.718932365 157.366969121 154.145826991 151.065109079 148.133841372 145.360467271 142.75284468 140.318245282 138.063355683
135.994280076 134.116544081 132.435099434 130.95432922 129.678053335 128.609533915 127.75148048 127.106054569 126.674873681 126.45901437
