335.133654858 334.860029847 334.314092086 333.498458119 332.417032872 331.074985941 329.478720221 327.635833109 325.555070523 323.246274075
320.720321742 317.989062446 315.065244989 311.962441821 308.694968166 305.277797048 301.726470791 298.057009592 294.285817775 290.429588365
286.5052066 282.529653043 278.519906913 274.492850288 270.465173795 266.453284399 262.473215894 258.540542657 254.670297212 250.876892128
247.174046716 243.574718981 240.091043234 236.734273709 233.514734528 230.441776252 227.523739263 224.767924138 222.180569132 219.766834838
217.530796049 215.475440776 213.602676342 211.913342419 210.407230819 209.08311181 207.938766694 206.971026309 206.175815121 205.548200502
205.082446775 204.772073563 204.609917974 204.58820011 204.698591383 204.932285102 205.280068792 205.732397683 206.27946883 206.911295315
207.61777997 208.388788125 209.214218823 210.08407405 210.988525462 211.917978192 212.863131302 213.815034493 214.765140725 215.705354422
216.628074986 217.526235395 218.393335666 219.223471052 220.011354855 220.752335787 221.442409871 222.078226891 222.657091464 223.176958848
223.636425619 224.034715419 224.371659997 224.647675792 224.863736363 225.021340972 225.122479682 225.169595324 225.165542735 225.113545667
225.017151779 224.88018616 224.70670379 224.500941391 224.267269102 224.010142389 223.734054625 223.443490743 223.142882339 222.836564611
222.528735477 222.223417193 221.924420775 221.635313485 221.359389624 221.099644826 220.858754037 220.639053294 220.442525411 220.270789628
220.125095247 220.006319243 219.91496779 219.851181626 219.814745131 219.805098967 219.821356085 219.862320908 219.926511413 220.012183882
220.117360006 220.239856049 220.377313738 220.527232551 220.687003041 220.853940862 221.025321115 221.198412668 221.370512102 221.538976907
221.701257626 221.854928581 221.997716902 222.127529544 222.242478032 222.34090068 222.421382067 222.48276957 222.524186794 222.545043761
