309.047678994 308.903288716 308.614972669 308.183658 307.610730761 306.898030327 306.047841988 305.062887747 303.946315362 302.701685672
301.332958266 299.844475545 298.240945255 296.527421545 294.70928465 292.792219261 290.78219169 288.685425917 286.508378611 284.257713251
281.940273434 279.563055494 277.133180546 274.657866079 272.144397202 269.600097693 267.032300951 264.448320994 261.855423617 259.260797847
256.671527816 254.094565165 251.536702127 249.004545386 246.504490834 244.042699352 241.62507371 239.257236698 236.94451059 234.691898029
232.504064428 230.385321967 228.339615256 226.37050874 224.481175899 222.674390296 220.952518515 219.317515027 217.770919 216.31385308
214.947024136 213.670725976 212.484844013 211.388861864 210.381869836 209.462575281 208.629314732 207.880067799 207.212472713 206.623843472
206.111188481 205.671230599 205.300428476 204.99499909 204.750941346 204.564060617 204.42999411 204.344236907 204.302168547 204.299080012
204.330200967 204.390727112 204.475847487 204.580771601 204.700756224 204.831131695 204.967327617 205.104897777 205.239544179 205.367140033
205.483751601 205.58565875 205.669374128 205.731660836 205.769548511 205.78034773 205.76166265 205.711401831 205.627787163 205.509360871
205.354990549 205.163872201 204.935531288 204.669821759 204.366923095 204.027335392 203.651872493 203.241653246 202.798090927 202.322880906
201.817986625 201.285623991 200.728244277 200.148515639 199.549303367 198.933648997 198.304748413 197.665929084 197.020626562 196.37236042
195.724709747 195.081288379 194.445720014 193.821613367 193.212537522 192.621997636 192.053411157 191.510084688 190.995191659 190.511750948
190.062606568 189.650408576 189.277595295 188.946376987 188.658721068 188.416338951 188.220674622 188.072894997 187.973882143 187.924227389
