273.080729738 273.048060591 272.982995929 272.886080013 272.75812175 272.600185804 272.413580874 272.19984527 271.960729923 271.698179014
271.414308394 271.111382039 270.791786762 270.458005438 270.112589029 269.758127669 269.397221126 269.032448935 268.666340495 268.301345468
267.939804746 267.583922328 267.235738361 266.897103667 266.569655986 266.254798227 265.953678928 265.667175165 265.395878088 265.140081254
264.899771899 264.674625256 264.464002008 264.266948924 264.082202704 263.908197018 263.743072707 263.58469107 263.430650133 263.27830378
263.124783574 262.967023095 262.801784577 262.625687603 262.435239628 262.226868021 261.996953366 261.741863702 261.457989387 261.141778275
260.789770865 260.3986351 259.96520049 259.486491228 258.959757988 258.382508102 257.752533817 257.067938361 256.327159558 255.528990756
254.672598861 253.757539284 252.783767639 251.751648073 250.661958119 249.515890005 248.315048385 247.061444492 245.757486725 244.405967762
243.010048262 241.573237298 240.099369681 238.592580343 237.057276008 235.498104381 233.919921114 232.327754838 230.726770563 229.122231747
227.519461392 225.923802477 224.3405781 222.775051664 221.232387461 219.717612015 218.235576506 216.790920632 215.388038208 214.031044831
212.723747888 211.469619169 210.271770355 209.13293157 208.055433219 207.041191258 206.091696032 205.208004788 204.390737929 203.640079041
202.955778693 202.337161989 201.783139781 201.292223468 200.862543235 200.491869567 200.17763785 199.916975837 199.706733722 199.543516571
199.423718791 199.343560347 199.299124386 199.286395938 199.301301333 199.339747991 199.397664202 199.471038568 199.555958716 199.648648957
199.745506531 199.843136125 199.938382336 200.028359797 200.110480685 200.182479362 200.242433932 200.288784505 200.32034802 200.336329476
228.83356357 229.836426258 231.810003388 234.69104649 238.387268473 242.780351101 247.729799493 253.077516983 258.652949927 264.27863324
269.775954194 274.970944685 279.699911108 283.814716147 287.187538053 289.714949977 291.321184115 291.960472061 291.618383036 290.312114529
288.089724305 285.028327645 281.231317803 276.824700031 271.952659028 266.77250524 261.449166454 256.149406651 251.035963775 246.261801526
241.964667343 238.262139581 235.247331652 232.985400226 231.510978925 230.82662936 230.902368555 231.676296974 233.056315635 234.92288519
237.132745687 239.52348397 241.918807436 244.134359053 245.983889912 247.285592772 247.868393495 247.577997209 246.282492405 243.877328978
240.28950487 235.480819999 229.450084843 222.23420339 213.9080852 204.583378013 194.406049354 183.552881925 172.226982001 160.652431421
149.068241207 137.721787362 126.861926321 116.73199831 107.562931143 99.566654617 92.9300267017 87.8094574605 84.3263955371 82.5638157564
