197.89550949 198.363529909 199.295368863 200.682659931 202.512946529 204.769792616 207.432928751 210.478432174 213.878939292 217.603888645
221.61979217 225.890532315 230.37768232 235.04084679 239.83801948 244.725955093 249.660551726 254.597240543 259.491379167 264.29864527
268.975426831 273.479205563 277.768930098 281.805375583 285.551486497 288.972699638 292.037244415 294.716417798 296.984831504 298.820629252
300.205672205 301.12569099 301.57040302 301.533594125 301.013163856 300.011134134 298.533621265 296.590771661 294.196661949 291.369164455
288.129779384 284.5034353 280.518259792 276.205322496 271.598352871 266.733435367 261.648684797 256.383904932 250.980233447 245.479776491
239.925236221 234.359534695 228.82543756 223.365180932 218.020104855 212.830296638 207.834247263 203.068523952 198.567461786 194.362877115
190.483805277 186.956264905 183.803050853 181.04355751 178.693633969 176.765472232 175.267529306 174.204483755 173.577226912 173.38288869
173.614897536 174.263073839 175.313755725 176.749955914 178.551548025 180.695480435 183.156015554 185.904992161 188.912108221 192.145221427
195.57066458 199.153572738 202.858219036 206.648355952 210.487558784 214.339568094 218.168627892 221.939816378 225.619366168 229.174971014
232.576076179 235.794149808 238.802932791 241.578664872 244.100284959 246.349603847 248.311447865 249.9737722 251.327742968 252.367787414
253.091611892 253.500187639 253.597704616 253.391494024 252.891920406 252.112244498 251.068458327 249.779094267 248.265010036 246.549151841
244.656298072 242.61278615 240.446225263 238.185197874 235.85895298 233.497094176 231.129265624 228.784839026 226.492604714 224.280469895
222.175167026 220.201975196 218.384457254 216.744215263 215.300666678 214.070843457 213.069216062 212.307544073 211.794754899 211.536851741
