233.815664758 233.926298199 234.147205575 234.477668991 234.916614383 235.462614845 236.113895056 236.868336772 237.7234854 238.676557602
239.724449932 240.863748459 242.090739363 243.401420468 244.79151367 246.25647823 247.791524896 249.3916308 251.05155509 252.765855258
254.528904096 256.334907252 258.177921312 260.05187236 261.95057497 263.867751548 265.797051992 267.732073586 269.666381083 271.593526902
273.507071392 275.400603076 277.26775884 279.102243979 280.897852052 282.648484475 284.348169797 285.991082587 287.571561883 289.084129137
290.523505596 291.884629068 293.162670015 294.353046924 295.451440891 296.453809397 297.356399196 298.155758298 298.848746998 299.432547902
299.904674934 300.262981277 300.505666231 300.631280946 300.638733037 300.527290027 300.296581638 299.946600893 299.47770404 298.890609287
298.186394349 297.366492816 296.432689352 295.387113727 294.232233715 292.97084687 291.606071201 290.141334788 288.580364352 286.927172842
285.186046043 283.361528285 281.458407273 279.481698102 277.436626497 275.32861135 273.1632466 270.946282516 268.683606458 266.381223168
264.045234663 261.681819806 259.297213612 256.897686372 254.489522656 252.079000288 249.672369336 247.275831225 244.895518019 242.537471957
240.207625326 237.911780716 235.655591755 233.444544378 231.283938701 229.178871567 227.134219827 225.154624416 223.244475282 221.407897226
219.648736701 217.970549627 216.376590254 214.869801131 213.452804203 212.127893082 210.897026517 209.761823083 208.723557116 207.783155916
206.941198211 206.197913905 205.553185108 205.006548443 204.557198623 204.203993284 203.945459067 203.779798907 203.704900529 203.718346091
203.817422971 203.999135619 204.260218475 204.597149862 205.006166834 205.483280903 206.024294604 206.624818813 207.280290776 207.985992764
208.737071293 209.528556828 210.355383904 211.212411586 212.094444178 212.996252123 213.912592997 214.838232519 215.767965507 216.696636683
217.619161264 218.530545248 219.425905316 220.300488285 221.149690027 221.969073776 222.754387773 223.501582152 224.206825031 224.866517716
225.477308991 226.036108405 226.540098532 226.986746146 227.373812257 227.699360988 227.96176725 228.159723174 228.2922433 228.358668478
302.581552377 302.593174005 302.486643615 302.018764286 300.863862032 298.655998116 295.037883192 289.711162465 282.482522703 273.30042726
262.278181617 249.700382391 236.011473945 221.786962319 207.689633392 194.414709379 182.629093351 172.910569283 165.692967645 161.222852782
159.532276049 160.430661298 163.517087094 168.212276119 173.807686583 179.527410559 184.597287232 188.314865257 190.113677913 189.615749834
186.667296366 181.354110566 173.995015021 165.113807648 155.392157281 145.607711768 136.563094963 129.01235243 123.591672588 120.760832824
