225.408683689 225.818330758 226.629031468 227.814147042 229.312942152 231.013021452 232.737458148 234.242537005 235.23034585 235.377628724
234.378870682 231.998174467 228.121795389 222.801804223 216.281618147 208.996156664 201.542907941 194.624709736 188.969832038 185.23918472
183.93340551 185.313640655 189.348733418 195.69835359 203.736752616 212.616020672 221.361840758 228.989704686 234.626187934 237.618738377
345.129035204 344.453183221 343.074900117 340.94376412 337.990793216 334.135904595 329.297027945 323.400228988 316.390121117 308.239811451
298.959645443 288.604080304 277.276128064 265.12895715 252.364417732 239.228449659 226.003530381 212.998511262 200.536361942 188.940483053
178.520348445 169.55729268 162.29126409 156.909317705 153.536528268 152.229867222 152.975416953 155.689101443 160.220906488 166.362357685
173.856832994 182.412120787 191.714504063 201.443565119 211.28686764 220.953687273 230.187026344 238.773259369 246.548906542 253.404212926
259.283410472 264.181745716 268.139555261 271.233851549 273.568031683 275.260432911 276.432522934 277.197527543 277.650261405 277.858842528
194.497381408 191.77919243 193.403802945 196.983986567 185.602792824 147.566840082 96.6493157592 62.4562745668 58.6900478285 68.831331979
290.48055536 291.899665288 294.638511824 298.501784862 303.205187487 308.386021468 313.61751642 318.426919001 322.317181445 324.791832043
325.382292861 323.676562604 319.347844458 312.181414096 302.097835451 289.170579658 273.636213849 255.895614798 236.505124638 216.157180392
195.650677393 175.852115076 157.649358332 141.900559445 129.381356882 120.733837936 116.420876212 116.689304949 121.54495824 130.741923251
143.78743979 159.962821756 178.359636572 197.929251868 217.542833387 236.058039244 252.388074762 265.568501578 274.817262465 279.583790423
