296.716810703 296.633264986 296.462303216 296.196313214 295.824194879 295.331733476 294.702083359 293.91635052 292.954259925 291.794891486
290.417466729 288.80216683 286.930961741 284.78842957 282.362545348 279.645418672 276.633960573 273.330461242 269.743061949 265.886106554
261.780360464 257.453087583 252.93797877 248.274928463 243.509659371 238.693198452 233.881210663 229.133200179 224.511591826 220.080708276
215.905661132 212.051176202 208.58037515 205.553537043 203.026864341 201.051278273 199.671268556 198.923821869 198.837452434 199.431356594
200.714711242 202.686133613 205.33331711 208.632854785 212.55025863 217.040179305 222.046827129 227.504591356 233.338850956 239.466966352
245.799437968 252.241214093 258.693127431 265.053436992 271.219449635 277.089193667 282.56311553 287.545769736 291.94747186 295.68588469
298.687508358 300.88904669 302.23862382 302.696827526 302.237558555 300.848668436 298.532371886 295.305423751 291.19905458 286.258663089
280.54326815 274.124727176 267.086731998 259.523597359 251.538860923 243.243717168 234.755310631 226.1949166 217.686039523 209.35246102
201.316270446 193.695911431 186.604277706 180.146890791 174.420190856 169.509970153 165.48997607 162.420707945 160.348428482 159.304406888
255.729868759 258.312055262 263.515975161 269.70819349 273.492563884 272.64785647 268.800215849 265.991509809 266.332772987 267.978806186
151.901163643 153.796879965 157.51349867 162.904617078 169.75855282 177.807460276 186.738854913 196.209040579 205.857851476 215.324063072
224.260797049 232.350245857 239.31707259 244.939900238 249.060388564 251.589503041 252.510703871 251.879918723 249.822304436 246.525944386
242.23276326 237.227063727 231.822194518 226.345942083 221.125294713 216.471256206 212.6643846 209.941700233 208.485547766 208.414911381
209.77957489 212.557393659 216.654808482 221.91058882 228.102650475 234.957656873 242.162989829 249.380570242 256.261926312 262.46385023
267.663956399 271.575456332 273.960497383 274.641473136 273.50979983 270.531762105 265.751157673 259.288608992 251.33755441 242.157075478
232.061854738 221.409683439 210.587045732 199.993390364 190.024758982 181.057469331 173.432550611 167.441597071 163.314645836 161.21059869
