335.703509367 335.212890142 334.236232139 332.782641075 330.865638326 328.502998384 325.716535561 322.531842868 318.97798656 315.087160503
310.894305009 306.436695261 301.753504849 296.885350236 291.873822219 286.761010582 281.589028186 276.399540728 271.23330825 266.129744292
261.126498286 256.259066412 251.560435709 247.060765712 242.787111343 238.763190154 235.009196385 231.541663591 228.373376941 225.513335527
222.966764347 220.735174928 218.816472875 217.205109978 215.892277938 214.866140208 214.112097928 213.613085563 213.349891429 213.301498061
213.445437142 213.758153607 214.215373481 214.792470056 215.464823147 216.208166333 216.998917396 217.814487491 218.633564994 219.436370427
220.204879383 220.9230109 221.576779333 222.154408374 222.646406457 223.045603438 223.347149027 223.54847403 223.649216069 223.65111191
223.557859094 223.374949943 223.109481429 222.769944706 222.365998355 221.908229587 221.407907752 220.876734542 220.326595264 219.769315423
219.216426708 218.678946233 218.167172569 217.690501778 217.25726623 216.874598564 216.548322652 216.282872953 216.081243087 215.944963968
215.874111275 215.867341547 215.921955677 216.033988101 216.198319566 216.408810926 216.658455099 216.939544008 217.243847097 217.562797827
217.88768447 218.209841446 218.520837497 218.812657065 219.077871394 219.309796094 219.502632181 219.651587914 219.752979137 219.80430623
166.448457546 168.713331262 173.1179384 179.419449768 187.271794232 196.246217762 205.856698221 215.58866443 224.929268899 233.397372768
240.571424301 246.113547316 249.78839448 251.475647618 251.175442479 249.006434122 245.19667391 240.067911636 234.01433917 227.477130147
220.916382862 214.782225104 209.486881106 205.379429861 202.724805492 201.688315844 202.326602309 204.585554646 208.30525498 213.231582949
219.033696898 225.326240236 231.694830369 237.723188156 243.020170824 247.244986458 250.128992159 251.492702667 251.256947142 249.447488999
246.192843144 241.71546002 236.316868888 230.357757 224.234282394 218.352155789 213.100166394 208.824858774 205.807991267 204.248225781
