270.922525912 270.832155858 270.651285864 270.37966529 270.01694081 269.562683052 269.016421239 268.377685113 267.646053252 266.821206764
265.902987191 264.891457391 263.786964047 262.590200422 261.302267936 259.924735134 258.459692643 256.909802741 255.278342262 253.569237629
251.787090935 249.937196138 248.025544577 246.058819203 244.044377104 241.990220092 239.904953331 237.797732196 235.678197754 233.55640147
231.44271993 229.347760573 227.282259597 225.256973353 223.282564682 221.3694858 219.527859361 217.767359487 216.097094502 214.525493201
213.060196417 211.707955622 210.474540236 209.364655199 208.381870253 207.528562212 206.805871352 206.213672821 205.750563809 205.413866943
205.199650181 205.102763209 205.116890116 205.234617867 205.447519867 205.746253664 206.120671629 206.559943229 207.05268736 207.587112982
208.151166223 208.732681949 209.319537749 209.899808201 210.46191729 210.994786814 211.487978701 211.931829189 212.317572952 212.637455362
212.884831254 213.05424873 213.141516758 213.143755533 213.059428818 212.888357742 212.631715788 212.292004985 211.873013567 211.379755666
210.818393839 210.196145487 209.521174462 208.802469396 208.049710431 207.27312627 206.483343558 205.691230745 204.907738672 204.143740145
203.409870831 202.716373729 202.072949487 201.488614715 200.971570326 200.529081842 200.167373359 199.891536739 199.705457325 199.611757266
183.27974424 187.057017108 194.250876497 204.173111941 215.871208061 228.215705911 240.003545166 250.0677553 257.38330789 261.159350979
260.909378042 256.493007933 248.125762166 236.356260463 222.013322952 206.128274196 189.840023426 174.292032117 160.530932391 149.416271933
141.549668521 137.229682792 136.436159136 138.844894879 143.870560633 150.733096149 158.540606942 166.380297663 173.408337747 178.929818287
182.461091984 183.768670851 182.881296091 180.074544643 175.830121167 170.774525018 165.603826627 161.002635118 157.565857375 155.731490103
