314.729185736 314.281491859 313.390308547 312.064000878 310.315007433 308.159710774 305.618266913 302.714395618 299.475133814 295.930554713
292.113455716 288.059018415 283.804444371 279.388570562 274.851468631 270.234032236 265.577556924 260.92331702 256.312144071 251.784011335
247.377628763 243.130052784 239.076315049 235.249074067 231.678293433 228.390950036 225.410775322 222.758032303 220.449330645 218.497481711
216.91139504 215.696017253 214.852313946 214.377294642 214.264080404 214.502013278 215.076806235 215.970731872 217.162847715 218.62925555
220.343391858 222.276346091 224.397203218 226.673406736 229.071138083 231.55570826 234.091957313 236.644657252 239.178913972 241.660563727
244.056559806 246.335345153 248.467206846 250.424608545 252.182497283 253.71858124 255.013575488 256.05141303 256.819418857 257.308445154
257.512966214 257.431132067 257.064780289 256.419405919 255.504089871 254.331386694 252.917172972 251.280458097 249.443159564 247.429845315
245.267446046 242.984940692 240.613018626 238.183722344 235.730074641 233.285694426 230.884405486 228.559842541 226.345059006 224.272140813
222.371830616 220.673166561 219.20313964 217.986373478 217.044830099 216.397544973 216.060394304 216.045897173 216.363054742 217.017228351
218.01005788 219.33942132 220.99943604 222.980501772 225.269384875 227.849343002 230.700288817 233.798991005 237.119310394 240.632468625
244.307346444 248.110808362 252.008050141 255.96296532 259.938526753 263.897179016 267.801237362 271.613288877 275.296591438 278.815466107
282.135678657 285.224806062 288.052583919 290.591231019 292.815747483 294.704183215 296.237873722 297.401640716 298.183955303 298.577061962
218.471621149 222.895177188 229.742103541 235.72993668 237.475461856 232.723129797 221.19105385 204.745526527 186.855337376 171.529172384
162.111947683 160.349002247 166.013208266 177.17609785 190.972470775 204.544912992 215.817781268 223.847305115 228.681900441 230.867570264
