340.58213647 339.148138368 336.216670559 331.676191909 325.395909904 317.264263105 307.231967885 295.353752394 281.822788547 266.992409577
251.380916914 235.657018183 220.605522943 207.075139704 195.91233409 187.886996294 183.616928022 183.498746009 187.652627764 195.887387308
207.690733489 222.247371903 238.485063383 255.146087672 270.879037527 284.343735773 294.320542854 299.814568321 300.145408713 295.014017608
284.540099494 269.265857861 250.124805888 228.377406574 205.5182689 183.162213663 162.918494638 146.26362976 134.423547917 128.275058397
232.121247952 232.381832619 232.897892871 233.6592903 234.65101544 235.853422032 237.242533634 238.79041772 240.465621432 242.233662129
244.057565085 245.898439926 247.716086857 249.469623268 251.118121031 252.621244709 253.939880881 255.036749028 255.876984739 256.428686513
256.663418026 256.556658524 256.088194839 255.242449499 254.008740437 252.381468915 250.36023341 247.949868383 245.160408023 242.006976215
238.509605082 234.692985539 230.586154281 226.222122519 221.637452625 216.871789503 211.967354092 206.968406868 201.920689492 196.870852944
191.865880513 186.952513911 182.176690547 177.582999632 173.214164347 169.110556669 165.309750852 161.846120752 158.75048541 156.049806418
153.766939741 151.920443707 150.524444021 149.58855573 149.117861235 149.112942613 149.569965783 150.480813344 151.833262333 153.611202624
155.794891294 158.361237948 161.284115782 164.534693064 168.081779701 171.892183619 175.931071889 180.162331786 184.548927269 189.05324682
193.637438983 198.263732463 202.894738165 207.49373108 212.024910474 216.453637382 220.746648898 224.872249261 228.800478162 232.503257099
235.95451495 239.130294186 242.008839376 244.570669766 246.798637786 248.677975317 250.196329535 251.34378995 252.112908147 252.498711444
253.250057916 252.572941848 251.234625961 249.266558043 246.714957376 243.639697843 240.112861371 236.216996913 232.04312733 227.688552632
223.254503024 218.843698779 214.557876244 210.49534004 206.748600873 203.402156216 200.53046763 198.19618362 196.448650951 195.322750223
194.838083613 194.998534064 195.792206109 197.19174924 199.155055369 201.626312824 204.537390668 207.809519064 211.355224288 215.080470778
218.886957664 222.674513528 226.343530814 229.797380453 232.944747871 235.701833523 237.99436458 239.759369062 240.946669657 241.52006139
241.458145147 240.754797536 239.419266546 237.475891646 234.96345622 231.934189233 228.452441611 224.593070769 220.439573834 216.082016195
211.614806976 207.134376672 202.736814488 198.515523801 194.558953573 190.948461564 187.75636181 185.044204159 182.861327831 181.243724076
180.213235304 179.777109631 179.927920963 180.643855631 181.889357478 183.616114438 185.764361127 188.264464209 191.038750271 194.003529963
197.071267356 200.152839885 203.159832087 206.006805518 208.613487933 210.906826841 212.822856009 214.308328167 215.322073069 215.836046918
