322.97283109 322.718306217 322.210839656 321.45358523 320.451242413 319.210019103 317.737582471 316.042998277 314.136659167 312.030202532
309.73641861 307.269149589 304.643180537 301.874123067 298.97829268 295.972580818 292.874322664 289.701161784 286.470912734 283.201422752
279.910433684 276.615445285 273.333581009 270.081457414 266.875058244 263.729614232 260.659489618 257.678076314 254.797696599 252.029515127
249.383461 246.868160526 244.490881231 242.257487582 240.172408781 238.2386189 236.45762952 234.829494919 233.352829787 232.024839288
230.841361238 229.796920035 228.884791886 228.097080789 227.424804624 226.857990637 226.385779513 225.996537151 225.67797322 225.417265473
225.201188787 225.016247832 224.848812235 224.685253111 224.512079786 224.316075539 224.084431233 223.804875644 223.465801413 223.05638549
222.566703061 221.987833931 221.31196045 220.532456102 219.643963971 218.642464356 217.525330933 216.291374905 214.940876729 213.475605068
211.898822737 210.21527954 208.43119195 206.554209752 204.593369829 202.559037402 200.462835142 198.317560651 196.137092928 193.936288522
191.730868158 189.537294703 187.372643426 185.254465548 183.200646172 181.229257692 179.358409869 177.60609775 175.990048655 174.527569476
173.235395507 172.129542046 171.225159981 170.536396546 170.076262406 169.856506168 169.887497381 170.178119019 170.735670354 171.565781083
172.672337449 174.057421032 175.721260785 177.662198769 179.876669967 182.35919642 185.102395835 188.097004688 191.331915746 194.794229816
198.469321399 202.340917849 206.391191505 210.60086417 214.94932322 219.414748515 223.974249222 228.604009559 233.279442401 237.975349649
242.666088157 247.32574003 251.928286004 256.44778065 260.858528077 265.135256841 269.253292745 273.188728238 276.918587146 280.420983485
283.675273187 286.662197561 289.364017442 291.764636992 293.849716221 295.606771394 297.025262539 298.096667412 298.814541353 299.174562582
252.978093378 252.052773139 250.274319131 247.782052322 244.77265478 241.486314756 238.189698664 235.15686873 232.649403813 230.897039046
230.080113604 230.315006625 231.643555833 234.027203367 237.346314448 241.404785694 245.939721884 250.635634274 255.142320818 259.09534757
262.137876532 263.942489566 264.231647019 262.795494414 259.505886562 254.32572624 247.313000076 238.619219718 228.482321583 217.21442172
205.185142241 192.801502208 180.485581377 168.651306253 157.681765414 147.908431304 139.593550308 132.916768971 127.966803619 124.738649587
123.136483998 122.982063923 124.02808167 125.975632137 128.494692726 131.246330207 133.905242705 136.181225407 137.838216837 138.709734456
265.392040779 269.425448006 276.974629558 287.056847978 298.324152064 309.200803725 318.04471513 323.316994325 323.742877067 318.448138589
307.057451597 289.744854653 267.231156844 240.728275104 211.835674631 182.398755365 154.342742148 129.498030646 109.433781793 95.3157630738
87.8020834256 86.9867904104 92.3966531859 103.041296847 117.511686655 134.117288849 151.0485137 166.548638243 179.078544293 187.458373737
190.972520332 189.428016171 183.16097327 172.990854117 160.12746754 146.040215543 132.302799347 120.4289683 111.715731978 107.109672838
