386.89363672 384.681026271 380.300400722 373.839968261 365.429607564 355.238010417 343.468975176 330.356936464 316.16183398 301.163438342
285.65526416 269.938209722 254.31406856 239.07906065 224.517529982 210.895950825 198.457377178 187.416459057 177.955135425 170.219097306
164.315096161 160.309152473 158.225698159 158.047664405 159.717504334 163.139118117 168.180627219 174.677924943 182.438912754 191.248316466
200.872963587 211.067393242 221.579663389 232.157216596 242.55266556 252.529362825 261.866625618 270.364496305 277.847931319 284.170326277
289.21630201 292.90369486 295.184714557 296.046253567 295.509352715 293.627848412 290.486246607 286.196887104 280.89647862 274.742099666
267.906772464 260.574726578 252.936475344 245.183831527 237.504988778 230.079792439 223.075317134 216.641859615 210.90944364 205.984919684
201.949726253 198.858362008 196.737599218 195.58644968 195.376874775 196.055212134 197.544273049 199.746047713 202.544939996 205.811440225
209.40613358 213.183933597 216.998424971 220.706197666 224.17105509 227.267983012 229.886772646 231.935200856 233.341682494 234.057324079
194.621386817 193.946957119 193.032046406 192.58910403 193.349952184 195.788938654 199.919551898 205.230658672 210.782400916 215.430692046
218.110455621 218.093567588 215.151122857 209.584566924 202.132885016 193.798210749 185.648633559 178.651204636 173.565283109 170.897544055
212.049502238 209.315046018 204.627603453 199.40408839 195.430109955 194.518773016 198.154343465 207.182980559 221.604976953 240.505869461
262.140315076 284.15678144 303.927291415 318.928741751 327.113686924 327.210376779 318.90389009 302.870307883 280.660544759 254.455462172
226.734951312 199.91722474 176.02834126 156.455452017 141.821628565 131.99821157 126.246271097 123.45626224 122.438212899 122.206686551
310.102114756 308.825201506 306.311274472 302.636429213 297.905978782 292.245009008 285.787568193 278.665760897 271.000042245 262.891888865
254.419765796 245.638941188 236.585260063 227.28252107 217.752655975 208.027539294 198.160997068 188.239470769 178.389841622 168.783133089
159.633168834 151.189738823 143.726373221 137.523389979 132.847411481 129.928984494 128.940239276 129.974653822 133.030928903 138.002728073
144.675611393 152.731926692 161.763765864 171.293404031 180.799978437 189.750592406 197.633601048 203.991590771 208.4515289 210.749739072
