140.830898,141.595615,138.121922,127.344348,117.250820,116.729353,118.110952,122.070918,127.755140,128.981534
128.647152,127.876413,127.088166,126.299917,125.511664,124.403132,116.937932,112.161764,111.115237,108.475032
105.492420,105.176620,105.134750,105.175157,105.498400,106.225695,108.084327,110.225795,112.233540,113.744475
114.177757,113.079823,118.887744,130.991734,132.266704,128.297183,121.906639,121.122573,129.114409,135.491349
135.310136,134.074110,132.785080,131.574163,128.028300,113.596923,106.335170,101.862317,101.324897,101.627389
107.033960,112.708786,112.981730,107.138766,104.363655,104.658218,108.356986,115.211748,120.443394,122.603170
123.262053,123.715223,124.619652,125.662478,126.566902,123.628490,112.382592,105.412502,101.193133,98.851498
101.477853,106.945807,111.067960,111.638993,107.262420,105.528003,104.923951,102.757370,100.790933,102.286312
105.318278,106.354573,104.829253,104.031248,107.969290,114.180738,122.323700,132.495754,136.405590,135.138323
127.796453,118.866787,108.513011,103.762017,104.128122,101.277160,97.035129,90.650040,91.408466,91.877300
