140.328990,140.328990,139.080128,134.726698,133.979182,134.689932,135.052000,135.210853,135.332074,137.343463
137.215234,134.448692,127.040276,120.546040,119.336152,117.226550,114.995773,113.976668,113.750687,113.635420
113.633238,114.508222,115.152925,114.390788,112.692543,112.285003,112.757404,113.076580,112.647404,111.251248
111.017420,114.342298,121.121742,128.377698,135.633650,141.734093,146.908543,149.367403,149.553477,149.285973
149.531432,149.941897,149.755753,148.583012,131.141750,124.132045,129.256587,134.470302,133.897448,129.954023
125.481408,120.646160,109.768692,103.132348,104.524100,111.522463,118.766000,124.777152,127.110053,130.799562
136.998742,135.118515,130.211410,123.887298,118.627067,114.905937,107.762230,103.711370,103.540010,103.540005
105.654005,105.291213,100.804204,100.103210,104.834990,112.758433,118.658653,127.078286,131.957700,129.101408
128.516250,128.725188,126.299520,111.356548,102.458347,104.896938,110.415906,118.521534,123.591615,125.282544
125.818113,126.056910,126.314845,126.567042,126.271022,117.267853,107.910272,104.322543,102.852914,102.677502
102.718000,102.994070,106.246982,109.504418,113.469375,114.913404,113.938870,112.452756,110.895407,109.766354
107.573977,108.597693,115.498261,113.226835,106.458229,105.446400,105.497997,104.921418,102.607954,100.964952
108.436000,108.124093,107.457554,107.551263,107.543386,107.153450,106.753825,105.618368,104.804793,104.791684
104.367327,102.577523,107.442553,106.562901,93.499179,93.782711,96.858442,99.140287,100.618347,99.382187
