zung3 145.937 144.387 141.062 138.373 134.946 133.555 132.983 133.906 135.663 136.582
ci2 126.29 125.976 123.932 120.014 115.705 111.819 110.209 110.183 111.116 111.535
saa1 143.122 148.686 151.547 152.487 152.271 152.767 153.094 152.328 150.351 147.531
tin2 137.487 135.739 132.458 125.875 120.479 119.175 121.446 124.876 127.741 129.54
zau6 129.624 129.087 126.918 122.605 118.031 113.886 111.479 111.032 111.256 109.484
jau2 109.936 106.502 108.808 110.886 110.736 108.958 106.703 106.076 106.491 109.015
jat1 130.13 135.407 139.102 142.104 143.013 143.909 144.722 144.668 144.3 141.603
tiu5 112.827 113.863 113.948 111.101 106.909 104.344 103.402 104.133 104.978 105.342
hoeng3 125.655 126.843 126.503 124.932 121.894 118.321 116.119 115.804 116.374 117.005
cyun1 117.667 124.289 131.472 134.898 135.244 135.238 135.273 135.444 135.07 131.584
ge3 120.226 121.221 120.708 119.051 116.841 115.025 113.735 113.31 114.862 118.228
meng4 112.827 113.863 113.948 111.101 106.909 104.344 103.402 104.133 104.978 105.342
bin3 124.363 127.88 130.601 129.503 126.935 126.376 127.084 127.149 125.637 124.707
zo2 121.623 118.936 112.498 110.76 109.352 110.328 111.961 113.684 115.578 115.477
zou6 123.996 124.889 122.396 117.719 114.131 111.243 110.221 113.303 117.113 118.919
jat1 109.679 113.442 116.815 117.028 115.239 113.641 113.381 118.22 120.608 120.415
go2 123.352 119.916 116.647 113.418 109.697 106.849 105.667 105.087 104.578 104.114
ngau1 109.249 116.777 123.557 126.105 126.657 123.9 120.977 120.172 120.039 118.793
ge3 112.335 113.983 113.732 111.677 109.483 108.089 107.395 106.808 107.276 108.248
meng4 111.681 111.278 109.743 108.56 107.793 107.758 106.809 106.401 107.414 99.7979
