ngaa2 127.905 127.865 126.955 124.98 121.917 119.458 119.862 123.063 126.339 127.87
fu3 127.879 127.231 125.895 122.741 119.558 118.232 118.491 118.922 119.049 118.518
hon4 128.845 128.15 122.596 116.447 111.146 107.423 106.624 105.879 104.594 102.317
cyun2 119.035 119.365 117.12 114.801 113.459 115.475 120.232 125.122 128.2 129.553
meng4 118.325 118.545 118.964 119.171 118.697 116.812 116.17 117.019 119.283 122.566
giu3 128.858 130.649 131.35 129.819 127.875 125.932 125.043 124.991 124.964 125.396
ngaa2 120.323 121.479 122.356 121.752 122.397 123.762 123.619 124.951 127.104 128.909
fu3 119.203 119.544 118.165 116.737 114.144 111.498 110.317 111.167 111.049 110.77
hon4 120.718 125.023 126.252 127.089 126.701 124.985 123.536 123.468 124.179 124.651
ji1 126.058 133.281 140.121 143.25 143.182 139.945 137.42 136.196 135.404 133.247
si1 120.819 124.739 124.128 122.984 121.514 120.072 119.347 119.446 119.589 116.023
laan2 124.274 125.542 125.337 122.708 118.469 114.767 111.409 109.393 109.595 110.52
gung2 124.919 125.582 122.974 118.923 114.936 114.018 114.689 116.561 117.932 118.704
go3 129.765 131.777 130.735 129.04 127.935 126.958 127.372 128.293 128.791 129.52
gok3 127.879 127.231 125.895 122.741 119.558 118.232 118.491 118.922 119.049 118.518
