jan1 155.761 155.219 154.17 153.811 153.045 152.027 153.008 154.161 154.025 152.796
ci2 140.023 135.131 130.311 125.151 117.706 113.351 113.208 114.882 116.855 117.762
pei1 133.107 137.923 142.019 143.933 142.668 139.896 138.556 138.344 138.372 138.556
can3 138.832 137.893 134.855 129.888 125.003 121.564 120.265 120.12 120.013 117.802
wai6 123.355 122.881 120.266 117.54 114.51 108.933 105.462 104.713 105.166 107.664
hoi2 136.052 130.248 125.639 123.034 121.274 120.147 116.777 115.612 117.252 120.44
gwan1 132.567 138.767 141.38 140.24 138.661 137.409 137.595 138.122 138.818 136.545
haa4 120.777 120.924 117.89 115.719 112.713 108.894 106.255 104.427 104.105 103.8
jat2 109.506 107.98 105.476 102.93 101.351 99.3579 98.6223 99.1117 99.2042 94.6747
si2 101.749 102.3 103.442 102.227 102.199 103.123 103.745 104.844 106.059 104.795
doi6 108.12 110.77 110.22 105.241 99.3621 98.1163 99.6977 104.205 106.809 106.876
