lai6 143.003 142.982 139.396 133.593 128.269 125.407 126.348 130.235 133.707 133.594
jyu4 147.049 147.281 145.391 142.144 134.695 125.157 120.352 119.007 119.584 120.256
saan1 158.976 158.638 155.907 149.171 141.105 137.762 138.404 138.962 137.884 135.681
ng4 132.982 132.347 130.272 127.418 124.976 120.43 117.422 116.274 116.138 114.798
saan1 132.572 137.459 138.689 139.342 139.481 139.897 141.258 142.559 142.487 141.006
cyu4 142.03 138.434 131.761 126.04 121.875 119.611 120.452 122.403 123.345 123.378
jat1 130.13 135.407 139.102 142.104 143.013 143.909 144.722 144.668 144.3 141.603
pin1 155.089 154.466 147.456 140.563 138.816 138.555 138.04 137.57 136.994 135.126
man1 135.132 136.387 136.065 135.276 135.073 133.074 131.338 130.965 130.189 128.303
zoeng1 133.931 134.474 131.882 126.533 123.019 124.821 126.48 127.386 127.66 125.264
wik6 122.063 121.985 122.003 121.079 115.945 110.31 107.599 106.044 105.554 105.048
ze2 114.917 114.965 113.102 109.841 107.987 107.5 108.076 110.082 111.772 110.584
jung2 114.917 114.965 113.102 109.841 107.987 107.5 108.076 110.082 111.772 110.584
lai2 136.052 130.248 125.639 123.034 121.274 120.147 116.777 115.612 117.252 120.44
syun3 115.839 117.759 117.665 116.074 113.395 110.816 109.622 109.103 107.842 106.521
gwun2 123.853 124.653 119.07 110.163 105.317 104.891 106.061 107.315 108.364 106.975
lei1 129.211 128.361 126.915 123.094 117.968 115.714 114.52 115.029 116.292 110.541
wan4 111.681 111.278 109.743 108.56 107.793 107.758 106.809 106.401 107.414 99.7979
