seoi1 146.7 147.236 146.347 145.763 145.165 144.511 145.026 146.072 147.064 147.391
jin2 149.684 145.115 139.871 133.578 127.583 123.83 122.454 122.085 121.114 121.736
jau6 118.325 118.545 118.964 119.171 118.697 116.812 116.17 117.019 119.283 122.566
gei1 148.975 147.375 146.117 144.979 142.791 138.044 135.418 134.19 132.569 132.217
duk1 132.572 137.459 138.689 139.342 139.481 139.897 141.258 142.559 142.487 141.006
gaau1 133.931 134.474 131.882 126.533 123.019 124.821 126.48 127.386 127.66 125.264
bui6 112.312 113.18 113.269 110.992 108.497 106.487 106.194 106.632 106.29 106.188
jing2 113.834 114.45 114.965 114.43 110.249 106.767 105.22 106.209 106.914 106.128
aau4 128.845 128.15 122.596 116.447 111.146 107.423 106.624 105.879 104.594 102.317
zeoi6 113.167 113.141 112.976 112.034 111.7 108.764 107.288 106.835 107.132 106.986
coeng3 129.765 131.777 130.735 129.04 127.935 126.958 127.372 128.293 128.791 129.52
ge3 126.626 127.036 122.862 119.106 116.24 113.493 111.239 109.179 108.149 108.102
go1 150.81 150.591 141.917 139.224 136.394 133.373 133.734 135.073 135.611 135.556
mo4 124.165 123.627 121.616 117.52 114.736 114.713 115.802 117.503 118.744 119.232
me6 109.401 111.363 112.632 113.188 112.675 110.736 109.662 109.026 108.642 98.6076
lung4 117.649 117.737 117.07 120.027 111.309 106.879 105.443 106.715 108.146 104.699
hau5 103.203 103.65 105.922 107.842 106.998 106.023 105.973 106.487 107.196 107.737
zung1 122.615 127.081 132.288 135.118 133.074 130.512 130.106 130.89 131.049 127.057
gaau1 115.169 115.348 115.076 113.389 112.443 110.45 107.269 104.733 102.524 100.538
soi1 115.169 115.348 115.076 113.389 112.443 110.45 107.269 104.733 102.524 100.538
mei2 108.12 110.77 110.22 105.241 99.3621 98.1163 99.6977 104.205 106.809 106.876
