hoeng1 160.97 161.293 161.243 160.202 159.578 159.669 160.069 160.737 161.307 159.776
gong2 134.077 127.209 119.322 115.793 117.684 123.574 130.829 137.715 141.556 143.106
zyun2 136.287 137.353 135.924 131.162 125.475 121.985 121.191 122.573 124.127 125.877
mui2 125.969 125.858 123.407 120.315 117.463 115.337 116.491 120.327 124.854 128.463
jik6 129.624 129.087 126.918 122.605 118.031 113.886 111.479 111.032 111.256 109.484
dik6 113.325 112.258 111.96 111.178 108.811 105.669 103.706 102.561 101.936 100.95
zim1 115.574 119.678 124.072 127.144 127.547 127.148 127.992 128.518 128.514 126.789
gwaan1 135.132 136.387 136.065 135.276 135.073 133.074 131.338 130.965 130.189 128.303
zyu3 131.623 130.929 127.866 126.371 123.814 121.348 120.117 119.3 118.863 118.073
si2 136.052 130.248 125.639 123.034 121.274 120.147 116.777 115.612 117.252 120.44
gin2 121.623 118.936 112.498 110.76 109.352 110.328 111.961 113.684 115.578 115.477
jau6 123.996 124.889 122.396 117.719 114.131 111.243 110.221 113.303 117.113 118.919
gwaan1 109.679 113.442 116.815 117.028 115.239 113.641 113.381 118.22 120.608 120.415
bou3 131.623 130.929 127.866 126.371 123.814 121.348 120.117 119.3 118.863 118.073
dou6 119.632 121.746 121.696 124.006 120.351 116.286 115.289 113.276 112.409 102.116
jyut6 104.835 106.575 104.595 103.574 102.164 102.122 102.957 104.014 105.501 103.511
lai2 104.835 106.575 104.595 103.574 102.164 102.122 102.957 104.014 105.501 103.511
jyut6 109.774 110.524 110.84 109.845 106.466 103.465 101.82 101.761 102.776 102.381
do1 134.822 135.28 134.807 132.448 131.054 129.108 127.819 126.981 126.104 125.578
