hoi1 147.094 148.853 149.175 147.929 146.476 146.032 145.687 147.641 148.844 148.915
ci2 142.763 139.082 131.322 124.494 118.497 116.558 116.814 118.508 121.933 126.289
si2 124.919 125.582 122.974 118.923 114.936 114.018 114.689 116.561 117.932 118.704
waan4 117.649 117.737 117.07 120.027 111.309 106.879 105.443 106.715 108.146 104.699
gaa3 128.858 130.649 131.35 129.819 127.875 125.932 125.043 124.991 124.964 125.396
gok3 128.858 130.649 131.35 129.819 127.875 125.932 125.043 124.991 124.964 125.396
cau1 130.13 135.407 139.102 142.104 143.013 143.909 144.722 144.668 144.3 141.603
jat1 155.089 154.466 147.456 140.563 138.816 138.555 138.04 137.57 136.994 135.126
zek3 131.623 130.929 127.866 126.371 123.814 121.348 120.117 119.3 118.863 118.073
paai2 136.052 130.248 125.639 123.034 121.274 120.147 116.777 115.612 117.252 120.44
cuk1 134.394 135.297 132.997 129.944 128.752 127.419 126.585 125.863 125.303 124.815
zi2 130.705 128.679 126.216 122.468 117.816 112.777 109.34 109.347 110.154 111.105
zeoi3 124.709 122.431 118.944 116.132 115.161 115.776 117.465 118.402 118.582 114.692
taai3 124.541 122.175 114.94 108.645 105.971 104.898 104.106 103.955 103.74 98.6013
ge3 112.335 113.983 113.732 111.677 109.483 108.089 107.395 106.808 107.276 108.248
zou6 115.013 114.978 112.849 112.186 108.659 105.039 103.202 103.033 103.975 104.998
zong1 117.323 116.615 115.964 114.486 111.947 109.173 108.681 109.213 109.992 109.191
gaa3 120.231 124.387 125.012 118.535 111.026 108.378 106.004 104.461 103.1 91.3342
