158.026010,158.026020,153.096608,138.277915,142.192666,155.094938,167.098095,180.378975,207.336392,204.841712
184.106607,163.323125,137.687682,128.024110,124.061023,123.654375,124.357940,125.448013,126.009047,126.434348
126.880916,127.412156,126.759360,123.127560,116.632220,104.354690,102.180694,102.291610,101.637300,100.705252
101.165540,101.761195,102.482260,103.234670,103.987075,104.363280,104.363280,104.739480,105.491890,106.244305
108.501532,111.517101,113.090387,116.806790,123.802697,131.086393,135.928440,136.710710,133.119606,133.213588
136.452937,136.871200,130.162048,119.703178,105.957812,95.124216,90.989627,90.894600,90.894600,90.894600
80.175500,80.175500,80.190498,81.203042,98.548584,117.241798,118.986127,120.456782,123.293020,124.061702
124.304083,124.307750,124.287250,124.256500,124.236000,124.236000,124.215500,124.198715,124.160287,124.096500
122.174456,119.584490,126.827212,153.143287,143.279258,108.583180,97.247673,105.250210,118.155532,129.344238
137.735760,142.630815,147.502566,151.168040,148.785926,137.196018,133.101455,126.445692,120.072215,115.617532
111.347390,109.744025,109.397060,109.029020,108.777777,108.529973,107.349313,105.370283,103.908630,103.327710
116.228000,116.228000,116.228000,116.227480,116.117977,115.678010,115.116338,114.549027,114.077857,113.753167
113.023173,111.705868,109.530232,108.079038,107.381857,106.781650,105.192786,104.284775,103.972842,103.788893
102.800382,103.091620,102.194528,101.530310,102.615042,107.103890,117.777254,126.940932,131.057118,133.005640
132.761166,131.677666,131.008022,130.897786,131.342836,132.157042,132.606582,132.098790,131.427234,127.835558
115.792340,103.142192,97.474130,96.149758,96.738327,97.474037,98.651170,99.828303,101.002575,103.049458
105.526705,106.864415,108.020920,108.539920,109.189340,109.834170,109.933670,109.966835,105.416670,50.416670
