feature:hui2,2,0,2,2,0,4,0,0,3,17,0,0,3,5,0,0,0,0,0,130,0,0,1,0,1,NONE,0,NONE,0,17,0,18,1,18,0.05,2
f0:245.813002857,245.813,245.813,245.813,237.389205714,220.74651,219.020566667,237.43383,278.415161667,300.930755714
feature:bi4,2,2,2,4,2,4,0,0,3,16,1,0,3,4,1,0,0,0,0,0,0,0,1,1,1,NONE,NONE,NONE,1,16,1,17,2,17,0.1,4
f0:315.447425714,349.793095714,359.926252857,354.944902857,337.521545,309.734414286,280.148728571,258.889335714,251.567191429,248.007362857
feature:guo4,2,2,2,4,4,2,0,0,3,15,2,0,3,3,2,0,0,0,0,0,0,0,1,1,1,NONE,NONE,NONE,2,15,2,16,3,16,0.15,4
f0:253.240441667,275.757003333,300.997008333,326.098611667,345.746745,354.84753,349.300125,326.19474,291.914928333,258.384248333
feature:yu2,2,2,2,2,4,4,0,0,3,14,3,0,3,2,3,0,0,0,0,0,0,0,1,1,1,NONE,NONE,NONE,3,14,3,15,4,15,0.2,2
f0:228.260447143,207.522427143,206.28537875,206.568864286,206.922574286,212.645292857,220.565527143,231.76749875,250.062961429,256.325538571
feature:hou4,2,2,2,4,2,4,0,0,3,13,4,0,3,1,4,0,0,0,0,0,0,0,1,1,1,NONE,NONE,NONE,4,13,4,14,5,14,0.25,4
f0:262.89962875,285.567247143,311.3607225,339.13830875,365.47835125,373.848982857,348.9209025,300.9205025,259.596851429,227.61631625
feature:zhong4,2,2,2,4,4,1,0,0,3,12,5,0,3,0,5,0,0,1,128.33299,0,0,128.33299,1,1,1,NONE,NONE,Accented,5,12,5,13,6,13,0.3,4
f0:215.59479625,250.81392125,275.54551,262.39273875,239.5101225,221.73208875,209.88656625,203.80695375,199.85033125,203.904095
feature:yong1,2,2,2,1,4,3,0,0,2,11,6,0,2,1,6,1,0,0,131.33299,128.33299,128.33299,131.33299,1,1,1,Accented,NONE,NONE,6,11,6,12,7,12,0.35,1
f0:218.509635714,237.083386667,286.097142857,325.296376667,332.626311429,334.468745,337.864348571,345.391611667,346.200935714,335.82154
feature:zhong3,2,2,2,3,1,1,0,1,2,10,7,1,2,0,0,0,1,1,126.282,131.33299,131.33299,126.282,1,1,1,NONE,Accented,Accented,7,10,7,11,8,11,0.4,3
f0:315.07233,280.439436667,245.487897778,193.480718889,160.700553333,146.504205,143.25951,146.710064444,136.804647778,98.4992466667
feature:piao1,2,2,2,1,3,4,0,1,1,9,8,1,1,8,1,1,0,0,129.282,126.282,126.282,129.282,1,1,1,Accented,NONE,NONE,8,9,8,10,9,10,0.45,1
f0:101.11569,134.67036375,194.026775714,249.683241429,308.2761,335.32787875,340.56205,341.758252857,344.4861375,346.228254286
feature:yi4,2,2,2,4,1,3,0,2,1,8,9,2,1,7,0,0,1,0,0,129.282,129.282,0,1,1,1,NONE,Accented,NONE,9,8,9,9,10,9,0.5,4
f0:339.128034,328.334376667,324.207906,318.516504,303.447153333,279.419468,254.404186,232.92832,213.698256667,197.870098
feature:gan3,2,2,2,3,4,2,0,2,1,7,10,2,1,6,1,0,0,0,0,0,0,0,1,1,1,NONE,NONE,NONE,10,7,10,8,11,8,0.55,3
f0:189.601768571,195.065808333,211.094074286,206.594038571,184.904341429,159.902768333,140.369347143,133.777497143,132.544666667,134.056704286
feature:qiang2,2,2,2,2,3,3,0,2,1,6,11,2,1,5,2,0,0,0,0,0,0,0,1,1,1,NONE,NONE,NONE,11,6,11,7,12,7,0.6,2
f0:149.376653,178.135696364,205.968468,203.186804545,170.839054,157.562922,164.762237273,185.879128,217.81638,216.41373
feature:nv3,2,2,2,3,2,4,0,2,1,5,12,2,1,4,3,0,0,0,0,0,0,0,1,1,1,NONE,NONE,NONE,12,5,12,6,13,6,0.65,3
f0:218.27388,231.262853333,236.76651,223.335778333,209.076171667,197.66349,186.888581667,171.175043333,158.37646,155.717776667
feature:xing4,2,2,2,4,3,4,0,2,1,4,13,2,1,3,4,0,0,0,0,0,0,0,1,1,1,NONE,NONE,NONE,13,4,13,5,14,5,0.7,4
f0:166.493265,190.83379,216.929768333,240.847868333,267.157785714,293.4677,317.529663333,329.712556667,322.328591429,292.355835
feature:hua4,2,2,2,4,4,5,0,2,1,3,14,2,1,2,5,0,0,0,0,0,0,0,1,1,1,NONE,NONE,NONE,14,3,14,4,15,4,0.75,4
f0:254.03718625,227.442945714,214.6118975,222.048918571,246.097255,267.64759625,263.748737143,242.52963,218.004941429,188.84597125
feature:de5,2,2,2,5,4,2,0,2,1,2,15,2,1,1,6,0,0,0,0,0,0,0,1,1,1,NONE,NONE,NONE,15,2,15,3,16,3,0.8,5
f0:160.838916667,157.960465,157.314963333,155.8148325,150.287216667,144.426893333,142.077605,141.136833333,141.6613175,148.686243333
feature:fu2,2,2,2,2,5,1,0,2,1,1,16,2,1,0,7,0,0,1,117.051,0,0,117.051,1,1,4,NONE,NONE,Accented,16,1,16,2,17,2,0.85,2
f0:161.253148333,162.686,161.121725,159.439036,157.75635,156.098436667,155.687254,160.390945,166.023862,169.163561667
feature:zhuang1,2,2,0,1,2,0,0,2,0,0,17,2,0,0,8,1,0,0,120.051,117.051,117.051,0,4,1,0,Accented,NONE,0,17,0,17,1,18,1,0.9,1
f0:193.164767778,228.3025725,239.038078889,232.086375556,233.403547778,239.00515875,238.008877778,239.013615556,246.99415375,257.854294444
