feature:ao4,1,0,2,4,0,4,0,0,2,10,0,0,2,7,0,0,0,0,0,130,0,0,1,0,1,NONE,0,NONE,0,10,0,11,1,10,0.083,4
f0:329.3674775,339.50622,352.3754425,360.251335,362.37127,362.15655,359.1882625,354.8959875,351.9196475,347.7949825
feature:da4,2,1,2,4,4,4,0,0,2,9,1,0,2,6,1,0,0,0,0,0,0,0,1,1,1,NONE,NONE,NONE,1,9,1,10,2,9,0.167,4
f0:345.710625,350.232778,353.428605,351.912765,345.843352,341.339835,338.556845,334.2199225,329.237328,325.4576875
feature:li4,2,2,2,4,4,4,0,0,2,8,2,0,2,5,2,0,0,0,0,0,0,0,1,1,1,NONE,NONE,NONE,2,8,2,9,3,8,0.25,4
f0:319.342806,315.561525,328.794014,337.676065,334.544684,329.456806,324.86686,321.005346,320.0335625,322.327016
feature:ya4,2,2,2,4,4,2,0,0,2,7,3,0,2,4,3,0,0,0,0,0,0,0,1,1,1,NONE,NONE,NONE,3,7,3,8,4,7,0.333,4
f0:326.739005,326.73003,323.1519,315.866455,307.081738,298.4272,288.1799075,274.2389275,258.394604,251.3518375
feature:xuan2,2,2,2,2,4,3,0,0,2,6,4,0,2,3,4,0,0,0,0,0,0,0,1,1,1,NONE,NONE,NONE,4,6,4,7,5,6,0.417,2
f0:247.661226667,243.425733333,240.288635,236.99972,233.930071667,230.524958333,215.84305,199.041491667,201.153466667,221.169983333
feature:shou3,2,2,2,3,2,2,0,0,2,5,5,0,2,2,5,0,0,0,0,0,0,0,1,1,1,NONE,NONE,NONE,5,5,5,6,6,5,0.5,3
f0:245.782348889,250.136084,246.93471,243.072918,209.434484444,176.519173333,156.648338,155.013481111,153.752439,151.578571111
feature:jie2,2,2,2,2,3,2,0,0,2,4,6,0,2,1,6,0,0,0,0,0,0,0,1,1,1,NONE,NONE,NONE,6,4,6,5,7,4,0.583,2
f0:159.536976667,169.02961,176.47574,183.963028333,192.07448,196.761716667,197.385345,200.27585,218.637465,241.352375
feature:kui2,2,2,2,2,2,1,0,0,2,3,7,0,2,0,7,0,0,1,122.2,0,0,122.2,1,1,1,NONE,NONE,Accented,7,3,7,4,8,3,0.667,2
f0:244.17367,244.078285,243.963862857,243.849145,243.74635,239.156931667,213.169104286,201.83011,211.908021429,221.88688
feature:yi1,2,2,2,1,2,4,0,0,1,2,8,0,1,1,8,1,0,0,125.2,122.2,122.2,125.2,1,1,1,Accented,NONE,NONE,8,2,8,3,9,2,0.75,1
f0:224.705835714,225.703281667,237.289361429,254.18619,259.256742857,259.782724286,259.45778,260.495327143,263.570338333,266.960112857
feature:deng4,2,2,1,4,1,1,0,1,1,1,9,1,1,0,0,0,1,1,114,125.2,125.2,124,1,1,3,NONE,Accented,Accented,9,1,9,2,10,1,0.833,4
f0:275.255311667,297.854431429,320.978806667,326.635557143,312.732718333,284.196665,247.791378571,213.146126667,196.537102857,181.84839
feature:en1,1,2,2,1,4,3,0,1,0,0,10,1,0,1,1,1,0,0,124,124,114,0,3,1,4,Accented,NONE,NONE,10,0,10,1,1,1,0.333,1
f0:205.154372857,275.043565714,300.207218571,304.275642857,306.62971875,307.905625714,301.088724286,299.41586,297.317308571,267.515688571
feature:yi3,2,1,0,3,1,0,0,0,0,0,0,0,0,0,0,0,1,0,110,0,124,0,4,3,0,NONE,Accented,0,0,0,0,1,1,1,0.333,3
f0:186.095017778,190.730222222,170.826368889,148.795685556,146.138373333,147.646572222,128.037997778,112.094225556,128.500473333,181.072824444
