feature:dan4,2,0,2,4,0,4,0,0,2,10,0,0,2,3,0,0,0,0,0,130,0,0,1,0,1,NONE,0,NONE,0,10,0,11,1,6,0.125,4
f0:357.257544,373.82001,373.380602,369.954532,366.010072,360.8697275,353.573536,345.48164,339.17797,333.756682
feature:you4,2,2,2,4,4,4,0,0,2,9,1,0,2,2,1,0,0,0,0,0,0,0,1,1,1,NONE,NONE,NONE,1,9,1,10,2,5,0.25,4
f0:327.200823333,320.28779,318.726025,317.996211667,326.341626667,356.811272,359.285668333,349.708165,329.490326667,306.894673333
feature:shi4,2,2,2,4,4,3,0,0,2,8,2,0,2,1,2,0,0,0,0,0,0,0,1,1,1,NONE,NONE,NONE,2,8,2,9,3,4,0.375,4
f0:285.784168,275.852338,268.113678,260.375,252.636332,244.897666,238.472608,231.450996,223.858046,217.22082
feature:you3,2,2,2,3,4,1,0,0,2,7,3,0,2,0,3,0,0,1,127.8,0,0,127.8,1,1,1,NONE,NONE,Accented,3,7,3,8,4,3,0.5,3
f0:202.998748571,187.148591429,191.697424286,190.221022857,173.96161875,155.012941429,150.28767,147.982505714,147.35882,151.137587143
feature:qian1,2,2,2,1,3,1,0,0,1,6,4,0,1,0,4,1,0,1,131,127.8,127.8,131,1,1,1,Accented,NONE,Accented,4,6,4,7,5,2,0.625,1
f0:177.06134,208.9732275,236.920335714,264.8674375,294.92519875,315.79596375,319.24498,318.841182857,320.16473375,320.64204875
feature:si1,2,2,2,1,1,4,0,1,0,5,5,1,0,5,0,1,1,0,129.2,131,131,0,1,1,1,Accented,Accented,NONE,5,5,5,6,6,1,0.75,1
f0:288.865367143,212.358292857,229.67294,262.363095714,294.804252857,312.604716667,314.522665714,315.526218571,312.290771429,295.134817143
feature:wan4,2,2,2,4,1,3,0,2,0,4,6,2,0,4,0,0,1,0,0,0,129.2,0,1,1,1,NONE,Accented,NONE,6,4,6,5,1,5,0.143,4
f0:197.7709175,288.748553333,346.6434325,349.58191,345.5613,339.711323333,331.7199175,321.022775,310.125673333,295.43994
feature:lv3,2,2,2,3,4,2,0,2,0,3,7,2,0,3,1,0,0,0,0,0,0,0,1,1,1,NONE,NONE,NONE,7,3,7,4,2,4,0.286,3
f0:267.249683333,235.10217,207.669081429,185.24393,174.355263333,168.185915,160.134013333,150.33185,146.086728333,144.905611667
feature:lian2,2,2,2,2,3,4,0,2,0,2,8,2,0,2,2,0,0,0,0,0,0,0,1,1,1,NONE,NONE,NONE,8,2,8,3,3,3,0.429,2
f0:138.485166667,137.461334,138.730315,139.103632,138.176416667,134.744558,126.602095,101.222794,85.425835,80.31635
feature:xi4,2,2,2,4,2,5,0,2,0,1,9,2,0,1,3,0,0,0,0,0,0,0,1,1,4,NONE,NONE,NONE,9,1,9,2,4,2,0.571,4
f0:121.633424286,178.543902857,195.959414286,211.780188571,235.834042857,257.81535,267.196778571,253.553248571,230.479655714,201.525895714
feature:de5,2,2,0,5,4,0,0,2,0,0,10,2,0,0,4,0,0,0,110,0,0,0,4,1,0,NONE,NONE,0,10,0,10,1,5,1,0.714,5
f0:173.348076,166.2175,156.198041667,143.16147,127.683684,114.208732,103.55063,90.8349566667,72.907142,68.977734
