feature:fan4,2,0,2,4,0,4,0,0,3,13,0,0,3,6,0,0,0,0,0,0,0,0,1,0,1,NONE,0,NONE,0,13,0,14,1,10,0.083,4
f0:400.717995,400.71799,400.71799,396.603655,381.607408571,368.37061,343.393701667,305.132755,283.745731429,280.557338333
feature:zui4,2,2,2,4,4,2,0,0,3,12,1,0,3,5,1,0,0,0,0,0,0,0,1,1,1,NONE,NONE,NONE,1,12,1,13,2,9,0.167,4
f0:282.772138,289.973068,297.6021525,300.850876,298.418946,287.524776,270.89529,255.4565475,242.715924,231.702554
feature:xian2,2,2,2,2,4,2,0,0,3,11,2,0,3,4,2,0,0,0,0,0,0,0,1,1,1,NONE,NONE,NONE,2,11,2,12,3,8,0.25,2
f0:226.534363333,227.964813333,231.530131667,235.213513333,238.835513333,240.218226,218.03626,198.476008333,199.15068,213.983378333
feature:yi2,2,2,2,2,2,2,0,0,3,10,3,0,3,3,3,0,0,0,0,0,0,0,1,1,1,NONE,NONE,NONE,3,10,3,11,4,7,0.333,2
f0:228.972735,239.645398,248.2491,255.958584,261.76461,264.906065,267.233822,268.9521125,268.463154,264.7873025
feature:ren2,2,2,2,2,2,4,0,0,3,9,4,0,3,2,4,0,0,0,0,0,0,0,1,1,1,NONE,NONE,NONE,4,9,4,10,5,6,0.417,2
f0:246.767525,220.399325714,192.33462375,160.83255,150.54908,154.633234286,160.95392125,168.749337143,181.03816875,207.753412857
feature:du4,2,2,2,4,2,2,0,0,3,8,5,0,3,1,5,0,0,0,0,0,0,0,1,1,1,NONE,NONE,NONE,5,8,5,9,6,5,0.5,4
f0:221.721865,233.24878,257.514725,289.640085,311.38929,315.12395,315.1079925,310.6512825,300.684213333,286.6223975
feature:wen2,2,2,2,2,4,1,0,0,3,7,6,0,3,0,6,0,0,1,125.323,0,0,125.323,1,1,1,NONE,NONE,Accented,6,7,6,8,7,4,0.583,2
f0:256.515052857,218.483308571,182.79416,161.634352857,149.005328571,149.632836667,151.799861429,155.41725,173.456858571,197.644761429
feature:jun1,2,2,2,1,2,2,0,0,2,6,7,0,2,1,7,1,0,0,128.323,125.323,125.323,128.323,1,1,1,Accented,NONE,NONE,7,6,7,7,8,3,0.667,1
f0:212.921685,242.07083625,268.7840125,278.13199375,281.554874444,282.11847625,283.77603625,286.42759,286.88594625,285.05712375
feature:cheng2,2,2,2,2,1,1,0,1,2,5,8,1,2,0,0,0,1,1,122.742,128.323,128.323,122.742,1,1,1,NONE,Accented,Accented,8,5,8,6,9,2,0.75,2
f0:273.0753025,254.777145,235.108638889,216.40483625,204.17727375,178.1342225,171.58275125,180.590817778,203.11038625,221.08998125
feature:ji1,2,2,2,1,2,4,0,1,1,4,9,1,1,1,1,1,0,0,125.742,122.742,122.742,0,1,1,1,Accented,NONE,NONE,9,4,9,5,10,1,0.833,1
f0:217.972601667,235.570168571,266.432335,276.952588571,277.436228333,278.202215,279.465537143,281.45931,278.618185714,271.603563333
feature:tiao4,2,2,2,4,1,1,0,2,1,3,10,2,1,0,0,0,1,1,120.161,0,125.742,120.161,1,1,1,NONE,Accented,Accented,10,3,10,4,1,4,0.167,4
f0:349.07599,349.07599,349.07599,349.07599,349.059041667,345.000121667,318.062115714,271.73288,215.050104286,178.17112
feature:che1,2,2,2,1,4,2,0,2,0,2,11,2,0,2,1,1,0,0,123.161,120.161,120.161,123.161,1,1,1,Accented,NONE,NONE,11,2,11,3,2,3,0.333,1
f0:179.852901667,199.762456667,216.762961429,233.926066667,249.528888333,267.71438,279.585866667,278.173322857,278.485515,277.639273333
feature:tao2,2,2,2,2,1,4,0,3,0,1,12,3,0,1,0,0,1,0,0,123.161,123.161,0,1,1,4,NONE,Accented,NONE,12,1,12,2,3,2,0.5,2
f0:264.631665,247.404255,228.443657143,209.483055,192.246143333,175.00923,156.06867,139.358767143,142.758578333,158.935521667
feature:cuan4,2,2,0,4,2,0,0,3,0,0,13,3,0,0,1,0,0,0,110,0,0,0,4,1,0,NONE,NONE,0,13,0,13,1,4,1,0.667,4
f0:177.913902222,202.216722222,226.452146667,247.898265556,240.915881,196.837376667,144.747022222,115.422151111,77.0781455556,70.3134677778
