feature:ta1,2,0,2,1,0,5,0,0,1,12,0,0,1,10,0,1,0,0,137.31,139.31,0,137.31,1,0,1,Accented,0,NONE,0,12,0,13,1,13,0.067,1
f0:293.04942,306.223506,311.845435,311.449952,310.745808333,309.862902,306.197038333,305.442846,306.925551667,303.899836
feature:men5,2,2,2,5,1,5,0,0,1,11,1,0,1,9,0,0,1,0,0,137.31,137.31,0,1,1,1,NONE,Accented,NONE,1,11,1,12,2,12,0.133,5
f0:296.9111775,294.379656667,292.3631425,288.2527225,283.7703025,279.149523333,273.3486,262.3941875,247.195003333,235.504085
feature:de5,2,2,2,5,5,3,0,0,1,10,2,0,1,8,1,0,0,0,0,0,0,0,1,1,1,NONE,NONE,NONE,2,10,2,11,3,11,0.2,5
f0:228.012246667,222.511716667,218.478386667,215.93239,213.938916667,212.78008,210.84022,209.0282,207.868423333,206.577093333
feature:yan3,2,2,2,3,5,5,0,0,1,9,3,0,1,7,2,0,0,0,0,0,0,0,1,1,1,NONE,NONE,NONE,3,9,3,10,4,10,0.267,3
f0:198.5041525,183.641727143,183.49803,193.013035714,189.0856125,162.46028375,135.224845714,131.04809875,133.25674,146.92427875
feature:jing5,2,2,2,5,3,2,0,0,1,8,4,0,1,6,3,0,0,0,0,0,0,0,1,1,1,NONE,NONE,NONE,4,8,4,9,5,9,0.333,5
f0:164.774515714,185.2224975,203.746028571,211.5707525,212.50636,211.764617143,210.90364875,212.016938571,216.97558,203.482344286
feature:ping2,2,2,2,2,5,2,0,0,1,7,5,0,1,5,4,0,0,0,0,0,0,0,1,1,1,NONE,NONE,NONE,5,7,5,8,6,8,0.4,2
f0:190.665416667,196.874024,205.662302222,214.450575,223.22928,227.261505556,220.399895,223.805928889,266.473152,319.35337
feature:he2,2,2,2,2,2,5,0,0,1,6,6,0,1,4,5,0,0,0,0,0,0,0,1,1,1,NONE,NONE,NONE,6,6,6,7,7,7,0.467,2
f0:315.889828333,300.309205,284.153996667,267.99881,249.237518571,212.813175,181.025765,178.545303333,186.036786667,191.737381667
feature:de5,2,2,2,5,2,4,0,0,1,5,7,0,1,3,6,0,0,0,0,0,0,0,1,1,1,NONE,NONE,NONE,7,5,7,6,8,6,0.533,5
f0:195.75978,210.920171667,214.631864,209.424914,199.136713333,191.184768,185.662016,182.490328,183.256568333,189.759224
feature:zhu4,2,2,2,4,5,4,0,0,1,4,8,0,1,2,7,0,0,0,0,0,0,0,1,1,1,NONE,NONE,NONE,8,4,8,5,9,5,0.6,4
f0:195.650191429,221.010351667,262.167292857,307.174141429,345.126351429,351.593453333,337.012952857,298.965711429,261.945701667,236.205561429
feature:shi4,2,2,2,4,4,5,0,0,1,3,9,0,1,1,8,0,0,0,0,0,0,0,1,1,1,NONE,NONE,NONE,9,3,9,4,10,4,0.667,4
f0:225.556503333,228.780906667,234.918362,241.171626667,248.119693333,254.701058333,256.972545,249.782756,232.503478333,201.167663333
feature:zhe5,2,2,2,5,4,1,0,0,1,2,10,0,1,0,9,0,0,1,119.138,0,0,119.138,1,1,1,NONE,NONE,Accented,10,2,10,3,11,3,0.733,5
f0:186.77635,185.732106667,184.7553875,180.4182675,169.264505,162.776723333,159.22746,151.7918175,146.582,146.695425
feature:cang1,2,2,2,1,5,2,0,0,0,1,11,0,0,1,10,1,0,0,122.138,119.138,119.138,122.138,1,1,4,Accented,NONE,NONE,11,1,11,2,12,2,0.8,1
f0:159.90258125,186.55701125,213.45157625,240.346145,267.82276125,292.30355,298.64165875,303.639385,308.59457,305.08924125
feature:ya2,2,2,0,2,1,0,0,1,0,0,12,1,0,0,0,0,1,0,110,122.138,122.138,0,4,1,0,NONE,Accented,0,12,0,12,1,13,1,0.867,2
f0:279.53521,228.95490875,169.957698889,144.648786667,142.385324444,142.95283125,143.375843333,166.642216667,207.108805,235.975951111
