feature:yi3,2,0,2,3,0,2,0,0,2,18,0,0,2,3,0,0,0,0,0,130,0,0,1,0,1,NONE,0,NONE,0,18,0,19,1,14,0.063,3
f0:226.736448571,233.446907143,229.044382857,222.216548571,217.945298571,216.074383333,214.143461429,212.284404286,212.363017143,210.52279
feature:yan2,2,2,2,2,3,4,0,0,2,17,1,0,2,2,1,0,0,0,0,0,0,0,1,1,1,NONE,NONE,NONE,1,17,1,18,2,13,0.125,2
f0:207.592468571,210.465726667,217.026071429,214.25825,203.59124,199.823678571,201.899523333,218.435385714,252.505498333,281.828488571
feature:su4,2,2,2,4,2,4,0,0,2,16,2,0,2,1,2,0,0,0,0,0,0,0,1,1,1,NONE,NONE,NONE,2,16,2,17,3,12,0.188,4
f0:294.855051429,314.587655,338.336317143,361.99012625,376.748794286,369.177304286,340.602295,304.666542857,266.76066,242.74561
feature:ren4,2,2,2,4,4,1,0,0,2,15,3,0,2,0,3,0,0,1,130.61,0,0,130.61,1,1,1,NONE,NONE,Accented,3,15,3,16,4,11,0.25,4
f0:236.841755,255.12857,296.948431667,321.692041667,329.772984286,318.750296667,294.061788333,263.69182,242.507948571,238.473083333
feature:zhen1,2,2,2,1,4,4,0,0,1,14,4,0,1,5,4,1,0,0,133.61,130.61,130.61,133.61,1,1,1,Accented,NONE,NONE,4,14,4,15,5,10,0.313,1
f0:252.105158571,277.099981667,306.418927143,313.299758571,310.996648571,310.531325,311.837651429,313.601977143,314.912593333,308.881081429
feature:fu4,2,2,2,4,1,2,0,1,1,13,5,1,1,4,0,0,1,0,0,133.61,133.61,0,1,1,1,NONE,Accented,NONE,5,13,5,14,6,9,0.375,4
f0:306.36553,313.59131,322.848555,332.105793333,341.363035,353.89445,365.324065,357.848486667,326.929926667,270.158571667
feature:ze2,2,2,2,2,4,5,0,1,1,12,6,1,1,3,1,0,0,0,0,0,0,0,1,1,1,NONE,NONE,NONE,6,12,6,13,7,8,0.438,2
f0:208.685848333,202.0543,200.385023333,198.71575,195.420938333,182.94335,166.138656667,156.87826,160.823836667,169.765752
feature:de5,2,2,2,5,2,4,0,1,1,11,7,1,1,2,2,0,0,0,0,0,0,0,1,1,1,NONE,NONE,NONE,7,11,7,12,8,7,0.5,5
f0:179.327556667,192.25213,204.379136667,218.8920075,227.672436667,230.266203333,232.0363425,234.763453333,239.6097525,245.324203333
feature:tai4,2,2,2,4,5,4,0,1,1,10,8,1,1,1,3,0,0,0,0,0,0,0,1,1,1,NONE,NONE,NONE,8,10,8,11,9,6,0.563,4
f0:254.677012857,267.536015,280.39501,293.221531667,300.679538571,287.130055714,258.58866,226.759727143,195.320563333,174.170854286
feature:du4,2,2,2,4,4,1,0,1,1,9,9,1,1,0,4,0,0,1,124.756,0,0,124.756,1,1,1,NONE,NONE,Accented,9,9,9,10,10,5,0.625,4
f0:167.540951429,172.048995714,176.809804286,171.264158571,155.840004286,146.458087143,143.959668571,143.94779,157.501228571,179.771825714
feature:fa1,2,2,2,1,4,3,0,1,0,8,10,1,0,8,5,1,0,0,127.756,124.756,124.756,127.756,1,1,1,Accented,NONE,NONE,10,8,10,9,11,4,0.688,1
f0:182.394521667,179.422936667,176.088611667,174.780908333,234.085648333,305.640624,312.675028333,311.269388333,314.943563333,312.170293333
feature:biao3,2,2,2,3,1,2,0,2,0,7,11,2,0,7,0,0,1,0,0,127.756,127.756,0,1,1,1,NONE,Accented,NONE,11,7,11,8,12,3,0.75,3
f0:290.764566667,289.315508,288.72409,273.758026,240.342601667,189.606586667,153.101048,138.994148333,141.873804,143.878516667
feature:yan2,2,2,2,2,3,4,0,2,0,6,12,2,0,6,1,0,0,0,0,0,0,0,1,1,1,NONE,NONE,NONE,12,6,12,7,13,2,0.813,2
f0:144.79725,146.690058,146.970486667,146.40697,146.276655,145.779145,145.086854,144.647968333,144.710448,149.444511667
feature:lun4,2,2,2,4,2,2,0,2,0,5,13,2,0,5,2,0,0,0,0,0,0,0,1,1,1,NONE,NONE,NONE,13,5,13,6,14,1,0.875,4
f0:164.66065,207.528777778,263.035734444,300.239935556,285.532848,231.53557,182.66678,164.420314444,178.20688,178.71001
feature:he2,2,2,2,2,4,2,0,2,0,4,14,2,0,4,3,0,0,0,0,0,0,0,1,1,1,NONE,NONE,NONE,14,4,14,5,1,5,0.143,2
f0:200.943,200.94301,200.94301,200.94301,200.890231667,198.085728333,189.021034286,180.04193,181.12729,189.084975
feature:chu2,2,2,2,2,2,2,0,2,0,3,15,2,0,3,4,0,0,0,0,0,0,0,1,1,1,NONE,NONE,NONE,15,3,15,4,2,4,0.286,2
f0:193.023688333,197.739208333,208.63733,220.457541667,232.249617143,234.23588,212.60744,200.286645,208.590848333,213.711085
feature:li2,2,2,2,2,2,3,0,2,0,2,16,2,0,2,5,0,0,0,0,0,0,0,1,1,1,NONE,NONE,NONE,16,2,16,3,3,3,0.429,2
f0:212.1505925,219.1880225,243.743684,253.8298775,257.19469,260.85782,265.511215,270.27726,271.2088775,265.9866825
feature:ci3,2,2,2,3,2,4,0,2,0,1,17,2,0,1,6,0,0,0,0,0,0,0,1,1,4,NONE,NONE,NONE,17,1,17,2,4,2,0.571,3
f0:246.336613333,222.544108,198.768981667,174.993844,151.218715,124.801903333,102.713668,96.9722466667,107.7652,115.813965
feature:shi4,2,2,0,4,3,0,0,2,0,0,18,2,0,0,7,0,0,0,110,0,0,0,4,1,0,NONE,NONE,0,18,0,18,1,5,1,0.714,4
f0:120.89253,134.867718889,150.23502,165.602317778,180.6491325,186.05519375,168.639237778,125.471375,112.382244444,154.17605375
