feature:you2,2,0,2,2,0,3,0,0,2,13,0,0,2,4,0,0,0,0,0,130,0,0,1,0,1,NONE,0,NONE,0,13,0,14,1,10,0.083,2
f0:253.371331667,257.039958333,254.157523333,255.474696667,257.911264286,279.20906,314.233638333,345.25845,377.852915,387.54448
feature:yi3,2,2,2,3,2,2,0,0,2,12,1,0,2,3,1,0,0,0,0,0,0,0,1,1,1,NONE,NONE,NONE,1,12,1,13,2,9,0.167,3
f0:375.263755,356.747623333,335.339794,310.266845,275.778315,235.343513333,207.739303333,198.084532,198.372011667,195.988088333
feature:fu2,2,2,2,2,3,4,0,0,2,11,2,0,2,2,2,0,0,0,0,0,0,0,1,1,1,NONE,NONE,NONE,2,11,2,12,3,8,0.25,2
f0:184.905685714,185.479455714,188.76652875,192.090124286,194.896314286,194.22759,191.693715714,199.55128,230.127231429,261.492282857
feature:han4,2,2,2,4,2,2,0,0,2,10,3,0,2,1,3,0,0,0,0,0,0,0,1,1,1,NONE,NONE,NONE,3,10,3,11,4,7,0.333,4
f0:283.763935,311.30543,341.404657,360.509698,323.636422,263.012152222,212.262605,185.978685,176.262481,180.009274
feature:su2,2,2,2,2,4,1,0,0,2,9,4,0,2,0,4,0,0,1,127.903,0,0,127.903,1,1,1,NONE,NONE,Accented,4,9,4,10,5,6,0.417,2
f0:185.63646,187.970583333,192.159198333,196.58121,200.845551429,202.85414,206.114935,215.35885,231.486418333,250.690823333
feature:cheng1,2,2,2,1,2,3,0,0,1,8,5,0,1,4,5,1,0,0,130.903,127.903,127.903,130.903,1,1,1,Accented,NONE,NONE,5,8,5,9,6,5,0.5,1
f0:265.890106667,283.877682222,300.77920125,314.599544444,308.031083333,304.508755556,306.099162222,313.40461125,320.361175556,319.88852
feature:qia3,2,2,2,3,1,2,0,1,1,7,6,1,1,3,0,0,1,0,0,130.903,130.903,0,1,1,1,NONE,Accented,NONE,6,7,6,8,7,4,0.583,3
f0:314.61892625,307.42395,300.717468571,294.01100875,287.32131125,252.29898,183.894325,157.364442857,154.44576375,148.00293125
feature:bo2,2,2,2,2,3,5,0,1,1,6,7,1,1,2,1,0,0,0,0,0,0,0,1,1,1,NONE,NONE,NONE,7,6,7,7,8,3,0.667,2
f0:151.167894,172.96002,177.481091667,175.131076,172.990158,171.77785,174.39315,186.455711667,217.711688,253.90617
feature:zi5,2,2,2,5,2,4,0,1,1,5,8,1,1,1,2,0,0,0,0,0,0,0,1,1,1,NONE,NONE,NONE,8,5,8,6,9,2,0.75,5
f0:279.2522425,302.205885,325.128455,344.338685,350.2919,349.0583625,343.216455,330.2192325,309.6077725,290.2189075
feature:han4,2,2,2,4,5,1,0,1,1,4,9,1,1,0,3,0,0,1,116.452,0,0,126.452,1,1,1,NONE,NONE,Accented,9,4,9,5,10,1,0.833,4
f0:281.455346667,281.962171111,282.56351125,279.71514,252.407091111,208.464216667,172.724566667,151.2829,143.224842222,114.570823333
feature:wei1,2,2,2,1,4,4,0,1,0,3,10,1,0,3,4,1,0,0,124.452,126.452,116.452,124.452,1,1,1,Accented,NONE,NONE,10,3,10,4,1,4,0.167,1
f0:281.92099,273.835562857,266.01987,296.453468333,322.666268571,328.754155,326.965805,325.113263333,323.627428571,324.128036667
feature:hai4,2,2,2,4,1,4,0,2,0,2,11,2,0,2,0,0,1,0,0,124.452,124.452,0,1,1,1,NONE,Accented,NONE,11,2,11,3,2,3,0.333,4
f0:324.703808571,320.19815,315.084707143,312.784498571,303.389342857,268.73908,219.745995714,180.477611429,145.034895714,141.373412857
feature:zui4,2,2,2,4,4,4,0,2,0,1,12,2,0,1,1,0,0,0,0,0,0,0,1,1,4,NONE,NONE,NONE,12,1,12,2,3,2,0.5,4
f0:167.852462857,199.576908333,231.291007143,262.97947,285.715582857,284.558622857,257.93357,212.830847143,154.177723333,143.276131429
feature:da4,2,2,0,4,4,0,0,2,0,0,13,2,0,0,2,0,0,0,110,0,0,0,4,1,0,NONE,NONE,0,13,0,13,1,4,1,0.667,4
f0:161.930968571,188.425651429,194.32425,187.34967,175.22656375,145.442715714,78.1611628571,61.78465,92.3936114286,156.528748571
