feature:gong1,2,0,2,1,0,4,0,0,1,6,0,0,1,3,0,1,0,0,137.31,139.31,0,137.31,1,0,1,Accented,0,NONE,0,6,0,7,1,2,0.25,1
f0:392.122521667,379.16644,365.102701667,365.441136667,367.297838333,369.193612,370.046006667,369.557356667,365.255314,360.01488
feature:lu4,2,2,2,4,1,4,0,0,1,5,1,0,1,2,0,0,1,0,0,137.31,137.31,0,1,1,1,NONE,Accented,NONE,1,5,1,6,2,1,0.5,4
f0:354.90302,347.6452175,329.121222,305.0972825,277.665686,255.690245,241.782614,231.4968125,220.803556,206.5086
feature:zi4,2,2,2,4,4,2,0,0,1,4,2,0,1,1,1,0,0,0,0,0,0,0,1,1,1,NONE,NONE,NONE,2,4,2,5,1,5,0.143,4
f0:302.0060175,302.00601,302.00601,302.00601,301.912925,300.859956667,295.598365,283.806536667,268.586405,251.312693333
feature:xing2,2,2,2,2,4,1,0,0,1,3,3,0,1,0,2,0,0,1,128.793,0,0,128.793,1,1,1,NONE,NONE,Accented,3,3,3,4,2,4,0.286,2
f0:230.58696,225.010895,224.149896667,223.28891,211.905538333,188.771671667,182.7955,186.479268333,204.743333333,218.502925
feature:che1,2,2,2,1,2,4,0,0,0,2,4,0,0,3,3,1,0,0,131.793,128.793,128.793,131.793,1,1,1,Accented,NONE,NONE,4,2,4,3,3,3,0.429,1
f0:229.056288,245.816396,265.346005,284.875618,302.329286,319.202246,326.06054,327.880606667,328.547882,325.254604
feature:xiang4,2,2,2,4,1,4,0,1,0,1,5,1,0,2,0,0,1,0,0,131.793,131.793,0,1,1,3,NONE,Accented,NONE,5,1,5,2,4,2,0.571,4
f0:320.8345375,329.1752775,338.7568025,330.99007,289.40979,248.07619,208.5301575,187.09862,177.58901125,166.1267425
feature:mu4,2,2,2,4,4,4,0,1,0,0,6,1,0,1,1,0,0,0,0,0,0,0,3,1,1,NONE,NONE,NONE,6,0,6,1,5,1,0.714,4
f0:159.495775,155.970298,148.9644825,145.857922,144.8271575,150.570525,164.910272,169.330585,169.554798,148.88977
feature:shi4,2,2,2,4,4,1,0,0,1,5,0,0,1,0,2,0,0,1,118.276,0,0,128.276,1,3,1,NONE,NONE,Accented,0,5,0,6,1,1,0.333,4
f0:229.3439925,229.34399,229.34399,228.38301,219.14767,209.32666125,197.632696667,191.69579375,190.908953333,187.61863625
feature:zhong1,2,2,2,1,4,2,0,0,0,4,1,0,0,4,3,1,0,0,126.276,128.276,118.276,126.276,1,1,1,Accented,NONE,NONE,1,4,1,5,1,5,0.143,1
f0:303.15399,303.15399,303.257056,304.209738,305.516832,306.482196,310.17804,312.409846,309.638904,280.418488
feature:guo2,2,2,2,2,1,5,0,1,0,3,2,1,0,3,0,0,1,0,0,126.276,126.276,0,1,1,1,NONE,Accented,NONE,2,3,2,4,2,4,0.286,2
f0:220.793862,213.049954,217.34208,214.43701,189.648328,167.908036,155.781988,148.615485,149.356102,156.503584
feature:de5,2,2,2,5,2,4,0,1,0,2,3,1,0,2,1,0,0,0,0,0,0,0,1,1,1,NONE,NONE,NONE,3,2,3,3,3,3,0.429,5
f0:165.580476667,177.97206,182.245963333,181.5932,179.051306667,176.689146667,174.2870275,172.734663333,172.08454,173.032113333
feature:ruo4,2,2,2,4,5,4,0,1,0,1,4,1,0,1,2,0,0,0,0,0,0,0,1,1,4,NONE,NONE,NONE,4,1,4,2,4,2,0.571,4
f0:181.851645,200.133774,230.008906667,254.467668,265.378513333,264.04263,247.400134,212.855495,171.293514,142.878103333
feature:xiang4,2,2,0,4,4,0,0,1,0,0,5,1,0,0,3,0,0,0,110,0,0,0,4,1,0,NONE,NONE,0,5,0,5,1,5,1,0.714,4
f0:149.7350275,164.435524286,178.86772875,191.442454286,189.28869375,175.10178375,148.983527143,130.22469125,121.713088571,108.5273175
