feature:dui4,2,0,2,4,0,2,0,0,4,17,0,0,4,1,0,0,0,0,0,0,0,0,1,0,1,NONE,0,NONE,0,17,0,18,1,18,0.05,4
f0:373.535015,373.4755675,373.026296667,370.113475,364.5244625,355.7522125,342.3810925,328.341463333,310.23355,286.319755
feature:yu2,2,2,2,2,4,1,0,0,4,16,1,0,4,0,1,0,0,1,132.436,0,0,132.436,1,1,1,NONE,NONE,Accented,1,16,1,17,2,17,0.1,2
f0:253.89684,225.507248333,211.45676,200.104505,192.617808571,187.744374286,186.576395,190.660008571,200.388965,197.505811429
feature:qin1,2,2,2,1,2,1,0,0,3,15,2,0,3,0,2,1,0,1,135.923,132.436,132.436,135.923,1,1,1,Accented,NONE,Accented,2,15,2,16,3,16,0.15,1
f0:192.13773,209.52915,239.048395714,271.421631429,303.754534286,325.25586,327.549341429,326.160537143,326.381013333,327.495642857
feature:shen1,2,2,2,1,1,1,0,1,2,14,3,1,2,0,0,1,1,1,134.89749,135.923,135.923,134.89749,1,1,1,Accented,Accented,Accented,3,14,3,15,4,15,0.2,1
f0:328.5221,331.36292,334.7452,336.579895714,333.391725714,327.92137,325.829462857,326.376071429,329.385661667,323.070321429
feature:jing1,2,2,2,1,1,4,0,2,1,13,4,2,1,12,0,1,1,0,133.38499,134.89749,134.89749,133.38499,1,1,1,Accented,Accented,NONE,4,13,4,14,5,14,0.25,1
f0:318.485634,322.814392,329.579136667,332.505366,332.926274,332.673566,331.714168,328.894106667,327.717776,327.275856
feature:li4,2,2,2,4,1,4,0,3,1,12,5,3,1,11,0,0,1,0,0,133.38499,133.38499,0,1,1,1,NONE,Accented,NONE,5,12,5,13,6,13,0.3,4
f0:326.825096,325.07361,320.924988,312.597602,286.444805,253.545714,225.531568,203.041454,195.60103,195.85607
feature:guo4,2,2,2,4,4,3,0,3,1,11,6,3,1,10,1,0,0,0,0,0,0,0,1,1,1,NONE,NONE,NONE,6,11,6,12,7,12,0.35,4
f0:202.180278,218.12902,227.741125,226.860254,213.900668,201.180902,190.551682,182.187225,176.114618,173.375278
feature:bi3,2,2,2,3,4,4,0,3,1,10,7,3,1,9,2,0,0,0,0,0,0,0,1,1,1,NONE,NONE,NONE,7,10,7,11,8,11,0.4,3
f0:174.352558333,184.701651667,195.90175,192.276623333,181.128605,164.320488333,142.511338333,142.697213333,150.61206,155.198778333
feature:sai4,2,2,2,4,3,5,0,3,1,9,8,3,1,8,3,0,0,0,0,0,0,0,1,1,1,NONE,NONE,NONE,8,9,8,10,9,10,0.45,4
f0:152.727493333,129.431462857,109.851105,179.315082857,239.866316667,229.277396667,209.82595,197.67121,185.689524286,176.497116667
feature:de5,2,2,2,5,4,2,0,3,1,8,9,3,1,7,4,0,0,0,0,0,0,0,1,1,1,NONE,NONE,NONE,9,8,9,9,10,9,0.5,5
f0:176.511658,183.376092,183.613432,177.602898,171.150211667,165.712594,161.755266,160.99397,161.36382,165.735124
feature:qiu2,2,2,2,2,5,2,0,3,1,7,10,3,1,6,5,0,0,0,0,0,0,0,1,1,1,NONE,NONE,NONE,10,7,10,8,11,8,0.55,2
f0:182.111308571,185.628645714,187.7495025,190.399335714,192.816222857,193.749841429,186.430875714,186.79565625,212.615302857,256.04374
feature:yuan2,2,2,2,2,2,2,0,3,1,6,11,3,1,5,6,0,0,0,0,0,0,0,1,1,1,NONE,NONE,NONE,11,6,11,7,12,7,0.6,2
f0:263.761031111,252.462207,213.87214,166.891614444,144.53727,138.983075556,147.389078889,157.854955556,185.438071,204.662687778
feature:he2,2,2,2,2,2,4,0,3,1,5,12,3,1,4,7,0,0,0,0,0,0,0,1,1,1,NONE,NONE,NONE,12,5,12,6,13,6,0.65,2
f0:194.756474286,194.741541429,195.576127143,196.092188571,193.868931429,189.528488333,186.048764286,185.301625714,188.932637143,192.956564286
feature:jiao4,2,2,2,4,2,4,0,3,1,4,13,3,1,3,8,0,0,0,0,0,0,0,1,1,1,NONE,NONE,NONE,13,4,13,5,14,5,0.7,4
f0:194.74841,211.463073333,253.217744286,300.989968571,336.652291429,340.027201667,328.156874286,301.079651429,270.72667,250.563298571
feature:lian4,2,2,2,4,4,5,0,3,1,3,14,3,1,2,9,0,0,0,0,0,0,0,1,1,1,NONE,NONE,NONE,14,3,14,4,15,4,0.75,4
f0:245.6475,255.030954,270.5276925,279.065795,284.316242,286.8338025,284.5099175,272.8359425,251.66109,226.6628
feature:men5,2,2,2,5,4,2,0,3,1,2,15,3,1,1,10,0,0,0,0,0,0,0,1,1,1,NONE,NONE,NONE,15,2,15,3,16,3,0.8,5
f0:212.261145,199.1268475,184.959425,173.225605,165.21889,158.834645,148.7366925,140.1841725,137.8334175,135.9720225
feature:lai2,2,2,2,2,5,1,0,3,1,1,16,3,1,0,11,0,0,1,117.051,0,0,117.051,1,1,4,NONE,NONE,Accented,16,1,16,2,17,2,0.85,2
f0:134.74229,136.919982,139.710356667,139.193208333,132.578155,127.320718,127.510026667,132.633021667,145.86592,161.34229
feature:shuo1,2,2,0,1,2,0,0,3,0,0,17,3,0,0,12,1,0,0,120.051,117.051,117.051,0,4,1,0,Accented,NONE,0,17,0,17,1,18,1,0.9,1
f0:170.060522222,182.207478889,194.554833333,201.310864444,193.711577,190.967258889,190.98636,190.11539,193.327474444,209.636482222
