feature:huo3,2,0,2,3,0,1,0,0,2,12,0,0,2,0,0,0,0,1,132.931,0,0,132.931,1,0,1,NONE,0,Accented,0,12,0,13,1,13,0.067,3
f0:273.423,273.423,273.423,270.97475,249.662228571,223.149312857,205.011607143,189.453093333,184.221215714,187.760154286
feature:zai1,2,2,2,1,3,1,0,0,1,11,1,0,1,0,1,1,0,1,136.2415,132.931,132.931,136.2415,1,1,1,Accented,NONE,Accented,1,11,1,12,2,12,0.133,1
f0:199.339357143,245.856171429,285.627353333,283.06203,277.465358571,279.878667143,281.362361429,281.174001667,283.300777143,288.90421
feature:ta1,2,2,2,1,1,2,0,1,0,10,2,1,0,10,0,1,1,0,134.552,136.2415,136.2415,134.552,1,1,1,Accented,Accented,NONE,2,10,2,11,3,11,0.2,1
f0:296.070914286,308.248276667,320.92102,333.593733333,346.273794286,356.825638571,359.853685,365.368585714,371.996351667,353.868581429
feature:fang2,2,2,2,2,1,3,0,2,0,9,3,2,0,9,0,0,1,0,0,134.552,134.552,0,1,1,1,NONE,Accented,NONE,3,9,3,10,4,10,0.267,2
f0:311.378134286,293.551317143,272.315002857,222.339665714,178.606257143,167.700537143,177.802501429,203.219648571,237.572331429,250.636565714
feature:deng3,2,2,2,3,2,4,0,2,0,8,4,2,0,8,1,0,0,0,0,0,0,0,1,1,1,NONE,NONE,NONE,4,8,4,9,5,9,0.333,3
f0:241.53367,240.21201,240.1997625,237.02018,224.21896,202.3574,183.575805,167.64635,150.33471,139.64115
feature:shi4,2,2,2,4,3,4,0,2,0,7,5,2,0,7,2,0,0,0,0,0,0,0,1,1,1,NONE,NONE,NONE,5,7,5,8,6,8,0.4,4
f0:138.85649125,153.422194286,179.71686875,209.1512,238.58552,263.379895714,263.34155375,234.10443375,207.500638571,194.88586875
feature:gu4,2,2,2,4,4,3,0,2,0,6,6,2,0,6,3,0,0,0,0,0,0,0,1,1,1,NONE,NONE,NONE,6,6,6,7,7,7,0.467,4
f0:201.40273,205.4405025,205.9327,205.097505,199.25199,190.3714275,184.8370425,181.86008,181.12771,179.339585
feature:yin3,2,2,2,3,4,4,0,2,0,5,7,2,0,5,4,0,0,0,0,0,0,0,1,1,1,NONE,NONE,NONE,7,5,7,6,8,6,0.533,3
f0:174.625585,171.959348333,186.64236,193.457321667,189.55593,174.597141667,153.632631667,139.154532,136.93035,141.117558333
feature:huan4,2,2,2,4,3,4,0,2,0,4,8,2,0,4,5,0,0,0,0,0,0,0,1,1,1,NONE,NONE,NONE,8,4,8,5,9,5,0.6,4
f0:159.716121111,197.381448,245.318008889,289.267051,295.238073333,266.45304,214.836605,157.469262222,128.47472,120.049151111
feature:da4,2,2,2,4,4,4,0,2,0,3,9,2,0,3,6,0,0,0,0,0,0,0,1,1,1,NONE,NONE,NONE,9,3,9,4,10,4,0.667,4
f0:128.48320375,170.74223125,217.71371125,264.68518875,307.5779075,318.36399375,301.67977875,263.2294825,215.80137375,189.734695
feature:liang4,2,2,2,4,4,2,0,2,0,2,10,2,0,2,7,0,0,0,0,0,0,0,1,1,1,NONE,NONE,NONE,10,2,10,3,11,3,0.733,4
f0:183.504214286,194.11774,217.693275714,218.34839,199.169111429,172.315486667,146.341157143,133.967594286,135.938422857,146.512638571
feature:cun2,2,2,2,2,4,4,0,2,0,1,11,2,0,1,8,0,0,0,0,0,0,0,1,1,4,NONE,NONE,NONE,11,1,11,2,12,2,0.8,2
f0:153.255092857,159.534481429,168.1353175,176.736151429,181.617554286,169.546701429,145.032548571,141.75343,163.015528571,189.560614286
feature:zai4,2,2,0,4,2,0,0,2,0,0,12,2,0,0,9,0,0,0,110,0,0,0,4,1,0,NONE,NONE,0,12,0,12,1,13,1,0.867,4
f0:212.387501429,263.162081429,267.329932857,234.925518571,201.73017,169.971678333,137.704805714,136.63913,166.721048571,189.282487143
