feature:rang4,2,0,2,4,0,4,0,0,4,13,0,0,4,1,0,0,0,0,0,0,0,0,1,0,1,NONE,0,NONE,0,13,0,14,1,14,0.063,4
f0:344.49797,351.14078,353.0826125,352.4802325,351.9953975,351.298633333,348.51059,341.2905575,333.534573333,325.312615
feature:na4,2,2,2,4,4,1,0,0,4,12,1,0,4,0,1,0,0,1,131.774,0,0,131.774,1,1,1,NONE,NONE,Accented,1,12,1,13,2,13,0.125,4
f0:321.046034,322.47972,324.512782,324.81188,322.086878,316.0264425,310.252802,298.83638,282.796306,264.1445525
feature:xie1,2,2,2,1,4,1,0,0,3,11,2,0,3,0,2,1,0,1,135.129,131.774,131.774,135.129,1,1,1,Accented,NONE,Accented,2,11,2,12,3,12,0.188,1
f0:249.63315,245.93949125,255.336607143,266.23417,280.37323125,290.02809875,290.036795714,291.07026,294.51977125,293.605582857
feature:cong1,2,2,2,1,1,1,0,1,2,10,3,1,2,0,0,1,1,1,133.83899,135.129,135.129,133.83899,1,1,1,Accented,Accented,Accented,3,10,3,11,4,11,0.25,1
f0:295.009661429,303.65658,313.426631429,324.084878571,334.654615714,341.197328333,341.743075714,340.556988571,340.172165,335.395712857
feature:cong1,2,2,2,1,1,3,0,2,1,9,4,2,1,4,0,1,1,0,132.194,133.83899,133.83899,132.194,1,1,1,Accented,Accented,NONE,4,9,4,10,5,10,0.313,1
f0:329.1463,323.944297143,318.867756667,319.588436667,340.199784286,348.215128333,347.32204,346.175003333,344.404117143,297.997685
feature:gan3,2,2,2,3,1,4,0,3,1,8,5,3,1,3,0,0,1,0,0,132.194,132.194,0,1,1,1,NONE,Accented,NONE,5,8,5,9,6,9,0.375,3
f0:222.584656,232.872892,258.506486,263.577524,244.962696,218.889985,200.20944,178.355936,159.591164,147.594936
feature:lu4,2,2,2,4,3,5,0,3,1,7,6,3,1,2,1,0,0,0,0,0,0,0,1,1,1,NONE,NONE,NONE,6,7,6,8,7,8,0.438,4
f0:144.82871,148.070124,159.352711667,175.886816667,195.849166667,209.270498,215.160635,215.087235,204.7363,188.571636667
feature:de5,2,2,2,5,4,2,0,3,1,6,7,3,1,1,2,0,0,0,0,0,0,0,1,1,1,NONE,NONE,NONE,7,6,7,7,8,7,0.5,5
f0:184.6818575,188.227313333,189.4938425,189.066766667,186.1314625,183.894303333,183.8355925,184.5991,187.70575,193.053636667
feature:hong2,2,2,2,2,5,1,0,3,1,5,8,3,1,0,3,0,0,1,122.742,0,0,122.742,1,1,1,NONE,NONE,Accented,8,5,8,6,9,6,0.563,2
f0:202.64455875,207.03163,204.872415,201.83801,196.4230525,183.470831429,181.06923625,188.127297143,214.85243125,229.102944286
feature:jun1,2,2,2,1,2,4,0,3,0,4,9,3,0,4,4,1,0,0,125.742,122.742,122.742,125.742,1,1,1,Accented,NONE,NONE,9,4,9,5,10,5,0.625,1
f0:239.30578875,259.87377375,285.37273,309.5948775,310.7213975,309.016745,307.81507125,307.897436667,306.16839625,256.97167
feature:run4,2,2,2,4,1,4,0,4,0,3,10,4,0,3,0,0,1,0,0,125.742,125.742,0,1,1,1,NONE,Accented,NONE,10,3,10,4,11,4,0.688,4
f0:225.78077,268.880998571,277.79695125,316.562717143,355.70096,358.360045714,340.396154286,306.32043875,272.42256,262.885595714
feature:run4,2,2,2,4,4,3,0,4,0,2,11,4,0,2,1,0,0,0,0,0,0,0,1,1,1,NONE,NONE,NONE,11,2,11,3,12,3,0.75,4
f0:265.88188,268.778338,265.1874,253.6284425,235.653596,223.242795,214.9617575,208.20796,198.168508,190.6517975
feature:sang3,2,2,2,3,4,5,0,4,0,1,12,4,0,1,2,0,0,0,0,0,0,0,1,1,4,NONE,NONE,NONE,12,1,12,2,13,2,0.813,3
f0:189.76677375,197.059796667,205.41898875,197.237261111,159.693255,132.73392125,120.139513333,109.798105,86.6903166667,89.47872
feature:zi5,2,2,0,5,3,0,0,4,0,0,13,4,0,0,3,0,0,0,110,0,0,0,4,1,0,NONE,NONE,0,13,0,13,1,14,1,0.875,5
f0:106.97419,132.362542857,156.157568333,174.362787143,181.998842857,187.916884286,201.00467,213.984771667,217.439821429,220.158601429
