feature:sai4,2,0,2,4,0,1,0,0,3,16,0,0,3,0,0,0,0,1,133.37801,0,0,133.37801,1,0,1,NONE,0,Accented,0,16,0,17,1,2,0.25,4
f0:397.15401,397.15402,397.15402,395.974495,376.541595,360.193325,342.749871667,319.211694,287.698273333,243.418976667
feature:che1,2,2,2,1,4,3,0,0,2,15,1,0,2,5,1,1,0,0,136.37801,133.37801,133.37801,0,1,1,1,Accented,NONE,NONE,1,15,1,16,2,1,0.5,1
f0:220.029856667,235.264698889,261.416877778,291.507564444,315.651073333,318.169816667,320.388014444,320.607493333,308.714133333,237.925188889
feature:yi3,2,2,2,3,1,2,0,1,2,14,2,1,2,4,0,0,1,0,0,0,136.37801,0,1,1,1,NONE,Accented,NONE,2,14,2,15,1,12,0.071,3
f0:164.658615,185.6928525,198.49934,194.4731,182.90852,167.8496625,151.18993,140.142876,130.411855,122.66169
feature:ji2,2,2,2,2,3,4,0,1,2,13,3,1,2,3,1,0,0,0,0,0,0,0,1,1,1,NONE,NONE,NONE,3,13,3,14,2,11,0.143,2
f0:125.8974025,139.816368571,154.61924875,165.273958571,171.5947425,173.764615,175.904285714,181.86408125,189.347755714,188.48826
feature:ying4,2,2,2,4,2,4,0,1,2,12,4,1,2,2,2,0,0,0,0,0,0,0,1,1,1,NONE,NONE,NONE,4,12,4,13,3,10,0.214,4
f0:192.76709,217.394303333,236.460835,252.648888333,260.60696,262.733698333,265.703095,270.492245,272.880421667,271.295853333
feature:yong4,2,2,2,4,4,4,0,1,2,11,5,1,2,1,3,0,0,0,0,0,0,0,1,1,1,NONE,NONE,NONE,5,11,5,12,4,9,0.286,4
f0:267.278047143,265.010221429,242.856415,206.60697,189.308508571,181.25313,178.727175714,177.6338625,183.677254286,197.051055714
feature:zui4,2,2,2,4,4,1,0,1,2,10,6,1,2,0,4,0,0,1,126.892,0,0,126.892,1,1,1,NONE,NONE,Accented,6,10,6,11,5,8,0.357,4
f0:202.441174,216.362758333,244.569058,273.652176667,289.488018,288.928998,274.480083333,250.179616,228.789938333,212.720804
feature:xian1,2,2,2,1,4,4,0,1,1,9,7,1,1,6,5,1,0,0,129.892,126.892,126.892,129.892,1,1,1,Accented,NONE,NONE,7,9,7,10,6,7,0.429,1
f0:203.671334444,213.68601375,243.861526667,274.85491625,304.209448889,315.150463333,315.21883375,319.586656667,328.5891125,337.81655
feature:jin4,2,2,2,4,1,4,0,2,1,8,8,2,1,5,0,0,1,0,0,129.892,129.892,0,1,1,1,NONE,Accented,NONE,8,8,8,9,7,6,0.5,4
f0:347.682301667,350.320522,346.18923,323.070676,281.753478333,241.42925,214.199966667,199.45759,198.622716667,204.18615
feature:ji4,2,2,2,4,4,4,0,2,1,7,9,2,1,4,1,0,0,0,0,0,0,0,1,1,1,NONE,NONE,NONE,9,7,9,8,8,5,0.571,4
f0:209.039556,218.70568,233.235535,243.881558,244.856614,240.271602,225.252382,206.782781667,194.674656,193.164028
feature:shu4,2,2,2,4,4,5,0,2,1,6,10,2,1,3,2,0,0,0,0,0,0,0,1,1,1,NONE,NONE,NONE,10,6,10,7,9,4,0.643,4
f0:197.571706667,205.506085714,213.579241667,221.634918571,226.95094,214.159206667,190.967491429,175.459403333,167.480298571,163.284778333
feature:de5,2,2,2,5,4,4,0,2,1,5,11,2,1,2,3,0,0,0,0,0,0,0,1,1,1,NONE,NONE,NONE,11,5,11,6,10,3,0.714,5
f0:171.058552,175.967561667,172.554166,169.566016,168.151288333,167.255566,165.898954,165.618648,166.999423333,172.419554
feature:dian4,2,2,2,4,5,3,0,2,1,4,12,2,1,1,4,0,0,0,0,0,0,0,1,1,1,NONE,NONE,NONE,12,4,12,5,11,2,0.786,4
f0:184.594478571,220.22461125,272.294194286,318.566795,340.035188571,341.492422857,316.86172625,266.203095714,217.29109,196.614772857
feature:zi3,2,2,2,3,4,1,0,2,1,3,13,2,1,0,5,0,0,1,114.324,0,0,124.324,1,1,1,NONE,NONE,Accented,13,3,13,4,12,1,0.857,3
f0:192.136015,189.728746667,184.899505,178.7345,172.921911667,168.14495,153.319458333,141.329566667,121.300806667,110.239001667
feature:ji1,2,2,2,1,3,2,0,2,0,2,14,2,0,2,6,1,0,0,122.324,124.324,114.324,122.324,1,1,1,Accented,NONE,NONE,14,2,14,3,1,3,0.2,1
f0:281.056,281.056,281.056,281.52646,287.055501429,294.148988571,303.059163333,309.957878571,300.150908333,266.864204286
feature:deng2,2,2,2,2,1,3,0,3,0,1,15,3,0,1,0,0,1,0,0,122.324,122.324,0,1,1,4,NONE,Accented,NONE,15,1,15,2,2,2,0.4,2
f0:232.772434,205.333888,178.9317575,156.025736,145.163482,148.231584,155.385784,162.01442,170.604216,183.52044
feature:deng3,2,2,0,3,2,0,0,3,0,0,16,3,0,0,1,0,0,0,110,0,0,0,4,1,0,NONE,NONE,0,16,0,16,1,3,1,0.6,3
f0:203.095163333,210.836296667,192.641794286,163.465033333,112.112786667,77.69882,71.6750166667,64.07553,121.002108333,181.855623333
