feature:bai3,2,0,2,3,0,4,0,0,2,8,0,0,2,4,0,0,0,0,0,130,0,0,1,0,1,NONE,0,NONE,0,8,0,9,1,9,0.091,3
f0:220.656012,219.362274,209.865588,200.403618,194.220484,188.666502,184.325694,184.735356,196.056974,208.334712
feature:se4,2,2,2,4,3,2,0,0,2,7,1,0,2,3,1,0,0,0,0,0,0,0,1,1,1,NONE,NONE,NONE,1,7,1,8,2,8,0.182,4
f0:221.592008333,247.48605,277.02193,306.55781,332.9611,346.352198333,343.534536667,329.097204286,302.07102,262.12544
feature:ge2,2,2,2,2,4,4,0,0,2,6,2,0,2,2,2,0,0,0,0,0,0,0,1,1,1,NONE,NONE,NONE,2,6,2,7,3,7,0.273,2
f0:239.46301,231.21201,223.9923725,216.77275,208.140826,199.040808,195.73667,196.228485,201.069392,212.909132
feature:ming4,2,2,2,4,2,3,0,0,2,5,3,0,2,1,3,0,0,0,0,0,0,0,1,1,1,NONE,NONE,NONE,3,5,3,6,4,6,0.364,4
f0:233.724872,249.32082,259.658272,265.0148375,263.999268,258.131555,245.77337,231.6490475,219.471256,211.2073
feature:lao3,2,2,2,3,4,1,0,0,2,4,4,0,2,0,4,0,0,1,129.054,0,0,129.054,1,1,1,NONE,NONE,Accented,4,4,4,5,5,5,0.455,3
f0:204.908172,194.162335,181.397886,166.58141,148.33834,134.777186,128.920556667,123.9852,123.819795,124.18027
feature:qu1,2,2,2,1,3,2,0,0,1,3,5,0,1,1,5,1,0,0,132.054,129.054,129.054,132.054,1,1,1,Accented,NONE,NONE,5,3,5,4,6,4,0.545,1
f0:129.876004444,150.0715975,174.391808889,198.71202375,219.205228889,219.742128889,215.524095,215.239527778,217.84914625,216.695804444
feature:tian2,2,2,2,2,1,1,0,1,1,2,6,1,1,0,0,0,1,1,126.892,132.054,132.054,126.892,1,1,1,NONE,Accented,Accented,6,2,6,3,7,3,0.636,2
f0:214.01575,211.556575,208.25300125,204.94942875,201.54485125,187.43108375,178.784725,187.44098,211.63474,228.97813875
feature:dong1,2,2,2,1,2,4,0,1,0,1,7,1,0,4,1,1,0,0,129.892,126.892,126.892,129.892,1,1,3,Accented,NONE,NONE,7,1,7,2,8,2,0.727,1
f0:241.838575,274.87467,306.708015,313.694212,314.6956225,315.3252775,315.810786,316.3768625,317.370892,318.08368
feature:xian4,2,2,2,4,1,4,0,2,0,0,8,2,0,3,0,0,1,0,0,129.892,129.892,0,3,1,1,NONE,Accented,NONE,8,0,8,1,9,1,0.818,4
f0:318.338364545,316.99101,314.25486,306.795559,256.016524545,196.368864545,153.465312,120.151505455,71.978901,103.460465455
feature:guo4,2,2,2,4,4,4,0,0,1,7,0,0,1,2,1,0,0,0,0,0,0,0,1,3,1,NONE,NONE,NONE,0,7,0,8,1,2,0.25,4
f0:273.43201,272.7068725,268.50285,262.7504,253.1479625,235.31473,217.585795,206.162536667,198.2829225,193.6938225
feature:qu4,2,2,2,4,4,2,0,0,1,6,1,0,1,1,2,0,0,0,0,0,0,0,1,1,1,NONE,NONE,NONE,1,6,1,7,2,1,0.5,4
f0:193.814032,194.508083333,194.015642,193.277578,192.536433333,191.33188,184.176104,170.77042,162.020136667,127.69494
feature:chang2,2,2,2,2,4,1,0,0,1,5,2,0,1,0,3,0,0,1,121.486,0,0,121.486,1,1,1,NONE,NONE,Accented,2,5,2,6,1,5,0.143,2
f0:169.1810325,169.709,169.709,169.709,169.72159125,170.42868375,174.245884286,185.92465,210.635768571,234.03319375
feature:qi1,2,2,2,1,2,2,0,0,0,4,3,0,0,4,4,1,0,0,124.486,121.486,121.486,124.486,1,1,1,Accented,NONE,NONE,3,4,3,5,2,4,0.286,1
f0:244.61052,258.412421,272.232544444,278.423111,274.350464,273.71771,272.843121,227.14777,201.54222,189.141493
feature:nan2,2,2,2,2,1,4,0,1,0,3,4,1,0,3,0,0,1,0,0,124.486,124.486,0,1,1,1,NONE,Accented,NONE,4,3,4,4,3,3,0.429,2
f0:179.810612,175.707145,171.692182,167.729955,165.171204,163.698224,164.2101325,173.025808,192.50043,214.134474
feature:han4,2,2,2,4,2,3,0,1,0,2,5,1,0,2,1,0,0,0,0,0,0,0,1,1,1,NONE,NONE,NONE,5,2,5,3,4,2,0.571,4
f0:228.80519,242.238484286,269.35429,297.619145714,320.724561429,320.844541429,288.559627143,239.910002857,192.104038571,171.38385
feature:bei3,2,2,2,3,4,4,0,1,0,1,6,1,0,1,2,0,0,0,0,0,0,0,1,1,4,NONE,NONE,NONE,6,1,6,2,5,1,0.714,3
f0:165.172508333,162.806898,159.46589,155.775501667,143.986468333,120.547088,93.6811516667,88.2891,88.2891,88.2891016667
feature:lao4,2,2,0,4,3,0,0,1,0,0,7,1,0,0,3,0,0,0,110,0,0,0,4,1,0,NONE,NONE,0,7,0,7,1,1,1,0.333,4
f0:167.329478333,185.874266667,198.732656667,197.328888333,180.293398571,145.879421667,118.921775,117.21,117.21,117.21
