feature:cheng2,2,0,2,2,0,5,0,0,1,16,0,0,1,2,0,0,0,0,0,130,0,0,1,0,1,NONE,0,NONE,0,16,0,17,1,8,0.1,2
f0:237.050993333,237.05099,237.05099,236.486798333,220.205345,189.707343333,186.50496,195.674561667,208.825351667,221.760131667
feature:le5,2,2,2,5,2,2,0,0,1,15,1,0,1,1,1,0,0,0,0,0,0,0,1,1,1,NONE,NONE,NONE,1,15,1,16,2,7,0.2,5
f0:227.090155,225.808788,216.221148333,199.682,184.619768333,176.135122,170.98628,167.94737,168.548662,171.289201667
feature:quan2,2,2,2,2,5,1,0,0,1,14,2,0,1,0,2,0,0,1,131.216,0,0,131.216,1,1,1,NONE,NONE,Accented,2,14,2,15,3,6,0.3,2
f0:183.863423333,195.835595,204.613176667,213.3176175,211.681714444,184.41230875,180.988565556,198.20746375,231.445137778,258.60839875
feature:cun1,2,2,2,1,2,4,0,0,0,13,3,0,0,13,3,1,0,0,134.216,131.216,131.216,134.216,1,1,1,Accented,NONE,NONE,3,13,3,14,4,5,0.4,1
f0:264.048121429,265.7146725,267.969652857,277.04370875,290.237684286,283.249342857,280.4628175,279.856982857,281.72724875,284.946144286
feature:shang4,2,2,2,4,1,4,0,1,0,12,4,1,0,12,0,0,1,0,0,134.216,134.216,0,1,1,1,NONE,Accented,NONE,4,12,4,13,5,4,0.5,4
f0:282.41135,288.3267825,310.424111429,334.1568525,358.046167143,370.816415714,357.93747625,324.227602857,274.90283625,241.84955
feature:shang4,2,2,2,4,4,4,0,1,0,11,5,1,0,11,1,0,0,0,0,0,0,0,1,1,1,NONE,NONE,NONE,5,11,5,12,6,3,0.6,4
f0:230.671651667,240.558885,264.654076667,286.716695,291.260445714,278.166401667,256.544416667,231.874586667,209.886656667,201.156223333
feature:xia4,2,2,2,4,4,4,0,1,0,10,6,1,0,10,2,0,0,0,0,0,0,0,1,1,1,NONE,NONE,NONE,6,10,6,11,7,2,0.7,4
f0:201.551432857,208.355795,234.360258571,265.539175,288.147267143,282.338938571,255.38301,227.336941429,200.198246667,191.537994286
feature:xia4,2,2,2,4,4,2,0,1,0,9,7,1,0,9,3,0,0,0,0,0,0,0,1,1,1,NONE,NONE,NONE,7,9,7,10,8,1,0.8,4
f0:191.82887,209.058857,233.631364444,234.896845556,203.719667,175.292172222,161.466264444,147.442681111,130.434725,97.9145033333
feature:lao2,2,2,2,2,4,3,0,1,0,8,8,1,0,8,4,0,0,0,0,0,0,0,1,1,1,NONE,NONE,NONE,8,8,8,9,1,9,0.091,2
f0:95.7412733333,145.048724286,190.392185,195.802584286,188.92407,187.075746667,194.910868571,224.8558,269.899882857,304.55932
feature:lao3,2,2,2,3,2,4,0,1,0,7,9,1,0,7,5,0,0,0,0,0,0,0,1,1,1,NONE,NONE,NONE,9,7,9,8,2,8,0.182,3
f0:312.522323333,321.39381,330.993808571,303.957821667,244.233225,186.069085,145.46053,143.740942857,157.210655,163.981068333
feature:shao4,2,2,2,4,3,4,0,1,0,6,10,1,0,6,6,0,0,0,0,0,0,0,1,1,1,NONE,NONE,NONE,10,6,10,7,3,7,0.273,4
f0:178.336351429,212.127911429,247.738495,283.272011429,307.752924286,304.808208571,285.022558571,259.800655,237.675202857,226.520888571
feature:shao4,2,2,2,4,4,4,0,1,0,5,11,1,0,5,7,0,0,0,0,0,0,0,1,1,1,NONE,NONE,NONE,11,5,11,6,4,6,0.364,4
f0:234.738171429,260.971292857,287.64297,295.18611,274.436912857,246.447466667,219.940952857,201.669812857,194.294678571,193.147512857
feature:pan4,2,2,2,4,4,4,0,1,0,4,12,1,0,4,8,0,0,0,0,0,0,0,1,1,1,NONE,NONE,NONE,12,4,12,5,5,5,0.455,4
f0:195.814016,213.579555,238.387434,260.507138,285.39182,310.276506,332.42752,350.231562,355.319041667,343.749782
feature:wang4,2,2,2,4,4,5,0,1,0,3,13,1,0,3,9,0,0,0,0,0,0,0,1,1,1,NONE,NONE,NONE,13,3,13,4,6,4,0.545,4
f0:311.38969125,267.08796125,244.12803,244.36106125,267.28657625,260.473144286,245.95244125,221.15010625,197.739375,178.02651
feature:de5,2,2,2,5,4,3,0,1,0,2,14,1,0,2,10,0,0,0,0,0,0,0,1,1,1,NONE,NONE,NONE,14,2,14,3,7,3,0.636,5
f0:164.240813333,161.9043225,160.73615,159.71733,155.47548,151.42548,150.79601,151.084616667,153.7337925,158.09636
feature:xi3,2,2,2,3,5,4,0,1,0,1,15,1,0,1,11,0,0,0,0,0,0,0,1,1,4,NONE,NONE,NONE,15,1,15,2,8,2,0.727,3
f0:166.99113,171.22614125,174.008226667,176.79031375,179.557845556,181.23609,166.63183,138.9964975,118.889488889,145.61555875
feature:shi4,2,2,0,4,3,0,0,1,0,0,16,1,0,0,12,0,0,0,110,0,0,0,4,1,0,NONE,NONE,0,16,0,16,1,9,1,0.818,4
f0:168.25023125,191.20488,214.57963125,237.95437375,261.989157778,270.2202325,248.26334875,200.0539175,117.39516875,66.3169825
