feature:zhi2,2,0,2,2,0,3,0,0,0,8,0,0,0,18,0,0,0,0,0,0,0,0,1,0,1,NONE,0,NONE,0,8,0,9,1,9,0.091,2
f0:244.901,244.901,244.901,244.563835,233.92235,219.035352,216.8757775,221.521956,231.2675475,235.944358
feature:you3,2,2,2,3,2,4,0,0,0,7,1,0,0,17,1,0,0,0,0,0,0,0,1,1,1,NONE,NONE,NONE,1,7,1,8,2,8,0.182,3
f0:232.59000125,230.335291429,217.38358125,190.63944,171.74958125,161.359368571,159.34149,159.98522375,163.54717,172.32285375
feature:zhou4,2,2,2,4,3,4,0,0,0,6,2,0,0,16,2,0,0,0,0,0,0,0,1,1,1,NONE,NONE,NONE,2,6,2,7,3,7,0.273,4
f0:197.759543333,230.134258571,266.415838333,302.679875714,332.437548333,337.867766667,328.004492857,301.558478333,270.003972857,241.870198333
feature:ye4,2,2,2,4,4,2,0,0,0,5,3,0,0,15,3,0,0,0,0,0,0,0,1,1,1,NONE,NONE,NONE,3,5,3,6,4,6,0.364,4
f0:221.611823333,216.658728,226.659905,242.535885,250.500581667,244.87284,224.035455,191.786088333,171.875536,166.216018333
feature:zhi2,2,2,2,2,4,2,0,0,0,4,4,0,0,14,4,0,0,0,0,0,0,0,1,1,1,NONE,NONE,NONE,4,4,4,5,5,5,0.455,2
f0:169.237046667,178.947862,188.071333333,197.22456,205.163006667,208.418538,211.634988333,222.245332,239.83893,238.839238
feature:qin2,2,2,2,2,2,5,0,0,0,3,5,0,0,13,5,0,0,0,0,0,0,0,1,1,1,NONE,NONE,NONE,5,3,5,4,6,4,0.545,2
f0:231.97068,230.52474,229.005558333,227.464978333,225.858486667,220.991072,197.002248333,181.189956667,188.421651667,200.386156667
feature:de5,2,2,2,5,2,3,0,0,0,2,6,0,0,12,6,0,0,0,0,0,0,0,1,1,1,NONE,NONE,NONE,6,2,6,3,7,3,0.636,5
f0:216.289636667,233.022503333,238.760306667,239.600526667,239.35803,238.998546667,238.648853333,236.900473333,232.132336667,219.630166667
feature:jing3,2,2,2,3,5,2,0,0,0,1,7,0,0,11,7,0,0,0,0,0,0,0,1,1,3,NONE,NONE,NONE,7,1,7,2,8,2,0.727,3
f0:203.635162857,202.193475714,202.632516667,201.584974286,190.503711429,168.50005,146.050541429,134.742196667,134.219252857,151.696467143
feature:cha2,2,2,2,2,3,4,0,0,0,0,8,0,0,10,8,0,0,0,0,0,0,0,3,1,1,NONE,NONE,NONE,8,0,8,1,9,1,0.818,2
f0:175.666374,176.100752222,175.898569,174.649764,158.857938,150.763321111,150.443104,158.118312,177.159335556,206.700734
feature:huo4,2,2,2,4,2,3,0,0,2,13,0,0,2,9,9,0,0,0,0,0,0,0,1,3,1,NONE,NONE,NONE,0,13,0,14,1,7,0.111,4
f0:386.144028,386.14404,386.14404,386.14404,386.14404,385.85324,376.798954,356.6079075,330.090308,291.491956
feature:xu3,2,2,2,3,4,2,0,0,2,12,1,0,2,8,10,0,0,0,0,0,0,0,1,1,1,NONE,NONE,NONE,1,12,1,13,2,6,0.222,3
f0:258.330038,245.497748,237.029295,228.56085,218.882596,209.25064,201.120768,192.9839975,179.812764,167.946384
feature:neng2,2,2,2,2,3,4,0,0,2,11,2,0,2,7,11,0,0,0,0,0,0,0,1,1,1,NONE,NONE,NONE,2,11,2,12,3,5,0.333,2
f0:160.04,157.055068,154.145736,148.837068,146.356054,147.4025925,151.788328,159.44699,167.84537,179.498176
feature:ling4,2,2,2,4,2,2,0,0,2,10,3,0,2,6,12,0,0,0,0,0,0,0,1,1,1,NONE,NONE,NONE,3,10,3,11,4,4,0.444,4
f0:199.72667,222.237638,250.018823333,275.376294,275.239633333,261.623903333,240.097898,218.530991667,198.79042,179.730128333
feature:ren2,2,2,2,2,4,3,0,0,2,9,4,0,2,5,13,0,0,0,0,0,0,0,1,1,1,NONE,NONE,NONE,4,9,4,10,5,3,0.556,2
f0:161.31489,152.620873333,146.563553333,144.324235,143.608815714,144.659488333,150.068755,162.165466667,180.456585,192.792405
feature:gan3,2,2,2,3,2,4,0,0,2,8,5,0,2,4,14,0,0,0,0,0,0,0,1,1,1,NONE,NONE,NONE,5,8,5,9,6,2,0.667,3
f0:198.90793,207.185635,210.481665,194.83602,166.694011667,148.497734,137.76841,138.414308333,148.660888333,162.541851667
feature:dao4,2,2,2,4,3,4,0,0,2,7,6,0,2,3,15,0,0,0,0,0,0,0,1,1,1,NONE,NONE,NONE,6,7,6,8,7,1,0.778,4
f0:182.608323333,190.658396667,191.69462,188.566401667,183.496681667,174.542273333,168.383111667,166.409972857,150.75343,129.946676667
feature:yi4,2,2,2,4,4,2,0,0,2,6,7,0,2,2,16,0,0,0,0,0,0,0,1,1,1,NONE,NONE,NONE,7,6,7,7,1,7,0.111,4
f0:216.9154975,237.8932275,252.73477,274.7952575,280.4340975,280.5823525,277.312315,264.99296,243.0417925,213.2967275
feature:dian2,2,2,2,2,4,3,0,0,2,5,8,0,2,1,17,0,0,0,0,0,0,0,1,1,1,NONE,NONE,NONE,8,5,8,6,2,6,0.222,2
f0:202.929746667,198.257091429,191.261013333,178.717232857,164.870673333,156.747471667,163.044175714,182.105613333,203.324011429,212.531888333
feature:jin3,2,2,2,3,2,1,0,0,2,4,9,0,2,0,18,0,0,1,119.082,0,0,119.082,1,1,1,NONE,NONE,Accented,9,4,9,5,3,5,0.333,3
f0:218.323868571,221.121065714,215.821895,209.214207143,195.843788571,178.428122857,146.049358571,121.841433333,117.194664286,91.3591342857
feature:zhang1,2,2,2,1,3,5,0,0,1,3,10,0,1,2,19,1,0,0,122.082,119.082,119.082,122.082,1,1,1,Accented,NONE,NONE,10,3,10,4,4,4,0.444,1
f0:89.95079,112.208621667,171.223603333,231.056996667,251.598143333,256.443771667,263.067291667,272.422926667,282.239228333,280.858573333
feature:de5,2,2,2,5,1,4,0,1,1,2,11,1,1,1,0,0,1,0,0,122.082,122.082,0,1,1,1,NONE,Accented,NONE,11,2,11,3,5,3,0.556,5
f0:274.76654,269.87293,263.28316,259.549833333,239.270835,212.31078,198.575313333,181.810126667,168.0129725,162.74799
feature:qi4,2,2,2,4,5,1,0,1,1,1,12,1,1,0,1,0,0,1,116.633,0,0,116.633,1,1,4,NONE,NONE,Accented,12,1,12,2,6,2,0.667,4
f0:164.699098333,173.176136667,183.765737143,194.355338333,203.955516667,210.118888333,204.180511667,183.122794286,152.68013,135.270223333
feature:fen1,2,2,0,1,4,0,0,1,0,0,13,1,0,0,2,1,0,0,119.633,116.633,116.633,0,4,1,0,Accented,NONE,0,13,0,13,1,7,1,0.778,1
f0:135.031653333,141.134498571,147.96346,152.008975,148.574008571,134.826825,122.764358333,122.509373333,129.674701429,134.106315
