feature:zun1,2,0,2,1,0,2,0,0,1,5,0,0,1,2,0,1,0,0,137.556,134.556,0,137.556,1,0,1,Accented,0,NONE,0,5,0,6,1,6,0.125,1
f0:326.884,326.884,323.150273333,304.689612,300.055062,295.950892,293.921222,293.570775,294.523566,293.841274
feature:xun2,2,2,2,2,1,2,0,0,1,4,1,0,1,1,0,0,1,0,0,137.556,137.556,0,1,1,1,NONE,Accented,NONE,1,4,1,5,2,5,0.25,2
f0:282.148013,267.645999,252.126016,217.941983,176.09429,170.33731,170.276294,171.990283,191.58803,217.352796
feature:chang2,2,2,2,2,2,1,0,0,1,3,2,0,1,0,1,0,0,1,131.88901,0,0,131.88901,1,1,1,NONE,NONE,Accented,2,3,2,4,3,4,0.375,2
f0:221.0672275,216.652126667,212.042205,207.73960625,195.464321111,176.15969125,177.16644,189.3724125,225.047433333,250.91026875
feature:qi1,2,2,2,1,2,4,0,0,0,2,3,0,0,3,2,1,0,0,134.88901,131.88901,131.88901,134.88901,1,1,1,Accented,NONE,NONE,3,2,3,3,4,3,0.5,1
f0:259.399721667,270.070088333,281.66543,293.260778333,305.947928571,314.197123333,315.02232,316.609486667,321.369998333,320.58551
feature:gong4,2,2,2,4,1,2,0,1,0,1,4,1,0,2,0,0,1,0,0,134.88901,134.88901,0,1,1,3,NONE,Accented,NONE,4,1,4,2,5,2,0.625,4
f0:321.82909,342.309773333,357.10173,355.564393333,340.851596667,317.55169,280.841531667,243.45298,211.196585,193.864991667
feature:cun2,2,2,2,2,4,4,0,1,0,0,5,1,0,1,1,0,0,0,0,0,0,0,3,1,1,NONE,NONE,NONE,5,0,5,1,6,1,0.75,2
f0:188.598926364,194.054307,198.114996364,178.893824,165.27512,165.187206,167.535985455,179.092183,202.665408182,238.418959
feature:hu4,2,2,2,4,2,1,0,0,3,3,0,0,3,0,2,0,0,1,128.33299,0,0,128.33299,1,3,1,NONE,NONE,Accented,0,3,0,4,1,4,0.167,4
f0:61.0819,61.6088666667,69.8049814286,177.635598333,327.941415,346.367256667,324.361351667,289.130088571,250.555338333,226.333058333
feature:xiang1,2,2,2,1,4,1,0,0,2,2,1,0,2,0,3,1,0,1,131.88849,128.33299,128.33299,131.88849,1,1,1,Accented,NONE,Accented,1,2,1,3,2,3,0.333,1
f0:219.362795714,241.83752,271.624071429,290.756255,288.166604286,285.471662857,285.54928,287.600591429,286.95350375,283.444682857
feature:jian1,2,2,2,1,1,1,0,1,1,1,2,1,1,0,0,1,1,1,131,131.88849,131.88849,131,1,1,3,Accented,Accented,Accented,2,1,2,2,3,2,0.5,1
f0:283.510795714,289.665085,296.992928571,299.868543333,296.846117143,295.020142857,293.067988333,289.180502857,289.948853333,290.414154286
feature:du1,2,2,2,1,1,1,0,2,0,0,3,2,0,0,0,1,1,1,129.556,131,131,130.66701,3,1,1,Accented,Accented,Accented,3,0,3,1,4,1,0.667,1
f0:303.571281429,309.719322857,295.453517143,289.597778571,286.852831429,286.147196667,286.236804286,287.68165,289.58615,287.724412857
feature:gan1,2,2,2,1,1,3,0,0,1,3,0,0,1,1,0,1,1,0,128.66701,130.66701,129.556,128.66701,1,3,1,Accented,Accented,NONE,0,3,0,4,1,4,0.167,1
f0:367.972002857,367.97202,367.97202,362.633858571,348.56720375,349.8247525,353.046867143,352.311878571,357.10197125,346.046091429
feature:dan3,2,2,2,3,1,1,0,0,1,2,1,0,1,0,0,0,1,1,123.88901,128.66701,128.66701,123.88901,1,1,1,NONE,Accented,Accented,1,2,1,3,2,3,0.333,3
f0:335.45335,334.24459,326.115892,275.33341,225.546002,194.163,170.767802,153.061884,135.39432,123.425784
feature:xiang1,2,2,2,1,3,4,0,0,0,1,2,0,0,6,1,1,0,0,126.889,123.88901,123.88901,126.889,1,1,3,Accented,NONE,NONE,2,1,2,2,3,2,0.5,1
f0:122.35991875,153.95019375,192.95649125,230.6540075,267.28567875,281.23817875,279.32145125,281.18779375,287.90798875,291.95165625
feature:zhao4,2,2,2,4,1,2,0,1,0,0,3,1,0,5,0,0,1,0,0,126.889,126.889,0,3,1,1,NONE,Accented,NONE,3,0,3,1,4,1,0.667,4
f0:301.631357143,305.98947375,278.512085714,224.333855714,177.998155,155.638065,141.631457143,141.011397143,141.08701,141.08701
feature:rong2,2,2,2,2,4,2,0,0,2,6,0,0,2,4,1,0,0,0,0,0,0,0,1,3,1,NONE,NONE,NONE,0,6,0,7,1,7,0.111,2
f0:194.25,193.164676667,192.025031429,193.56505,191.362451429,192.558396667,207.11337,239.376401429,274.933488333,308.284571429
feature:ru2,2,2,2,2,2,3,0,0,2,5,1,0,2,3,2,0,0,0,0,0,0,0,1,1,1,NONE,NONE,NONE,1,5,1,6,2,6,0.222,2
f0:317.12419,303.541111667,298.425072,283.34994,250.775455,231.761556667,235.222168333,250.882342,264.653671667,268.05677
feature:yu3,2,2,2,3,2,4,0,0,2,4,2,0,2,2,3,0,0,0,0,0,0,0,1,1,1,NONE,NONE,NONE,2,4,2,5,3,5,0.333,3
f0:257.713996,241.732648333,232.466044,218.924565,200.167356,181.006272,158.451301667,142.903336,138.200176667,139.49263
feature:gong4,2,2,2,4,3,5,0,0,2,3,3,0,2,1,4,0,0,0,0,0,0,0,1,1,1,NONE,NONE,NONE,3,3,3,4,4,4,0.444,4
f0:164.902386667,216.017158571,267.746235,306.238616667,324.412607143,322.755553333,299.500648333,265.027645,221.207085714,183.204806667
feature:de5,2,2,2,5,4,1,0,0,2,2,4,0,2,0,5,0,0,1,117.667,0,0,117.667,1,1,1,NONE,NONE,Accented,4,2,4,3,5,3,0.556,5
f0:163.187823333,159.528233333,155.883626667,148.548023333,141.995675,139.180373333,139.684636667,142.205166667,144.98056,147.373023333
feature:fang1,2,2,2,1,5,1,0,0,1,1,5,0,1,0,6,1,0,1,121.2225,117.667,117.667,121.2225,1,1,4,Accented,NONE,Accented,5,1,5,2,6,2,0.667,1
f0:156.777158333,177.383675714,203.183556667,215.405391429,213.368906667,210.620935,208.915521429,208.945196667,210.960632857,211.645836667
feature:zhen1,2,2,0,1,1,0,0,1,0,0,6,1,0,0,0,1,1,0,119.778,121.2225,121.2225,0,4,1,0,Accented,Accented,0,6,0,6,1,7,1,0.778,1
f0:217.541775,235.65793375,228.541854286,218.36046375,216.75311625,217.1682625,216.666295,216.864041429,220.11780625,229.08520625
