feature:ta1,2,0,2,1,0,1,0,0,2,6,0,0,2,0,0,1,0,1,137.75,134.375,0,137.75,1,0,1,Accented,0,Accented,0,6,0,7,1,7,0.111,1
f0:289.49701,289.49701,289.49701,287.688455,277.1715325,263.079635,246.7253325,240.737255,240.62832,244.240595
feature:yao1,2,2,2,1,1,2,0,0,1,5,1,0,1,1,0,1,1,0,136.125,137.75,137.75,136.125,1,1,1,Accented,Accented,NONE,1,5,1,6,2,6,0.222,1
f0:249.52276,255.500782,265.041771667,265.672276,259.387858,258.837322,259.570916,263.44963,267.444676,267.975718
feature:qiu2,2,2,2,2,1,1,0,1,1,4,2,1,1,0,0,0,1,1,130.625,136.125,136.125,130.625,1,1,1,NONE,Accented,Accented,2,4,2,5,3,5,0.333,2
f0:264.151129,257.8955,250.481033,217.141183333,180.746046,174.751927,178.105624444,183.26317,188.186758889,192.321988
feature:ban1,2,2,2,1,2,5,0,1,0,3,3,1,0,4,1,1,0,0,133.625,130.625,130.625,133.625,1,1,1,Accented,NONE,NONE,3,3,3,4,4,4,0.444,1
f0:200.013175714,227.106211429,262.348411429,294.523441429,306.321115714,310.326795714,314.177035714,314.263578571,313.109135714,309.023987143
feature:zi5,2,2,2,5,1,2,0,2,0,2,4,2,0,3,0,0,1,0,0,133.625,133.625,0,1,1,1,NONE,Accented,NONE,4,2,4,3,5,3,0.556,5
f0:301.4882275,300.9942575,299.7758,287.5543975,258.49228,231.2907775,207.32485,191.16711,186.1729475,185.771515
feature:cheng2,2,2,2,2,5,2,0,2,0,1,5,2,0,2,1,0,0,0,0,0,0,0,1,1,3,NONE,NONE,NONE,5,1,5,2,6,2,0.667,2
f0:186.322236667,187.202876667,188.083516667,188.617673333,184.233045714,179.743968333,185.285171667,200.391143333,217.298151667,225.712741667
feature:yuan2,2,2,2,2,2,4,0,2,0,0,6,2,0,1,2,0,0,0,0,0,0,0,3,1,1,NONE,NONE,NONE,6,0,6,1,7,1,0.778,2
f0:225.533401111,210.800881,176.621357778,155.463504444,153.26293,155.370297778,159.269164444,165.197541111,192.476061,230.605348889
feature:ji4,2,2,2,4,2,1,0,0,1,3,0,0,1,0,3,0,0,1,124.375,0,0,124.375,1,3,1,NONE,NONE,Accented,0,3,0,4,1,2,0.25,4
f0:356.605996,356.60599,354.708278,345.304608,339.880254,332.28509,319.22433,300.429618,286.568604,293.360466
feature:zhua1,2,2,1,1,4,4,0,0,0,2,1,0,0,3,4,1,0,0,127.375,124.375,124.375,0,1,1,1,Accented,NONE,NONE,1,2,1,3,2,1,0.5,1
f0:312.501824,319.388398,316.769898333,315.389222,314.644816,314.476166,314.90938,314.421303333,299.13825,285.363406
feature:an4,1,2,2,4,1,5,0,1,0,1,2,1,0,2,0,0,1,0,0,0,127.375,0,1,1,3,NONE,Accented,NONE,2,1,2,2,1,2,0.25,4
f0:347.374085,362.550378333,365.203378333,350.093261667,315.964118333,267.037718333,222.750393333,194.713556667,182.241461667,178.68968
feature:zi5,2,1,2,5,4,4,0,1,0,0,3,1,0,1,1,0,0,0,0,0,0,0,3,1,1,NONE,NONE,NONE,3,0,3,1,2,1,0.5,5
f0:180.83907375,193.591878571,203.53878375,185.606545714,174.31107875,157.997902857,145.26013625,122.3689,178.84476125,261.470122857
feature:you4,2,2,2,4,5,1,0,0,1,3,0,0,1,0,2,0,0,1,120,0,0,120,1,3,1,NONE,NONE,Accented,0,3,0,4,1,4,0.167,4
f0:312.188672,323.66433,337.82939,339.696812,332.925098,315.481554,289.262286,267.79421,248.742918,220.036216
feature:zhua1,2,2,2,1,4,3,0,0,0,2,1,0,0,2,3,1,0,0,123,120,120,123,1,1,1,Accented,NONE,NONE,1,2,1,3,2,3,0.333,1
f0:212.865766667,241.216998,277.134496667,293.879304,298.253786667,303.133698333,308.993604,316.653893333,320.34696,313.63361
feature:nao3,2,2,2,3,1,5,0,1,0,1,2,1,0,1,0,0,1,0,0,123,123,0,1,1,4,NONE,Accented,NONE,2,1,2,2,3,2,0.5,3
f0:298.055755714,283.285416667,266.686995714,228.348371429,183.784195714,144.639726667,111.388782857,100.289105714,107.501951667,121.536674286
feature:zi5,2,2,0,5,3,0,0,1,0,0,3,1,0,0,1,0,0,0,110,0,0,0,4,1,0,NONE,NONE,0,3,0,3,1,4,1,0.667,5
f0:133.190133333,147.877278333,162.135103333,167.122745,165.49668,166.05254,170.859616667,176.864153333,181.517451667,184.183515
