feature:jiu4,2,0,2,4,0,1,0,0,4,13,0,0,4,0,0,0,0,1,133.065,0,0,133.065,1,0,1,NONE,0,Accented,0,13,0,14,1,14,0.063,4
f0:354.92401,358.53929,364.0223375,353.374432857,329.06855625,306.24958,290.623997143,280.11040875,273.282047143,274.1575775
feature:yang1,2,2,2,1,4,4,0,0,3,12,1,0,3,4,1,1,0,0,136.065,133.065,133.065,136.065,1,1,1,Accented,NONE,NONE,1,12,1,13,2,13,0.125,1
f0:277.168128333,290.686743333,325.221871667,342.469338333,344.734084286,348.633363333,348.544841667,347.602165,351.05631,354.339793333
feature:shi4,2,2,2,4,1,4,0,1,3,11,2,1,3,3,0,0,1,0,0,136.065,136.065,0,1,1,1,NONE,Accented,NONE,2,11,2,12,3,12,0.188,4
f0:341.71429,331.08598,334.850668571,339.1610525,342.0199825,316.80474375,264.00350875,229.087277143,212.2134175,210.65897
feature:zheng4,2,2,2,4,4,4,0,1,3,10,3,1,3,2,1,0,0,0,0,0,0,0,1,1,1,NONE,NONE,NONE,3,10,3,11,4,11,0.25,4
f0:233.44093,278.76591,297.85201,295.863904,285.654836667,263.525866,241.317344,225.928144,216.160395,213.442262
feature:zai4,2,2,2,4,4,2,0,1,3,9,4,1,3,1,2,0,0,0,0,0,0,0,1,1,1,NONE,NONE,NONE,4,9,4,10,5,10,0.313,4
f0:216.548455,228.680126667,229.764348333,217.904241667,203.664445,195.248438,187.60953,178.637306667,175.320908333,176.397621667
feature:chou2,2,2,2,2,4,1,0,1,3,8,5,1,3,0,3,0,0,1,126.61301,0,0,126.61301,1,1,1,NONE,NONE,Accented,5,8,5,9,6,9,0.375,2
f0:195.50513,205.230485,209.63428,214.038073333,218.03199,211.037615714,187.456668333,189.236602857,192.827918333,196.897675714
feature:pai1,2,2,2,1,2,4,0,1,2,7,6,1,2,1,4,1,0,0,129.61301,126.61301,126.61301,129.61301,1,1,1,Accented,NONE,NONE,6,7,6,8,7,8,0.438,1
f0:197.662551111,211.298501111,234.08461,267.328223333,284.481736667,279.011908889,277.481706667,278.492705556,282.5105,282.764225556
feature:she4,2,2,2,4,1,1,0,2,2,6,7,2,2,0,0,0,1,1,124.032,129.61301,129.61301,124.032,1,1,1,NONE,Accented,Accented,7,6,7,7,8,7,0.5,4
f0:287.47545625,305.5065,324.8720325,344.237575714,361.653235,364.83207,348.25684125,313.134865714,268.29445625,222.000081429
feature:diao1,2,2,2,1,4,1,0,2,1,5,8,2,1,0,1,1,0,1,127.38699,124.032,124.032,127.38699,1,1,1,Accented,NONE,Accented,8,5,8,6,9,6,0.563,1
f0:201.818625714,231.414506667,262.022021429,276.543478333,283.565648571,281.846465,279.015574286,278.911028333,285.845955714,291.70385
feature:ying1,2,2,2,1,1,2,0,3,0,4,9,3,0,4,0,1,1,0,125.742,127.38699,127.38699,125.742,1,1,1,Accented,Accented,NONE,9,4,9,5,10,5,0.625,1
f0:292.575798,294.745393333,307.804792,324.401166,335.36319,345.738524,349.404084,352.242426,356.518556667,350.862208
feature:xiong2,2,2,2,2,1,4,0,4,0,3,10,4,0,3,0,0,1,0,0,125.742,125.742,0,1,1,1,NONE,Accented,NONE,10,3,10,4,11,4,0.688,2
f0:328.251501429,299.913742857,271.95973,244.196115714,220.316192857,188.504472857,176.001608571,182.567126667,202.516311429,229.759681429
feature:chuan4,2,2,2,4,2,2,0,4,0,2,11,4,0,2,1,0,0,0,0,0,0,0,1,1,1,NONE,NONE,NONE,11,2,11,3,12,3,0.75,4
f0:260.804955,293.99866,322.714778333,337.545893333,338.68945,325.327742,303.516923333,270.108166667,230.738628,197.994288333
feature:yi2,2,2,2,2,4,4,0,4,0,1,12,4,0,1,2,0,0,0,0,0,0,0,1,1,4,NONE,NONE,NONE,12,1,12,2,13,2,0.813,2
f0:170.351182,158.999284,145.815732,135.92038,133.827414,133.95584,135.145176,137.643892,142.602476,150.906664
feature:shi4,2,2,0,4,2,0,0,4,0,0,13,4,0,0,3,0,0,0,110,0,0,0,4,1,0,NONE,NONE,0,13,0,13,1,14,1,0.875,4
f0:161.29080875,173.710634444,186.125415,197.69528875,204.052038889,188.17072625,201.445235,237.09322875,244.183223333,245.11562625
