feature:yi3,2,0,2,3,0,2,0,0,2,16,0,0,2,10,0,0,0,0,0,0,0,0,1,0,1,NONE,0,NONE,0,16,0,17,1,10,0.083,3
f0:238.256005,238.127005,237.034784,235.310795,234.70752,232.673655,229.6572775,227.4274,224.8993825,218.91863
feature:mi2,2,2,2,2,3,3,0,0,2,15,1,0,2,9,1,0,0,0,0,0,0,0,1,1,1,NONE,NONE,NONE,1,15,1,16,2,9,0.167,2
f0:214.749184,216.84877,218.166858333,218.379624,220.069438,228.507468,244.565444,266.676758333,284.662564,297.78885
feature:bu3,2,2,2,3,2,4,0,0,2,14,2,0,2,8,2,0,0,0,0,0,0,0,1,1,1,NONE,NONE,NONE,2,14,2,15,3,8,0.25,3
f0:315.777026667,308.605284444,244.632041111,191.255346667,179.157675556,176.585377778,172.227854444,166.11083,145.650286667,179.906683333
feature:mu4,2,2,2,4,3,2,0,0,2,13,3,0,2,7,3,0,0,0,0,0,0,0,1,1,1,NONE,NONE,NONE,3,13,3,14,4,7,0.333,4
f0:228.361518,269.586246,307.779153333,327.041808,332.483392,329.216804,316.247036,289.420486667,259.529324,235.897426
feature:cai2,2,2,2,2,4,4,0,0,2,12,4,0,2,6,4,0,0,0,0,0,0,0,1,1,1,NONE,NONE,NONE,4,12,4,13,5,6,0.417,2
f0:223.98329,217.668758889,211.4279825,205.5749125,194.523887778,180.23489875,174.83444125,177.8195725,184.006456667,200.18122875
feature:xian4,2,2,1,4,2,2,0,0,2,11,5,0,2,5,5,0,0,0,0,0,0,0,1,1,1,NONE,NONE,NONE,5,11,5,12,6,5,0.5,4
f0:227.077321,256.948856667,292.238211,327.528574444,353.392604,352.746243333,319.806689,260.913502222,220.118375,196.400897778
feature:e2,1,2,2,2,4,3,0,0,2,10,6,0,2,4,6,0,0,0,0,0,0,0,1,1,1,NONE,NONE,NONE,6,10,6,11,7,4,0.583,2
f0:181.1790175,172.970875,167.8637325,167.27759,171.88324,182.556215,198.7551425,219.0709725,237.4835875,241.6767975
feature:kan3,2,1,2,3,2,2,0,0,2,9,7,0,2,3,7,0,0,0,0,0,0,0,1,1,1,NONE,NONE,NONE,7,9,7,10,8,3,0.667,3
f0:239.843167143,235.885754286,232.185626667,228.637678571,226.330592857,207.338412857,153.617648571,134.754833333,138.171282857,152.996554286
feature:fa2,2,2,2,2,3,4,0,0,2,8,8,0,2,2,8,0,0,0,0,0,0,0,1,1,1,NONE,NONE,NONE,8,8,8,9,9,2,0.75,2
f0:176.653661667,181.101482,176.18547,169.954266,145.433163333,135.382038,141.559378333,155.641802,171.75985,190.683276
feature:hou4,2,2,2,4,2,3,0,0,2,7,9,0,2,1,9,0,0,0,0,0,0,0,1,1,1,NONE,NONE,NONE,9,7,9,8,10,1,0.833,4
f0:183.841064286,138.643735714,136.680274286,268.903337143,302.305734286,277.455432857,237.27917,199.201085714,171.448291429,164.103105714
feature:chan3,2,2,2,3,4,1,0,0,2,6,10,0,2,0,10,0,0,1,122.778,0,0,122.778,1,1,1,NONE,NONE,Accented,10,6,10,7,1,7,0.111,3
f0:189.292012,189.29201,189.29201,189.29201,189.29201,188.5483,180.266436,155.444856,138.469326,121.779174
feature:sheng1,2,2,2,1,3,5,0,0,1,5,11,0,1,3,11,1,0,0,125.778,122.778,122.778,125.778,1,1,1,Accented,NONE,NONE,11,5,11,6,2,6,0.222,1
f0:105.141947143,91.7863142857,116.25505,156.477425714,197.12962375,208.870631429,202.57016,200.833352857,203.917151429,202.366774286
feature:de5,2,2,2,5,1,2,0,1,1,4,12,1,1,2,0,0,1,0,0,125.778,125.778,0,1,1,1,NONE,Accented,NONE,12,4,12,5,3,5,0.333,5
f0:197.89466,193.656914,191.1363725,184.067434,171.492054,154.306394,144.130504,147.52612,158.546764,162.984726
feature:cai2,2,2,2,2,5,4,0,1,1,3,13,1,1,1,1,0,0,0,0,0,0,0,1,1,1,NONE,NONE,NONE,13,3,13,4,4,4,0.444,2
f0:165.724385714,169.28594,172.847498571,176.135087143,179.6909375,181.5108,172.681775714,159.508137143,161.06499875,177.834141429
feature:zheng4,2,2,2,4,2,1,0,1,1,2,14,1,1,0,2,0,0,1,118.333,0,0,118.333,1,1,1,NONE,NONE,Accented,14,2,14,3,5,3,0.556,4
f0:197.445558333,220.559828,260.57043,270.756925,253.870873333,230.403862,205.402795,181.391481667,165.672686,167.31606
feature:kui1,2,2,2,1,4,4,0,1,0,1,15,1,0,1,3,1,0,0,121.333,118.333,118.333,121.333,1,1,4,Accented,NONE,NONE,15,1,15,2,6,2,0.667,1
f0:218.486358333,300.565713333,325.680388333,309.570836667,288.598865,284.36729,286.170676667,287.757513333,289.853211667,289.765553333
feature:kong4,2,2,0,4,1,0,0,2,0,0,16,2,0,0,0,0,1,0,110,121.333,121.333,0,4,1,0,NONE,Accented,0,16,0,16,1,7,1,0.778,4
f0:286.98204,285.943595,284.677181111,283.91504375,263.63679625,199.1894075,145.41186125,95.4747088889,68.68804875,65.855745
