feature:zhe4,2,0,2,4,0,1,0,0,2,12,0,0,2,0,0,0,0,1,132.931,0,0,132.931,1,0,1,NONE,0,Accented,0,12,0,13,1,13,0.067,4
f0:403.2070075,403.20703,401.11496,392.049455,386.88878,379.5888475,368.42386,352.500972,337.1303575,325.4564575
feature:jiang1,2,2,2,1,4,2,0,0,1,11,1,0,1,7,1,1,0,0,135.931,132.931,132.931,135.931,1,1,1,Accented,NONE,NONE,1,11,1,12,2,12,0.133,1
f0:321.438736,322.278638,324.00568,329.05285,334.96107,336.866522,337.803602,338.891444,340.616862,340.66827
feature:sheng2,2,2,2,2,1,3,0,1,1,10,2,1,1,6,0,0,1,0,0,135.931,135.931,0,1,1,1,NONE,Accented,NONE,2,10,2,11,3,11,0.2,2
f0:325.088107778,294.786342222,262.533967778,227.634871111,194.266825556,182.845375556,180.934867778,192.878632222,223.340931111,242.882671111
feature:dang3,2,2,2,3,2,4,0,1,1,9,3,1,1,5,1,0,0,0,0,0,0,0,1,1,1,NONE,NONE,NONE,3,9,3,10,4,10,0.267,3
f0:228.471304286,235.41397,238.323463333,212.371821429,181.989317143,158.554045714,146.12666,140.279888333,145.008574286,165.468897143
feature:zheng4,2,2,2,4,3,2,0,1,1,8,4,1,1,4,2,0,0,0,0,0,0,0,1,1,1,NONE,NONE,NONE,4,8,4,9,5,9,0.333,4
f0:190.327258,221.72076,256.286712,280.522358,283.124348333,276.300164,261.955038,244.90479,229.67538,213.80949
feature:ling2,2,2,2,2,4,3,0,1,1,7,5,1,1,3,3,0,0,0,0,0,0,0,1,1,1,NONE,NONE,NONE,5,7,5,8,6,8,0.4,2
f0:199.617561667,183.54716,173.95648,170.942456667,174.085393333,184.752138,211.316531667,254.183078333,283.668503333,281.632051667
feature:dao3,2,2,2,3,2,4,0,1,1,6,6,1,1,2,4,0,0,0,0,0,0,0,1,1,1,NONE,NONE,NONE,6,6,6,7,7,7,0.467,3
f0:264.522908571,256.362392857,211.73146,172.648944286,149.588664286,141.132928333,140.551165714,137.343298571,123.118247143,105.503542857
feature:luo4,2,2,2,4,3,2,0,1,1,5,7,1,1,1,5,0,0,0,0,0,0,0,1,1,1,NONE,NONE,NONE,7,5,7,6,8,6,0.533,4
f0:87.738905,124.19789,254.354855714,310.883498333,330.400806667,326.537256667,309.059056667,267.30041,214.819973333,194.28067
feature:shi2,2,2,2,2,4,1,0,1,1,4,8,1,1,0,6,0,0,1,121.897,0,0,121.897,1,1,1,NONE,NONE,Accented,8,4,8,5,9,5,0.6,2
f0:187.531842857,183.054036667,186.2171,191.327145714,196.44734,200.204525,196.580388571,190.699517143,194.825668333,196.373581429
feature:zhua1,2,2,2,1,2,2,0,1,0,3,9,1,0,3,7,1,0,0,124.897,121.897,121.897,124.897,1,1,1,Accented,NONE,NONE,9,3,9,4,10,4,0.667,1
f0:201.667771667,242.565211429,277.436751667,282.181488333,281.034558571,275.253348333,272.711766667,273.886978333,278.412222857,276.909815
feature:yi2,2,2,2,2,1,4,0,2,0,2,10,2,0,2,0,0,1,0,0,124.897,124.897,0,1,1,1,NONE,Accented,NONE,10,2,10,3,11,3,0.733,2
f0:256.134148333,230.854038,225.759175,221.800664,204.04161,185.756598,186.155191667,190.943254,196.378953333,203.685076
feature:ge4,2,2,2,4,2,4,0,2,0,1,11,2,0,1,1,0,0,0,0,0,0,0,1,1,4,NONE,NONE,NONE,11,1,11,2,12,2,0.8,4
f0:226.384286667,251.73059,276.6901325,285.68785,285.950186667,285.626433333,283.353696667,274.6092375,261.385623333,250.564556667
feature:xian4,2,2,0,4,4,0,0,2,0,0,12,2,0,0,2,0,0,0,110,0,0,0,4,1,0,NONE,NONE,0,12,0,12,1,13,1,0.867,4
f0:245.200638889,255.17923,269.602614444,281.889204444,273.124862222,230.90756625,163.987668889,96.8599255556,90.5447011111,95.4753133333
