feature:yin4,2,0,2,4,0,1,0,0,8,17,0,0,8,0,0,0,0,1,133.46201,130,0,133.46201,1,0,1,NONE,0,Accented,0,17,0,18,1,8,0.1,4
f0:355.753002,355.744048,353.565618,350.07583,348.701632,341.88756,321.52086,297.204486,278.332166,264.605748
feature:shua1,2,2,2,1,4,3,0,0,7,16,1,0,7,2,1,1,0,0,136.46201,133.46201,133.46201,136.46201,1,1,1,Accented,NONE,NONE,1,16,1,17,2,7,0.2,1
f0:259.740178333,271.66925,294.85775,317.68906,328.019475,324.956623333,318.645148333,319.04855,325.42648,324.588513333
feature:qi3,2,2,2,3,1,4,0,1,7,15,2,1,7,1,0,0,1,0,0,136.46201,136.46201,0,1,1,1,NONE,Accented,NONE,2,15,2,16,3,6,0.3,3
f0:307.471211667,286.750495,266.050165,245.349846667,222.579508571,200.526698333,180.324533333,149.994995,123.768991667,118.371845
feature:ye4,2,2,2,4,3,1,0,1,7,14,3,1,7,0,1,0,0,1,130.38499,0,0,130.38499,1,1,1,NONE,NONE,Accented,3,14,3,15,4,5,0.4,4
f0:135.95235,166.82656625,187.68485,190.750277143,178.89689,167.63747625,160.212764286,162.206161429,171.99849,182.952371429
feature:jie1,2,2,2,1,4,4,0,1,6,13,4,1,6,2,2,1,0,0,133.38499,130.38499,130.38499,133.38499,1,1,1,Accented,NONE,NONE,4,13,4,14,5,4,0.5,1
f0:194.364178,213.724464,231.708446,247.859184,264.056102,278.21018,285.515252,291.407818,295.755462,296.847034
feature:shou4,2,2,2,4,1,3,0,2,6,12,5,2,6,1,0,0,1,0,0,133.38499,133.38499,0,1,1,1,NONE,Accented,NONE,5,12,5,13,6,3,0.6,4
f0:291.859731667,285.213285,289.570997143,297.741051667,301.023391667,286.98463,243.595756667,204.621137143,184.872403333,172.09965
feature:wei3,2,2,2,3,4,1,0,2,6,11,6,2,6,0,1,0,0,1,127.308,0,0,127.308,1,1,1,NONE,NONE,Accented,6,11,6,12,7,2,0.7,3
f0:164.025523333,156.591755,152.179001429,159.742433333,159.960995,150.840191667,136.680086667,101.644391429,72.9510783333,77.4005833333
feature:tuo1,2,2,2,1,3,4,0,2,5,10,7,2,5,1,2,1,0,0,130.308,127.308,127.308,0,1,1,1,Accented,NONE,NONE,7,10,7,11,8,1,0.8,1
f0:108.099389,150.185704444,192.27203,227.717426667,228.233041,222.844125,222.670308889,222.269073,224.613581111,259.432088
feature:yin4,2,2,2,4,1,1,0,3,5,9,8,3,5,0,0,0,1,1,125.256,0,130.308,125.256,1,1,1,NONE,Accented,Accented,8,9,8,10,1,10,0.083,4
f0:286.586171667,291.445408,303.631866667,308.02126,307.429938333,295.015594,267.661885,244.21315,221.359851667,209.908822
feature:shua1,2,2,2,1,4,1,0,3,4,8,9,3,4,0,1,1,0,1,128.7435,125.256,125.256,128.7435,1,1,1,Accented,NONE,Accented,9,8,9,9,2,9,0.167,1
f0:210.80462875,227.374081429,249.5465825,273.088415,284.09069875,281.913498571,277.09490875,272.2633575,271.531734286,268.01568375
feature:bao1,2,2,2,1,1,1,0,4,3,7,10,4,3,0,0,1,1,1,127.718,128.7435,128.7435,127.718,1,1,1,Accented,Accented,Accented,10,7,10,8,3,8,0.25,1
f0:254.868178571,269.21709,293.060015714,302.520395,294.920731429,289.867456667,288.013884286,287.511698333,285.793325714,268.652121667
feature:zhuang1,2,2,2,1,1,1,0,5,2,6,11,5,2,0,0,1,1,1,126.692,127.718,127.718,126.692,1,1,1,Accented,Accented,Accented,11,6,11,7,4,7,0.333,1
f0:249.02990375,273.412353333,292.49836,287.559256667,279.35624625,277.5040975,276.083334444,274.23564625,275.571336667,271.923235
feature:zhuang1,2,2,2,1,1,2,0,6,1,5,12,6,1,2,0,1,1,0,125.179,126.692,126.692,125.179,1,1,1,Accented,Accented,NONE,12,5,12,6,5,6,0.417,1
f0:236.108454286,235.378988571,278.49750125,323.51737,333.976325714,332.246587143,331.680211429,333.32495,336.358372857,329.199615714
feature:huang2,2,2,2,2,1,4,0,7,1,4,13,7,1,1,0,0,1,0,0,125.179,125.179,0,1,1,1,NONE,Accented,NONE,13,4,13,5,6,5,0.5,2
f0:280.567745,224.180378571,205.814445,187.931211429,169.23908625,147.53301,144.801725714,152.8833625,160.998494286,175.98606125
feature:yin4,2,2,2,4,2,1,0,7,1,3,14,7,1,0,1,0,0,1,119.103,0,0,119.103,1,1,1,NONE,NONE,Accented,14,3,14,4,7,4,0.583,4
f0:197.488586,211.104618,223.270274,243.52316,256.640872,258.35515,252.693184,236.575572,224.574354,210.269706
feature:shua1,2,2,2,1,4,3,0,7,0,2,15,7,0,2,2,1,0,0,122.103,119.103,119.103,122.103,1,1,1,Accented,NONE,NONE,15,2,15,3,8,3,0.667,1
f0:204.534951429,219.909251667,245.887182857,274.298485714,298.469527143,302.616511667,297.596485714,296.243922857,302.27804,304.38848
feature:pin3,2,2,2,3,1,5,0,8,0,1,16,8,0,1,0,0,1,0,0,122.103,122.103,0,1,1,4,NONE,Accented,NONE,16,1,16,2,9,2,0.75,3
f0:289.92964,265.72471,241.478281429,217.23186125,195.113168571,173.210962857,139.1031375,196.628385714,205.04810125,199.885225714
feature:de5,2,2,0,5,3,0,0,8,0,0,17,8,0,0,1,0,0,0,110,0,0,0,4,1,0,NONE,NONE,0,17,0,17,1,10,1,0.833,5
f0:199.87169,181.588846,150.048176667,144.371983333,147.39716,151.731188,152.700821667,151.727988333,145.12604,139.171916667
