feature:ta1,2,0,2,1,0,3,0,0,2,12,0,0,2,3,0,1,0,0,137.565,134.565,0,137.565,1,0,1,Accented,0,NONE,0,12,0,13,1,13,0.067,1
f0:352.367012,352.36703,352.36703,351.753645,348.523186,348.187756,350.9888575,352.976636,352.49045,339.127606
feature:ba3,2,2,2,3,1,4,0,0,2,11,1,0,2,2,0,0,1,0,0,137.565,137.565,0,1,1,1,NONE,Accented,NONE,1,11,1,12,2,12,0.133,3
f0:310.400398,307.659928,304.55408,279.650228,231.115653333,201.602722,180.253064,153.177768,146.210852,150.969038
feature:zi4,2,2,2,4,3,3,0,0,2,10,2,0,2,1,1,0,0,0,0,0,0,0,1,1,1,NONE,NONE,NONE,2,10,2,11,3,11,0.2,4
f0:181.92642,208.579662,228.122703333,248.711822,257.658478333,256.170364,244.63056,228.534266,204.604538333,197.050194
feature:ji3,2,2,2,3,4,1,0,0,2,9,3,0,2,0,2,0,0,1,131.08701,0,0,131.08701,1,1,1,NONE,NONE,Accented,3,9,3,10,4,10,0.267,3
f0:199.639032857,206.002368333,201.871025714,189.668503333,179.560181429,170.171796667,159.733788571,155.56009,160.328371429,167.06475
feature:shuo1,2,2,2,1,3,2,0,0,1,8,4,0,1,5,3,1,0,0,134.08701,131.08701,131.08701,134.08701,1,1,1,Accented,NONE,NONE,4,8,4,9,5,9,0.333,1
f0:182.921937143,210.66554,239.639148571,268.612741667,292.631997143,290.033301429,282.000223333,287.297415714,290.762496667,285.194212857
feature:cheng2,2,2,2,2,1,4,0,1,1,7,5,1,1,4,0,0,1,0,0,134.08701,134.08701,0,1,1,1,NONE,Accented,NONE,5,7,5,8,6,8,0.4,2
f0:249.314325,235.150045,222.256607143,210.233905,202.950805,186.946818333,166.208838333,164.787891429,179.746248333,199.014138333
feature:shi4,2,2,2,4,2,5,0,1,1,6,6,1,1,3,1,0,0,0,0,0,0,0,1,1,1,NONE,NONE,NONE,6,6,6,7,7,7,0.467,4
f0:209.869176667,211.353728333,211.350043333,211.341861667,211.333562857,211.295758333,205.488541667,186.114771667,167.59949,165.18792
feature:ge5,2,2,2,5,4,4,0,1,1,5,7,1,1,2,2,0,0,0,0,0,0,0,1,1,1,NONE,NONE,NONE,7,5,7,6,8,6,0.533,5
f0:172.765056667,180.161045,180.001145714,167.677636667,162.346955,160.653641667,159.600378333,159.82348,161.648071667,178.752175
feature:wei4,2,2,2,4,5,3,0,1,1,4,8,1,1,1,3,0,0,0,0,0,0,0,1,1,1,NONE,NONE,NONE,8,4,8,5,9,5,0.6,4
f0:208.34985,234.346795,266.318404286,292.523175714,290.791905,276.72951875,255.772875714,236.71217,220.8944225,210.696981429
feature:mian3,2,2,2,3,4,1,0,1,1,3,9,1,1,0,4,0,0,1,125.87,0,0,125.87,1,1,1,NONE,NONE,Accented,9,3,9,4,10,4,0.667,3
f0:204.4009225,202.28995,203.1706525,196.3543525,178.181472222,158.582885,144.06632125,140.7503875,133.765395,142.42026125
feature:zao1,2,2,2,1,3,2,0,1,0,2,10,1,0,7,5,1,0,0,128.87,125.87,125.87,128.87,1,1,1,Accented,NONE,NONE,10,2,10,3,11,3,0.733,1
f0:174.07757,205.709761667,234.00682,257.98343,265.935755,267.281036667,268.594746667,272.746376,278.767995,272.263955
feature:ci2,2,2,2,2,1,4,0,2,0,1,11,2,0,6,0,0,1,0,0,128.87,128.87,0,1,1,3,NONE,Accented,NONE,11,1,11,2,12,2,0.8,2
f0:239.123967143,230.117807143,222.815648571,215.51349,207.6028225,199.692162857,192.905555714,188.846527143,191.053602857,199.35563
feature:tui4,2,2,1,4,2,2,0,2,0,0,12,2,0,5,1,0,0,0,0,0,0,0,3,1,1,NONE,NONE,NONE,12,0,12,1,13,1,0.867,4
f0:222.011891111,266.142585556,311.656256667,339.078685556,324.091958889,281.9652825,227.888005556,168.779417778,91.3251533333,62.4362488889
feature:er2,1,2,2,2,4,4,0,0,1,8,0,0,1,4,2,0,0,0,0,0,0,0,1,3,1,NONE,NONE,NONE,0,8,0,9,1,9,0.091,2
f0:189.907001667,190.31312,192.834871667,193.802365,193.168161667,193.152416667,196.033868333,203.364213333,219.545728333,230.42217
feature:guo4,2,1,2,4,2,4,0,0,1,7,1,0,1,3,3,0,0,0,0,0,0,0,1,1,1,NONE,NONE,NONE,1,7,1,8,2,8,0.182,4
f0:218.391,185.824398571,154.86935,197.760728571,349.8096925,355.69079,339.016201429,298.91247,240.544518571,203.40739
feature:fen4,2,2,2,4,4,4,0,0,1,6,2,0,1,2,4,0,0,0,0,0,0,0,1,1,1,NONE,NONE,NONE,2,6,2,7,3,7,0.273,4
f0:195.569595,201.833862857,213.492458333,223.284661429,223.176918333,208.8967,189.749864286,174.739731667,166.136058571,168.588121667
feature:mai4,2,2,2,4,4,4,0,0,1,5,3,0,1,1,5,0,0,0,0,0,0,0,1,1,1,NONE,NONE,NONE,3,5,3,6,4,6,0.364,4
f0:176.71088,186.709564,203.12454,213.48015,212.731846667,204.771248,190.31358,175.030182,160.661791667,152.809974
feature:li4,2,2,2,4,4,1,0,0,1,4,4,0,1,0,6,0,0,1,119.348,0,0,119.348,1,1,1,NONE,NONE,Accented,4,4,4,5,5,5,0.455,4
f0:152.246586,159.282511667,169.839604,170.230808333,163.587578,152.349786,160.110695,172.867668,183.871956667,197.493972
feature:gong1,2,2,2,1,4,4,0,0,0,3,5,0,0,3,7,1,0,0,122.348,119.348,119.348,122.348,1,1,1,Accented,NONE,NONE,5,3,5,4,6,4,0.545,1
f0:216.145864,240.257711667,260.599274,269.69752,277.95675,280.175622,281.295038,284.311594,289.519801667,288.712688
feature:zuo4,2,2,2,4,1,5,0,1,0,2,6,1,0,2,0,0,1,0,0,122.348,122.348,0,1,1,1,NONE,Accented,NONE,6,2,6,3,7,3,0.636,4
f0:284.585676,287.770152,296.1250775,300.291144,297.341382,281.39765,263.609884,238.2370425,207.722184,176.010316
feature:de5,2,2,2,5,4,2,0,1,0,1,7,1,0,1,1,0,0,0,0,0,0,0,1,1,4,NONE,NONE,NONE,7,1,7,2,8,2,0.727,5
f0:161.872723333,159.899005,159.173666667,158.139946667,152.42205,147.16574,142.530553333,136.349393333,133.8853,133.077673333
feature:ren2,2,2,0,2,5,0,0,1,0,0,8,1,0,0,2,0,0,0,110,0,0,0,4,1,0,NONE,NONE,0,8,0,8,1,9,1,0.818,2
f0:130.037734444,150.825366667,143.662976,133.938582222,130.71126,131.65777,136.19791,143.807015,153.961962222,189.64551
