feature:bing1,2,0,2,1,0,2,0,0,3,10,0,0,3,1,0,1,0,0,137.565,134.565,0,137.565,1,0,1,Accented,0,NONE,0,10,0,11,1,11,0.077,1
f0:342.00699,342.00699,342.00699,342.00699,342.04079375,343.76288875,351.083962857,356.094198571,361.711475,349.977871429
feature:cheng2,2,2,2,2,1,1,0,0,3,9,1,0,3,0,0,0,1,1,132.826,137.565,137.565,132.826,1,1,1,NONE,Accented,Accented,1,9,1,10,2,10,0.154,2
f0:319.943032857,290.56799375,261.469962857,240.02192625,191.72803,172.163512857,174.6168625,184.274075714,200.524245,219.987565714
feature:ha1,2,2,1,1,2,3,0,0,2,8,2,0,2,1,1,1,0,0,131.17401,132.826,132.826,131.17401,1,1,1,Accented,NONE,NONE,2,8,2,9,3,9,0.231,1
f0:224.883866667,233.417568333,255.092001667,277.974111667,306.015298571,321.671698333,322.357171667,316.168508333,297.308791667,268.257893333
feature:er3,1,2,2,3,1,1,0,1,2,7,3,1,2,0,0,0,1,1,131.522,131.17401,131.17401,131.522,1,1,1,NONE,Accented,Accented,3,7,3,8,4,8,0.308,3
f0:242.247053333,226.54875,210.036515,192.88303,180.19592,172.295856667,170.250443333,170.51558,172.459583333,176.33389
feature:bin1,2,1,2,1,3,4,0,1,1,6,4,1,1,4,1,1,0,0,134.522,131.522,131.522,134.522,1,1,1,Accented,NONE,NONE,4,6,4,7,5,7,0.385,1
f0:187.456333333,210.657945,242.125738333,267.425833333,276.844455,285.547792,290.065826667,292.067478333,295.459903333,301.158585
feature:shi4,2,2,2,4,1,5,0,2,1,5,5,2,1,3,0,0,1,0,0,134.522,134.522,0,1,1,1,NONE,Accented,NONE,5,5,5,6,6,6,0.462,4
f0:299.595068571,294.723168571,289.45712,284.085215714,278.224968571,269.687661429,239.805247143,218.348128333,203.500134286,197.679401429
feature:de5,2,2,2,5,4,4,0,2,1,4,6,2,1,2,1,0,0,0,0,0,0,0,1,1,1,NONE,NONE,NONE,6,4,6,5,7,5,0.538,5
f0:206.589536667,207.633076667,201.098553333,193.176975,189.368113333,188.696666667,189.392235,193.038618333,199.213148333,212.334423333
feature:shi4,2,2,2,4,5,4,0,2,1,3,7,2,1,1,2,0,0,0,0,0,0,0,1,1,1,NONE,NONE,NONE,7,3,7,4,8,4,0.615,4
f0:220.037735,235.473503333,256.063418333,276.689805,299.378828571,322.067855,342.646661667,356.414148333,356.570703333,345.541325
feature:wai4,2,2,2,4,4,1,0,2,1,2,8,2,1,0,3,0,0,1,127.174,0,0,127.174,1,1,1,NONE,NONE,Accented,8,2,8,3,9,3,0.692,4
f0:323.666368,304.096063333,301.369602,300.200836,286.212293333,265.343354,249.118056,227.64065,206.271826667,194.43634
feature:wen1,2,2,2,1,4,4,0,2,0,1,9,2,0,12,4,1,0,0,130.174,127.174,127.174,130.174,1,1,3,Accented,NONE,NONE,9,1,9,2,10,2,0.769,1
f0:187.744225,187.321353333,204.227433333,223.890876667,230.212888571,231.747995,232.735163333,236.580345,244.506696667,247.582553333
feature:du4,2,2,2,4,1,4,0,3,0,0,10,3,0,11,0,0,1,0,0,130.174,130.174,0,3,1,1,NONE,Accented,NONE,10,0,10,1,11,1,0.846,4
f0:247.117952857,257.612234286,254.776372857,223.978961429,186.958608571,168.898416667,148.775374286,140.01686,123.087548571,119.157001429
feature:zhou4,2,2,2,4,4,4,0,0,0,10,0,0,0,10,1,0,0,0,0,0,0,0,1,3,1,NONE,NONE,NONE,0,10,0,11,1,3,0.2,4
f0:388.433016,388.43301,388.43301,386.546948333,375.688682,363.195636,337.698378333,305.086686,273.305475,238.58452
feature:jiang4,2,2,2,4,4,4,0,0,0,9,1,0,0,9,2,0,0,0,0,0,0,0,1,1,1,NONE,NONE,NONE,1,9,1,10,2,2,0.4,4
f0:213.812297143,226.656703333,254.401698571,265.83287,251.425904286,224.268638571,196.466631667,182.598411429,183.141956667,188.230698571
feature:dao4,2,2,2,4,4,2,0,0,0,8,2,0,0,8,3,0,0,0,0,0,0,0,1,1,1,NONE,NONE,NONE,2,8,2,9,3,1,0.6,4
f0:195.667287143,198.136067143,189.129777143,174.80094,158.751837143,151.976363333,145.559122857,141.138054286,224.847432857,302.02945
feature:ling2,2,2,2,2,4,4,0,0,0,7,3,0,0,7,4,0,0,0,0,0,0,0,1,1,1,NONE,NONE,NONE,3,7,3,8,1,8,0.1,2
f0:81.2023,84.63505,164.4756775,195.652685714,195.936344286,190.982122857,193.286461429,209.174585,240.032132857,256.056925714
feature:xia4,2,2,2,4,2,2,0,0,0,6,4,0,0,6,5,0,0,0,0,0,0,0,1,1,1,NONE,NONE,NONE,4,6,4,7,2,7,0.2,4
f0:271.0839325,295.978503333,318.2930475,313.498453333,273.2873825,227.5639,195.274822222,171.15901875,157.615092222,177.95777625
feature:shi2,2,2,2,2,4,4,0,0,0,5,5,0,0,5,6,0,0,0,0,0,0,0,1,1,1,NONE,NONE,NONE,5,5,5,6,3,6,0.3,2
f0:198.350035,198.0572825,197.49010625,196.92292625,196.35575,195.7597075,194.26962375,195.05643375,218.35988875,253.965645
feature:she4,2,2,2,4,2,4,0,0,0,4,6,0,0,4,7,0,0,0,0,0,0,0,1,1,1,NONE,NONE,NONE,6,4,6,5,4,5,0.4,4
f0:269.425571667,289.03891,309.40683,329.774765,350.08613,363.314865,358.104858333,336.499691667,302.068938333,262.630651667
feature:shi4,2,2,2,4,4,4,0,0,0,3,7,0,0,3,8,0,0,0,0,0,0,0,1,1,1,NONE,NONE,NONE,7,3,7,4,5,4,0.5,4
f0:233.5697025,226.785272,224.2401425,221.695004,219.1498675,216.96832,214.253902,206.3579625,193.345808,181.2926025
feature:du4,2,2,2,4,4,3,0,0,0,2,8,0,0,2,9,0,0,0,0,0,0,0,1,1,1,NONE,NONE,NONE,8,2,8,3,6,3,0.6,4
f0:179.711894,195.1381625,212.611298,214.960682,210.540368,198.418905,184.101952,172.474698,165.7917275,162.043088
feature:yi3,2,2,2,3,4,4,0,0,0,1,9,0,0,1,10,0,0,0,0,0,0,0,1,1,4,NONE,NONE,NONE,9,1,9,2,7,2,0.7,3
f0:155.556434,155.2218775,157.987502,157.4065775,150.695608,141.677838,137.8658,119.764878,72.2991975,66.273636
feature:xia4,2,2,0,4,3,0,0,0,0,0,10,0,0,0,11,0,0,0,110,0,0,0,4,1,0,NONE,NONE,0,10,0,10,1,8,1,0.8,4
f0:88.18241875,131.747325556,175.557435,219.367548889,255.45004625,254.08742375,213.183983333,157.13494625,131.651081111,128.49899
