feature:ying2,2,0,2,2,0,3,0,0,0,11,0,0,0,16,0,0,0,0,0,130,0,0,1,0,1,NONE,0,NONE,0,11,0,12,1,4,0.167,2
f0:216.721473333,216.535602,216.540475,217.874336,222.262571667,242.426685,271.214596,304.69452,331.795134,349.207828333
feature:yang3,2,2,2,3,2,4,0,0,0,10,1,0,0,15,1,0,0,0,0,0,0,0,1,1,1,NONE,NONE,NONE,1,10,1,11,2,3,0.333,3
f0:354.478523333,352.41011,332.553216667,266.484538333,202.319158571,170.014648333,158.928945,152.321063333,154.175088333,166.6189
feature:bu4,2,2,2,4,3,2,0,0,0,9,2,0,0,14,2,0,0,0,0,0,0,0,1,1,1,NONE,NONE,NONE,2,9,2,10,3,2,0.5,4
f0:185.768925,201.70769,222.484695,245.008026,262.53221,265.677435,264.028564,256.1650475,243.232554,222.0913325
feature:liang2,2,2,2,2,4,3,0,0,0,8,3,0,0,13,3,0,0,0,0,0,0,0,1,1,1,NONE,NONE,NONE,3,8,3,9,4,1,0.667,2
f0:191.374512,176.014823,161.563576667,141.99726,141.8505,145.019216,149.647083,165.490185556,187.96857,202.085278
feature:ye3,2,2,2,3,2,4,0,0,0,7,4,0,0,12,4,0,0,0,0,0,0,0,1,1,1,NONE,NONE,NONE,4,7,4,8,1,4,0.167,3
f0:209.832996,211.0316575,219.514042,222.1710675,216.636902,207.1699375,199.007746,196.7585525,198.228472,200.85298
feature:hui4,2,2,2,4,3,3,0,0,0,6,5,0,0,11,5,0,0,0,0,0,0,0,1,1,1,NONE,NONE,NONE,5,6,5,7,2,3,0.333,4
f0:195.946471429,195.870546667,233.849992857,284.081752857,305.185984286,298.67278,283.584414286,267.293382857,253.98752,239.235732857
feature:dao3,2,2,2,3,4,4,0,0,0,5,6,0,0,10,6,0,0,0,0,0,0,0,1,1,1,NONE,NONE,NONE,6,5,6,6,3,2,0.5,3
f0:217.964636667,217.624628333,218.83599,215.069151667,192.41009,170.131211667,151.788931667,141.436641667,141.485096667,145.25093
feature:zhi4,2,2,2,4,3,3,0,0,0,4,7,0,0,9,7,0,0,0,0,0,0,0,1,1,1,NONE,NONE,NONE,7,4,7,5,4,1,0.667,4
f0:167.7823975,201.91655625,228.85576125,239.98885375,232.2456475,219.23221125,202.9851775,191.6269425,187.58205125,185.00425
feature:zhi3,2,2,2,3,4,5,0,0,0,3,8,0,0,8,8,0,0,0,0,0,0,0,1,1,1,NONE,NONE,NONE,8,3,8,4,1,1,0.333,3
f0:200.022993333,200.02299,199.861564286,194.615053333,174.894903333,152.038108333,133.976691667,126.501905714,112.65381,110.21601
feature:jia5,2,2,2,5,3,4,0,0,0,2,9,0,0,7,9,0,0,0,0,0,0,0,1,1,1,NONE,NONE,NONE,9,2,9,3,1,3,0.2,5
f0:217.486723333,225.421835,221.062421667,216.237595,212.540583333,209.207491667,209.872691667,212.719753333,215.900393333,216.569605
feature:bian4,2,2,2,4,5,4,0,0,0,1,10,0,0,6,10,0,0,0,0,0,0,0,1,1,3,NONE,NONE,NONE,10,1,10,2,2,2,0.4,4
f0:221.993215,248.014661429,278.87357625,310.816772857,331.04923,330.29270875,307.022837143,265.04093375,227.733427143,216.36488
feature:cui4,2,2,1,4,4,2,0,0,0,0,11,0,0,5,11,0,0,0,0,0,0,0,3,1,1,NONE,NONE,NONE,11,0,11,1,3,1,0.6,4
f0:198.685275,221.17827,266.897767,313.00875,336.709694,305.65263,242.736193636,173.474129,127.145985455,187.646353
feature:er2,1,2,2,2,4,2,0,0,0,4,0,0,0,4,12,0,0,0,0,0,0,0,1,3,1,NONE,NONE,NONE,0,4,0,5,1,5,0.143,2
f0:179.66901,176.959531667,174.023272857,172.885146667,170.823771667,169.944455,170.358405,174.270834286,179.950681667,294.913495
feature:rong2,2,1,2,2,2,4,0,0,0,3,1,0,0,3,13,0,0,0,0,0,0,0,1,1,1,NONE,NONE,NONE,1,3,1,4,2,4,0.286,2
f0:377.222603333,352.283801429,265.94681,180.101785,170.882138571,171.502325,165.791723333,163.752111667,171.040978571,192.26141
feature:yi4,2,2,2,4,2,2,0,0,0,2,2,0,0,2,14,0,0,0,0,0,0,0,1,1,1,NONE,NONE,NONE,2,2,2,3,3,3,0.429,4
f0:213.762044,227.391874,233.020938,234.86814,234.249393333,226.002402,200.85862,172.703504,157.216114,152.207422
feature:zhe2,2,2,2,2,4,4,0,0,0,1,3,0,0,1,15,0,0,0,0,0,0,0,1,1,4,NONE,NONE,NONE,3,1,3,2,4,2,0.571,2
f0:148.087844,143.968262,140.63144,138.17385,134.159366,129.295632,127.648184,129.407795,138.172978,158.631144
feature:duan4,2,2,0,4,2,0,0,0,0,0,4,0,0,0,16,0,0,0,110,0,0,0,4,1,0,NONE,NONE,0,4,0,4,1,5,1,0.714,4
f0:193.890331429,226.488701667,232.355162857,224.731528571,201.636552857,166.546011667,133.674738571,129.26533,138.920296667,139.13699
