feature:kan4,2,0,2,4,0,5,0,0,2,11,0,0,2,2,0,0,0,0,0,130,0,0,1,0,1,NONE,0,NONE,0,11,0,12,1,12,0.071,4
f0:294.38901,294.38901,294.38901,294.304658,283.302855,256.761624,237.938428333,226.652336,221.673398333,214.905424
feature:dao5,2,2,2,5,4,4,0,0,2,10,1,0,2,1,1,0,0,0,0,0,0,0,1,1,1,NONE,NONE,NONE,1,10,1,11,2,11,0.143,5
f0:211.79634,209.788958571,203.44063,196.855317143,190.96964,184.887608333,181.75645,180.876636667,184.144607143,194.713245
feature:fan4,2,2,2,4,5,1,0,0,2,9,2,0,2,0,2,0,0,1,131.58501,0,0,131.58501,1,1,1,NONE,NONE,Accented,2,9,2,10,3,10,0.214,4
f0:207.684548333,232.122975,261.558102857,289.313275,298.017111667,293.56679,274.354071667,242.48127,226.378491667,224.260365
feature:zhuo1,2,2,2,1,4,4,0,0,1,8,3,0,1,5,3,1,0,0,134.58501,131.58501,131.58501,134.58501,1,1,1,Accented,NONE,NONE,3,8,3,9,4,9,0.286,1
f0:225.424634,236.183312,262.745996,287.812212,296.062585,297.133202,299.492652,302.564012,302.667802,300.100798
feature:shang4,2,2,2,4,1,4,0,1,1,7,4,1,1,4,0,0,1,0,0,134.58501,134.58501,0,1,1,1,NONE,Accented,NONE,4,7,4,8,5,8,0.357,4
f0:287.776705,289.539403333,294.75578125,269.675228889,222.04903625,200.313115,183.728127778,174.0431075,171.833922222,176.72743
feature:bei4,2,2,2,4,4,2,0,1,1,6,5,1,1,3,1,0,0,0,0,0,0,0,1,1,1,NONE,NONE,NONE,5,6,5,7,6,7,0.429,4
f0:193.982177143,208.770407143,229.48246,229.828591429,216.865651429,205.202768333,194.896361429,188.052538571,188.130365714,193.88861
feature:tong2,2,2,2,2,4,2,0,1,1,5,6,1,1,2,2,0,0,0,0,0,0,0,1,1,1,NONE,NONE,NONE,6,5,6,6,7,6,0.5,2
f0:196.393826667,196.479905714,196.629873333,196.802674286,197.150553333,199.11282,199.242147143,202.531851667,227.309005714,253.13142
feature:xue2,2,2,2,2,2,5,0,1,1,4,7,1,1,1,3,0,0,0,0,0,0,0,1,1,1,NONE,NONE,NONE,7,4,7,5,8,5,0.571,2
f0:249.976258,242.082245,235.852484,229.622713333,223.392952,218.676556,206.332415,191.1197,187.576111667,191.24472
feature:men5,2,2,2,5,2,1,0,1,1,3,8,1,1,0,4,0,0,1,125.73199,0,0,125.73199,1,1,1,NONE,NONE,Accented,8,3,8,4,9,4,0.643,5
f0:210.256452,221.813036,226.038852,226.451448,225.339162,219.615782,210.929668,200.84114,193.05245,192.303768
feature:reng1,2,2,2,1,5,4,0,1,0,2,9,1,0,4,5,1,0,0,128.73199,125.73199,125.73199,128.73199,1,1,1,Accented,NONE,NONE,9,2,9,3,10,3,0.714,1
f0:199.070017143,208.61678,227.008487143,266.043856667,298.946685714,301.911555714,302.055155,304.83265,309.54338,308.672412857
feature:diao4,2,2,2,4,1,5,0,2,0,1,10,2,0,3,0,0,1,0,0,128.73199,128.73199,0,1,1,3,NONE,Accented,NONE,10,1,10,2,11,2,0.786,4
f0:305.191133333,313.159138333,321.795118571,307.98484,282.727121667,251.815116667,211.555358333,179.410095714,165.869623333,158.44176
feature:de5,2,2,2,5,4,3,0,2,0,0,11,2,0,2,1,0,0,0,0,0,0,0,3,1,1,NONE,NONE,NONE,11,0,11,1,12,1,0.857,5
f0:159.181025,168.837511667,165.971682,156.150911667,149.712638333,141.532501667,138.64471,142.849734,160.953903333,183.478341667
feature:you3,2,2,2,3,5,2,0,0,1,6,0,0,1,1,2,0,0,0,0,0,0,0,1,3,1,NONE,NONE,NONE,0,6,0,7,1,7,0.111,3
f0:209.368838333,212.482787143,209.659095,202.34958,193.341391667,188.985846667,184.957874286,183.511128333,180.487532857,176.090655
feature:bai2,2,2,2,2,3,1,0,0,1,5,1,0,1,0,3,0,0,1,120.854,0,0,120.854,1,1,1,NONE,NONE,Accented,1,5,1,6,2,6,0.222,2
f0:178.260846667,196.72075,207.958282857,204.151331667,200.315141667,196.974241667,195.613055,200.398742857,223.550255,251.995908333
feature:hua1,2,2,2,1,2,5,0,0,0,4,2,0,0,4,4,1,0,0,123.854,120.854,120.854,123.854,1,1,1,Accented,NONE,NONE,2,4,2,5,3,5,0.333,1
f0:263.628123333,269.25852,281.92206,301.05573,320.148248333,326.54496,325.370808333,325.128031667,326.655872,327.366348333
feature:hua5,2,2,2,5,1,5,0,1,0,3,3,1,0,3,0,0,1,0,0,123.854,123.854,0,1,1,1,NONE,Accented,NONE,3,3,3,4,4,4,0.444,5
f0:327.282235,330.227008,336.695011667,343.240413333,344.505656667,336.929712,330.451686667,327.81474,323.683106,309.249105
feature:de5,2,2,2,5,5,3,0,1,0,2,4,1,0,2,1,0,0,0,0,0,0,0,1,1,1,NONE,NONE,NONE,4,2,4,3,5,3,0.556,5
f0:278.17636,272.0303925,270.497646667,269.889046667,263.63704,250.626166667,238.958303333,231.63097,221.43798,208.835486667
feature:mi3,2,2,2,3,5,4,0,1,0,1,5,1,0,1,2,0,0,0,0,0,0,0,1,1,4,NONE,NONE,NONE,5,1,5,2,6,2,0.667,3
f0:200.665141667,194.156512,189.081238333,185.296341667,174.224516667,159.676202,151.006773333,151.88017,160.183332,171.349013333
feature:fan4,2,2,0,4,3,0,0,1,0,0,6,1,0,0,3,0,0,0,110,0,0,0,4,1,0,NONE,NONE,0,6,0,6,1,7,1,0.778,4
f0:193.0309375,218.94001875,244.824205,268.51404625,274.2811825,260.626712857,224.40291375,152.21399,113.64326,112.3300075
