feature:xin1,2,0,2,1,0,2,0,0,1,12,0,0,1,7,0,1,0,0,137.31,134.31,0,137.31,1,0,1,Accented,0,NONE,0,12,0,13,1,5,0.143,1
f0:297.717014286,297.71701,297.71701,297.71701,294.81088625,290.742,290.983727143,292.239427143,296.169397143,289.726355714
feature:qin2,2,2,2,2,1,5,0,0,1,11,1,0,1,6,0,0,1,0,0,137.31,137.31,0,1,1,1,NONE,Accented,NONE,1,11,1,12,2,4,0.286,2
f0:276.093134,267.234873333,258.340408,250.4342,239.984638333,213.258772,186.559136,180.008076,182.557268333,188.11652
feature:de5,2,2,2,5,2,4,0,0,1,10,2,0,1,5,1,0,0,0,0,0,0,0,1,1,1,NONE,NONE,NONE,2,10,2,11,3,3,0.429,5
f0:193.2339,195.871806667,196.191146667,196.541043333,197.239313333,199.5997,206.131363333,216.888056667,226.98864,232.276013333
feature:han4,2,2,2,4,5,3,0,0,1,9,3,0,1,4,2,0,0,0,0,0,0,0,1,1,1,NONE,NONE,NONE,3,9,3,10,4,2,0.571,4
f0:243.312821667,262.679626667,280.26599,297.852371667,317.960663333,336.612013333,338.776418333,327.911492,302.401626667,264.642156667
feature:shui3,2,2,2,3,4,2,0,0,1,8,4,0,1,3,3,0,0,0,0,0,0,0,1,1,1,NONE,NONE,NONE,4,8,4,9,5,1,0.714,3
f0:218.292627,193.620551,195.798788,199.629755,191.526507,170.640823,150.549712,146.472461,145.198007,144.794553
feature:ying2,2,2,2,2,3,2,0,0,1,7,5,0,1,2,4,0,0,0,0,0,0,0,1,1,1,NONE,NONE,NONE,5,7,5,8,1,8,0.1,2
f0:167.98382,170.731566667,181.75496,186.261528333,180.702615,175.398306667,175.508073333,181.540022,198.686723333,210.174995
feature:de2,2,2,2,2,2,5,0,0,1,6,6,0,1,1,5,0,0,0,0,0,0,0,1,1,1,NONE,NONE,NONE,6,6,6,7,2,7,0.2,2
f0:213.408658,218.910085,221.627408,209.0446125,193.64273,180.6953175,174.490834,173.668235,175.004856,177.72317
feature:le5,2,2,2,5,2,1,0,0,1,5,7,0,1,0,6,0,0,1,123.276,0,0,123.276,1,1,1,NONE,NONE,Accented,7,5,7,6,3,6,0.3,5
f0:182.496188,183.811904,181.389954,176.446166,173.436222,172.825188,174.730604,178.848468,187.08516,197.566056
feature:feng1,2,2,2,1,5,4,0,0,0,4,8,0,0,4,7,1,0,0,126.276,123.276,123.276,126.276,1,1,1,Accented,NONE,NONE,8,4,8,5,4,5,0.4,1
f0:208.072261667,225.9185,244.387505,262.856496667,286.152704286,312.015083333,312.89184,310.628961667,317.374861667,324.146688333
feature:shuo4,2,2,2,4,1,5,0,1,0,3,9,1,0,3,0,0,1,0,0,126.276,126.276,0,1,1,1,NONE,Accented,NONE,9,3,9,4,5,4,0.5,4
f0:324.682261667,325.067661667,326.084135714,327.151815,328.122453333,328.880066667,326.839783333,301.030931429,267.903956667,221.852305
feature:de5,2,2,2,5,4,2,0,1,0,2,10,1,0,2,1,0,0,0,0,0,0,0,1,1,1,NONE,NONE,NONE,10,2,10,3,6,3,0.6,5
f0:181.128325,177.036556667,173.44166,163.560523333,154.2751025,146.852863333,142.7517275,141.93744,144.91145,152.403946667
feature:hui2,2,2,2,2,5,4,0,1,0,1,11,1,0,1,2,0,0,0,0,0,0,0,1,1,4,NONE,NONE,NONE,11,1,11,2,7,2,0.7,2
f0:158.977951429,163.276153333,167.347297143,171.356753333,172.171871429,158.74568,139.739571429,138.063266667,146.989727143,156.732421667
feature:bao4,2,2,0,4,2,0,0,1,0,0,12,1,0,0,3,0,0,0,110,0,0,0,4,1,0,NONE,NONE,0,12,0,12,1,8,1,0.8,4
f0:183.523555714,207.198094286,222.128042857,216.67786,201.101795714,176.339086667,142.766647143,119.555027143,113.99098,117.34152
