feature:mu4,2,0,2,4,0,2,0,0,5,16,0,0,5,6,0,0,0,0,0,0,0,0,1,0,1,NONE,0,NONE,0,16,0,17,1,13,0.067,4
f0:362.16595,367.40696,372.298214,374.219745,373.27624,367.01162,349.4787,317.864866,268.9283975,250.9101325
feature:qian2,2,2,2,2,4,2,0,0,5,15,1,0,5,5,1,0,0,0,0,0,0,0,1,1,1,NONE,NONE,NONE,1,15,1,16,2,12,0.133,2
f0:249.85561375,248.806615714,247.75761125,230.460058571,191.2899425,172.34330125,172.639182857,184.59338375,213.329582857,234.28473125
feature:pai2,2,2,2,2,2,2,0,0,5,14,2,0,5,4,2,0,0,0,0,0,0,0,1,1,1,NONE,NONE,NONE,2,14,2,15,3,11,0.2,2
f0:229.750582,227.854328333,226.467164,225.23413,223.846948333,222.521428,218.114286,203.830022,199.002113333,202.541016
feature:ming2,2,2,2,2,2,4,0,0,5,13,3,0,5,3,3,0,0,0,0,0,0,0,1,1,1,NONE,NONE,NONE,3,13,3,14,4,10,0.267,2
f0:218.135138333,231.531228,236.989208333,237.18117,236.874266667,237.639472,243.746236667,254.754678,268.13978,277.231646
feature:di4,2,2,1,4,2,4,0,0,5,12,4,0,5,2,4,0,0,0,0,0,0,0,1,1,1,NONE,NONE,NONE,4,12,4,13,5,9,0.333,4
f0:284.483465,291.36062,295.6262425,296.682295,295.6385,292.44107,288.2746525,286.1623525,287.48263,292.4663925
feature:er4,1,2,2,4,4,5,0,0,5,11,5,0,5,1,5,0,0,0,0,0,0,0,1,1,1,NONE,NONE,NONE,5,11,5,12,6,8,0.4,4
f0:301.320846667,312.952442,317.628955,314.58848,301.331455,278.592914,252.827161667,227.028832,207.19444,191.254622
feature:de5,2,1,2,5,4,1,0,0,5,10,6,0,5,0,6,0,0,1,127.222,0,0,127.222,1,1,1,NONE,NONE,Accented,6,10,6,11,7,7,0.467,5
f0:182.267738571,184.679321667,184.863878571,180.562035,176.440232857,170.989837143,168.513248333,172.179257143,181.467298333,189.761537143
feature:shan1,2,2,2,1,5,1,0,0,4,9,7,0,4,0,7,1,0,1,130.6665,127.222,127.222,130.6665,1,1,1,Accented,NONE,Accented,7,9,7,10,8,6,0.533,1
f0:198.45012,218.514006667,249.463514286,282.933261429,299.758022857,297.239753333,291.428605714,288.267782857,290.310898333,291.617111429
feature:dong1,2,2,2,1,1,1,0,1,3,8,8,1,3,0,0,1,1,1,129.5555,130.6665,130.6665,129.5555,1,1,1,Accented,Accented,Accented,8,8,8,9,9,5,0.6,1
f0:298.3198,301.300876667,299.451261667,299.055341667,299.019495,298.43858,297.836883333,298.199326667,299.284968333,298.315001667
feature:jin1,2,2,2,1,1,1,0,2,2,7,9,2,2,0,0,1,1,1,128.4445,129.5555,129.5555,128.4445,1,1,1,Accented,Accented,Accented,9,7,9,8,10,4,0.667,1
f0:299.04786,306.0105,316.136778,324.9283875,329.149444,330.67331,330.592474,329.2633275,326.461888,324.18023
feature:si1,2,2,2,1,1,4,0,3,1,6,10,3,1,5,0,1,1,0,126.889,128.4445,128.4445,126.889,1,1,1,Accented,Accented,NONE,10,6,10,7,11,3,0.733,1
f0:321.2576375,320.199502,320.9679125,322.681994,324.4595775,326.894805,334.026992,333.0130775,318.567706,314.16942
feature:dun4,2,2,2,4,1,4,0,4,1,5,11,4,1,4,0,0,1,0,0,126.889,126.889,0,1,1,1,NONE,Accented,NONE,11,5,11,6,12,2,0.8,4
f0:326.480091667,347.859445,346.986857143,331.885005,299.459376667,256.051968333,209.997838333,169.582344286,148.601533333,147.2384
feature:dui4,2,2,2,4,4,4,0,4,1,4,12,4,1,3,1,0,0,0,0,0,0,0,1,1,1,NONE,NONE,NONE,12,4,12,5,13,1,0.867,4
f0:175.533118571,194.377368571,192.931306667,185.800665714,167.549108571,146.581471429,139.425544286,135.423461667,114.383192857,107.978854286
feature:zuo4,2,2,2,4,4,4,0,4,1,3,13,4,1,2,2,0,0,0,0,0,0,0,1,1,1,NONE,NONE,NONE,13,3,13,4,1,4,0.167,4
f0:319.65701,319.65701,319.65701,319.623826,317.85375,307.018218333,282.85376,251.9618,221.150422,198.766296667
feature:ke4,2,2,2,4,4,3,0,4,1,2,14,4,1,1,3,0,0,0,0,0,0,0,1,1,1,NONE,NONE,NONE,14,2,14,3,2,3,0.333,4
f0:191.221468571,199.218777143,210.589887143,221.899134286,233.07375,238.658341667,228.642521429,201.93305,174.145025714,164.053312857
feature:guang3,2,2,2,3,4,1,0,4,1,1,15,4,1,0,4,0,0,1,117.222,0,0,117.222,1,1,4,NONE,NONE,Accented,15,1,15,2,3,2,0.5,3
f0:169.450145,170.572345,169.986891667,167.868035,157.856253333,142.332703333,136.803803333,176.097185,204.177828333,198.884965
feature:dong1,2,2,0,1,3,0,0,4,0,0,16,4,0,0,5,1,0,0,120.222,117.222,117.222,0,4,1,0,Accented,NONE,0,16,0,16,1,4,1,0.667,1
f0:190.793793333,207.25155375,217.036258889,221.718835,230.840732222,239.897148889,243.55607625,247.604186667,252.45448375,268.890896667
