feature:you4,2,0,2,4,0,1,0,0,5,18,0,0,5,0,0,0,0,1,133.537,0,0,133.537,1,0,1,NONE,0,Accented,0,18,0,19,1,7,0.111,4
f0:328.363015,330.644608333,342.031741667,344.760363333,337.329554286,322.73522,310.240881667,299.251501667,291.32897,284.473158333
feature:fen1,2,2,2,1,4,4,0,0,4,17,1,0,4,7,1,1,0,0,136.537,133.537,133.537,136.537,1,1,1,Accented,NONE,NONE,1,17,1,18,2,6,0.222,1
f0:278.080638333,287.678444286,305.64858,322.156031667,333.101951429,334.42099,335.070078333,337.795246667,339.829254286,332.722961667
feature:fu4,2,2,2,4,1,3,0,1,4,16,2,1,4,6,0,0,1,0,0,136.537,136.537,0,1,1,1,NONE,Accented,NONE,2,16,2,17,3,5,0.333,4
f0:323.57101,322.674277143,322.106628571,315.428184286,285.439937143,264.969435,248.066594286,235.145287143,228.380835714,212.597897143
feature:zong3,2,2,2,3,4,4,0,1,4,15,3,1,4,5,1,0,0,0,0,0,0,0,1,1,1,NONE,NONE,NONE,3,15,3,16,4,4,0.444,3
f0:210.61419375,214.0124575,213.99878375,193.9923725,162.88740875,142.406312857,132.83303375,103.05347625,120.42488125,200.40709875
feature:wu4,2,2,2,4,3,2,0,1,4,14,4,1,4,4,2,0,0,0,0,0,0,0,1,1,1,NONE,NONE,NONE,4,14,4,15,5,3,0.556,4
f0:239.47197,256.8024375,267.45059,269.480695,269.30007,268.355156667,262.2319725,250.482806667,235.40181,218.059143333
feature:ren2,2,2,2,2,4,2,0,1,4,13,5,1,4,3,3,0,0,0,0,0,0,0,1,1,1,NONE,NONE,NONE,5,13,5,14,6,2,0.667,2
f0:201.615295,184.75884,179.5990875,178.7243325,171.513922,163.6960675,163.3891325,164.847955,170.241136,180.4563575
feature:yuan2,2,2,2,2,2,3,0,1,4,12,6,1,4,2,4,0,0,0,0,0,0,0,1,1,1,NONE,NONE,NONE,6,12,6,13,7,1,0.778,2
f0:202.897844,211.138663333,199.684373,169.465528889,142.161275,133.95084,133.590191111,140.03563,149.533852222,150.593016
feature:mai3,2,2,2,3,2,5,0,1,4,11,7,1,4,1,5,0,0,0,0,0,0,0,1,1,1,NONE,NONE,NONE,7,11,7,12,1,12,0.071,3
f0:68.17765,124.060106667,199.862752,192.131083333,178.723476,162.862616,146.085821667,135.912068,134.568275,135.449416
feature:le5,2,2,2,5,3,1,0,1,4,10,8,1,4,0,6,0,0,1,125.73199,0,0,125.73199,1,1,1,NONE,NONE,Accented,8,10,8,11,2,11,0.143,5
f0:136.5167925,137.75092,140.60336,144.235696667,146.36781,147.40286,148.5005425,149.60306,151.642055,158.219013333
feature:ba1,2,2,2,1,5,1,0,1,3,9,9,1,3,0,7,1,0,1,129.24399,125.73199,125.73199,129.24399,1,1,1,Accented,NONE,Accented,9,9,9,10,3,10,0.214,1
f0:184.932551667,213.718568,238.574958333,258.986494,266.559981667,266.969994,267.876733333,271.700214,275.361385,268.828602
feature:dun1,2,2,2,1,1,1,0,2,2,8,10,2,2,0,0,1,1,1,128.26801,129.24399,129.24399,128.26801,1,1,1,Accented,Accented,Accented,10,8,10,9,4,9,0.286,1
f0:260.029025,276.941912,285.653833333,281.3755,277.42535,275.993585,275.469322,275.024298333,275.042962,275.528788333
feature:yan1,2,2,2,1,1,2,0,3,1,7,11,3,1,2,0,1,1,0,126.78,128.26801,128.26801,126.78,1,1,1,Accented,Accented,NONE,11,7,11,8,5,8,0.357,1
f0:278.68609875,286.7055525,289.87115125,302.9308825,331.89121625,343.10101125,346.51621375,347.66722,344.01546875,319.611095
feature:mei2,2,2,2,2,1,4,0,4,1,6,12,4,1,1,0,0,1,0,0,126.78,126.78,0,1,1,1,NONE,Accented,NONE,12,6,12,7,6,7,0.429,2
f0:290.1126025,263.873118,221.696315,192.89481,173.275386,162.20336,158.27807,158.1301525,161.8596,172.607335
feature:mo4,2,2,2,4,2,1,0,4,1,5,13,4,1,0,1,0,0,1,120.854,0,0,120.854,1,1,1,NONE,NONE,Accented,13,5,13,6,7,6,0.5,4
f0:202.95438,247.99894,285.278788889,303.84499875,279.775096667,218.718786667,159.22946375,77.4798811111,59.73500875,78.8180322222
feature:dui1,2,2,2,1,4,4,0,4,0,4,14,4,0,4,2,1,0,0,123.854,120.854,120.854,123.854,1,1,1,Accented,NONE,NONE,14,4,14,5,8,5,0.571,1
f0:122.288272222,166.524116667,207.99524125,249.466345556,293.70219,328.660652222,333.556781111,333.14897125,336.842542222,336.661614444
feature:zai4,2,2,2,4,1,4,0,5,0,3,15,5,0,3,0,0,1,0,0,123.854,123.854,0,1,1,1,NONE,Accented,NONE,15,3,15,4,9,4,0.643,4
f0:327.70984,323.22843,318.583276667,298.508643333,251.667775714,208.035071667,187.076786667,169.288665,162.254375,165.017306667
feature:ku4,2,2,2,4,4,2,0,5,0,2,16,5,0,2,1,0,0,0,0,0,0,0,1,1,1,NONE,NONE,NONE,16,2,16,3,10,3,0.714,4
f0:189.46698,202.04029,206.972225,211.924215714,222.52353,266.348818333,293.783918571,275.930743333,237.117438571,202.436653333
feature:men2,2,2,2,2,4,3,0,5,0,1,17,5,0,1,2,0,0,0,0,0,0,0,1,1,4,NONE,NONE,NONE,17,1,17,2,11,2,0.786,2
f0:180.097768333,164.838248,149.921975,133.708054,127.07268,133.33887,152.836252,184.734755,214.055692,217.261923333
feature:kou3,2,2,0,3,2,0,0,5,0,0,18,5,0,0,3,0,0,0,110,0,0,0,4,1,0,NONE,NONE,0,18,0,18,1,12,1,0.857,3
f0:199.695472857,171.753564286,143.713288571,115.672998571,87.7065671429,74.5205,86.84306,104.552935714,117.055882857,119.262001429
