feature:ya1,2,0,2,1,0,2,0,0,0,3,0,0,0,7,0,1,0,0,137.444,139.444,0,137.444,1,0,1,Accented,0,NONE,0,3,0,4,1,4,0.167,1
f0:346.117711667,342.901202,336.04498,331.801562,332.09554,334.17421,335.908192,338.693163333,339.358608,334.121298333
feature:rong2,2,2,2,2,1,3,0,0,0,2,1,0,0,6,0,0,1,0,0,137.444,137.444,0,1,1,1,NONE,Accented,NONE,1,2,1,3,2,3,0.333,2
f0:312.212721667,268.073607143,241.557426667,209.970272857,181.047291667,165.349241667,166.837971429,189.651821667,216.899775714,232.268171667
feature:you3,2,2,2,3,2,4,0,0,0,1,2,0,0,5,1,0,0,0,0,0,0,0,1,1,3,NONE,NONE,NONE,2,1,2,2,3,2,0.5,3
f0:234.562304,227.50135,221.394836,212.389422,196.344436,179.419295,162.517368,146.673416,140.32639,139.459536
feature:wei4,2,2,1,4,3,2,0,0,0,0,3,0,0,4,2,0,0,0,0,0,0,0,3,1,1,NONE,NONE,NONE,3,0,3,1,4,1,0.667,4
f0:139.484545,150.785888889,191.278747,253.600952222,261.071427,228.7126,187.947537778,160.135645,138.751345556,68.047083
feature:e2,1,2,2,2,4,2,0,0,4,12,0,0,4,3,3,0,0,0,0,0,0,0,1,3,1,NONE,NONE,NONE,0,12,0,13,1,6,0.125,2
f0:196.459044,200.70588,201.319798,202.58722,210.489543333,230.215808,258.382542,287.753356,312.354328333,327.289448
feature:rong2,2,1,2,2,2,5,0,0,4,11,1,0,4,2,4,0,0,0,0,0,0,0,1,1,1,NONE,NONE,NONE,1,11,1,12,2,5,0.25,2
f0:320.865248333,306.271222,296.420136667,281.318336,240.804265,205.86221,192.618963333,191.917324,199.823588333,205.93442
feature:de5,2,2,2,5,2,2,0,0,4,10,2,0,4,1,5,0,0,0,0,0,0,0,1,1,1,NONE,NONE,NONE,2,10,2,11,3,4,0.375,5
f0:210.1460825,213.2267925,211.804056667,207.7950275,199.259795,190.4642,179.4356575,171.96687,169.7381825,172.06562
feature:peng2,2,2,2,2,5,1,0,0,4,9,3,0,4,0,6,0,0,1,126.11099,0,0,126.11099,1,1,1,NONE,NONE,Accented,3,9,3,10,4,3,0.5,2
f0:194.05551125,196.71981,192.50158875,188.2453625,183.9798175,178.292585714,173.34407375,179.98130375,196.55788375,229.627355
feature:song1,2,2,2,1,2,4,0,0,3,8,4,0,3,1,7,1,0,0,129.11099,126.11099,126.11099,129.11099,1,1,1,Accented,NONE,NONE,4,8,4,9,5,2,0.625,1
f0:248.153476667,275.422228571,304.216225,323.982206667,326.121262857,322.498661667,320.237741667,322.0218,325.517464286,326.591258333
feature:du4,2,2,2,4,1,1,0,1,3,7,5,1,3,0,0,0,1,1,118.889,129.11099,129.11099,128.88901,1,1,1,NONE,Accented,Accented,5,7,5,8,6,1,0.75,4
f0:330.195527143,337.165638333,317.775558571,271.520298333,241.086957143,215.619035,190.679861429,176.94772,172.839082857,173.019115
feature:chao1,2,2,2,1,4,4,0,1,2,6,6,1,2,1,1,1,0,0,126.889,128.88901,118.889,126.889,1,1,1,Accented,NONE,NONE,6,6,6,7,1,7,0.111,1
f0:311.90799,311.90799,311.90799,311.90799,317.044278571,326.633575,329.700083333,335.724573333,338.757378571,334.934515
feature:guo4,2,2,2,4,1,1,0,2,2,5,7,2,2,0,0,0,1,1,121.667,126.889,126.889,121.667,1,1,1,NONE,Accented,Accented,7,5,7,6,2,6,0.222,4
f0:289.882936,265.297932,278.726278,284.282226,266.48662,233.207852,202.262792,178.874136,162.800232,163.042184
feature:ya1,2,2,2,1,4,2,0,2,1,4,8,2,1,2,1,1,0,0,124.667,121.667,121.667,124.667,1,1,1,Accented,NONE,NONE,8,4,8,5,3,5,0.333,1
f0:177.005141667,189.24074,213.43616,245.593756667,258.73432,260.036058,262.489975,267.890538333,276.19771,277.524996667
feature:rong2,2,2,2,2,1,3,0,3,1,3,9,3,1,1,0,0,1,0,0,124.667,124.667,0,1,1,1,NONE,Accented,NONE,9,3,9,4,4,4,0.444,2
f0:257.464861429,226.565028333,207.635017143,178.388088333,160.122201429,152.92252,154.977405714,171.20254,198.29294,215.412068333
feature:deng3,2,2,2,3,2,1,0,3,1,2,10,3,1,0,1,0,0,1,118.333,0,0,118.333,1,1,1,NONE,NONE,Accented,10,2,10,3,5,3,0.556,3
f0:219.3154725,219.978344,214.9098325,201.114378,184.781525,164.970215,143.746872,127.691625,122.997806,123.7164425
feature:shuo1,2,2,2,1,3,5,0,3,0,1,11,3,0,1,2,1,0,0,121.333,118.333,118.333,121.333,1,1,4,Accented,NONE,NONE,11,1,11,2,6,2,0.667,1
f0:136.581785714,162.12129625,179.729674286,196.9255425,214.089904286,224.109565714,224.2818825,225.458927143,233.97000625,233.495634286
feature:fa5,2,2,0,5,1,0,0,4,0,0,12,4,0,0,0,0,1,0,110,121.333,121.333,0,4,1,0,NONE,Accented,0,12,0,12,1,7,1,0.778,5
f0:207.98831,195.252684286,186.800517143,163.41715,132.709535714,115.891033333,108.834965714,105.059475714,104.858522857,104.422068571
