feature:nan2,2,0,2,2,0,2,0,0,0,5,0,0,0,5,0,0,0,0,0,130,0,0,1,0,1,NONE,0,NONE,0,5,0,6,1,3,0.2,2
f0:222.041331667,217.67456,204.825976667,200.077571429,201.663903333,209.816165,233.934172857,266.045016667,289.781141429,315.926461667
feature:yu2,2,2,2,2,2,3,0,0,0,4,1,0,0,4,1,0,0,0,0,0,0,0,1,1,1,NONE,NONE,NONE,1,4,1,5,2,2,0.4,2
f0:333.410793333,335.891778571,318.045046667,294.372104286,271.311691667,266.408718333,277.990562857,296.717885,315.446664286,329.085143333
feature:nv3,2,2,1,3,2,2,0,0,0,3,2,0,0,3,2,0,0,0,0,0,0,0,1,1,1,NONE,NONE,NONE,2,3,2,4,3,1,0.6,3
f0:327.431345556,300.95940875,254.199907778,209.89800375,169.595952222,147.26179375,137.742836667,132.83562125,127.518236667,117.92771
feature:e2,1,2,2,2,3,4,0,0,0,2,3,0,0,2,3,0,0,0,0,0,0,0,1,1,1,NONE,NONE,NONE,3,2,3,3,1,3,0.2,2
f0:177.82395,184.308923333,185.810584,182.458104,178.212615,181.58252,195.340972,217.778176,246.733463333,259.975514
feature:peng4,2,1,1,4,2,2,0,0,0,1,4,0,0,1,4,0,0,0,121.852,0,0,121.852,1,1,3,NONE,NONE,NONE,4,1,4,2,2,2,0.4,4
f0:269.571078889,297.942178889,330.731508889,349.697045556,314.556289,251.397175556,204.689585556,176.825322222,153.974555556,139.215564444
feature:e2,1,2,2,2,4,1,0,0,0,0,5,0,0,0,5,0,0,1,121.852,121.852,121.852,131.85201,3,1,1,NONE,NONE,Accented,5,0,5,1,3,1,0.6,2
f0:134.590545,135.028756667,135.917902,137.26153,143.522338333,157.308268333,168.532986667,176.608182,185.178683333,188.992343333
feature:ji1,2,1,2,1,2,5,0,0,2,6,0,0,2,1,6,1,0,0,129.85201,131.85201,121.852,129.85201,1,3,1,Accented,NONE,NONE,0,6,0,7,1,7,0.111,1
f0:299.60999,299.60999,299.8936575,305.656955,314.620142,322.8133,326.959495,327.8383525,325.333336,305.0076
feature:li5,2,2,2,5,1,1,0,0,2,5,1,0,2,0,0,0,1,1,123.88901,129.85201,129.85201,123.88901,1,1,1,NONE,Accented,Accented,1,5,1,6,2,6,0.222,5
f0:288.830878,283.76259,270.83657,243.963472,215.151666667,182.909184,170.660568,168.478298,172.829582,184.998106
feature:gu1,2,2,2,1,5,1,0,0,1,4,2,0,1,0,1,1,0,1,127.14799,123.88901,123.88901,127.14799,1,1,1,Accented,NONE,Accented,2,4,2,5,3,5,0.333,1
f0:199.4668,221.706704,249.729906667,276.953634,284.492683333,287.37168,289.813756667,293.118556,289.945841667,282.317468
feature:lu1,2,2,2,1,1,5,0,1,0,3,3,1,0,3,0,1,1,0,125.407,127.14799,127.14799,125.407,1,1,1,Accented,Accented,NONE,3,3,3,4,4,4,0.444,1
f0:284.21128,299.2583825,307.5082325,308.335525,305.997285,303.5286925,302.814225,302.2174775,298.77248,276.4245925
feature:de5,2,2,2,5,1,4,0,2,0,2,4,2,0,2,0,0,1,0,0,125.407,125.407,0,1,1,1,NONE,Accented,NONE,4,2,4,3,5,3,0.556,5
f0:252.7150825,246.6320325,241.320855,220.3027775,190.03302,167.5255875,157.9190025,156.6013525,161.0027875,170.1754225
feature:xi4,2,2,2,4,5,3,0,2,0,1,5,2,0,1,1,0,0,0,0,0,0,0,1,1,4,NONE,NONE,NONE,5,1,5,2,6,2,0.667,4
f0:190.45806,203.485948333,219.600868333,238.24626,258.756192857,279.26611,297.911515,316.5569,331.632786667,333.82958
feature:yu3,2,2,0,3,4,0,0,2,0,0,6,2,0,0,2,0,0,0,110,0,0,0,4,1,0,NONE,NONE,0,6,0,6,1,7,1,0.778,3
f0:313.711883333,259.933024,202.355047778,160.654534,144.71486,145.255526667,138.242546,116.527308889,105.274625,79.7476033333
