feature:hei1,2,0,2,1,0,2,0,0,4,16,0,0,4,8,0,1,0,0,137.444,139.444,0,137.444,1,0,1,Accented,0,NONE,0,16,0,17,1,8,0.1,1
f0:341.05499,341.05499,341.05499,342.16977,349.785645714,352.094805,352.598526667,352.39284,348.190196667,327.030076667
feature:ren2,2,2,2,2,1,2,0,0,4,15,1,0,4,7,0,0,1,0,0,137.444,137.444,0,1,1,1,NONE,Accented,NONE,1,15,1,16,2,7,0.2,2
f0:284.417228571,251.508461667,200.706174286,168.74103,161.597178571,162.2985,163.022556667,167.341627143,182.33645,192.980147143
feature:min2,2,2,2,2,2,2,0,0,4,14,2,0,4,6,1,0,0,0,0,0,0,0,1,1,1,NONE,NONE,NONE,2,14,2,15,3,6,0.3,2
f0:189.874,184.817126667,194.59518,198.101241429,191.089475714,187.818928333,195.264392857,224.00156,261.600465,288.744048571
feature:quan2,2,2,2,2,2,4,0,0,4,13,3,0,4,5,2,0,0,0,0,0,0,0,1,1,1,NONE,NONE,NONE,3,13,3,14,4,5,0.4,2
f0:289.918191667,282.955298,274.926926667,266.913746,259.721078333,249.164586,213.796963333,191.876916,190.103805,200.769684
feature:yun4,2,2,2,4,2,4,0,0,4,12,4,0,4,4,3,0,0,0,0,0,0,0,1,1,1,NONE,NONE,NONE,4,12,4,13,5,4,0.5,4
f0:222.759071667,249.422855714,269.864695,292.279621667,314.911408571,319.905538333,302.28179,270.980018333,245.12081,224.347338333
feature:dong4,2,2,2,4,4,3,0,0,4,11,5,0,4,3,4,0,0,0,0,0,0,0,1,1,1,NONE,NONE,NONE,5,11,5,12,6,3,0.6,4
f0:213.935314,216.658425,219.445546,215.47562,207.251972,198.87759,193.410102,187.029334,183.23652,179.307738
feature:ling3,2,2,2,3,4,4,0,0,4,10,6,0,4,2,5,0,0,0,0,0,0,0,1,1,1,NONE,NONE,NONE,6,10,6,11,7,2,0.7,3
f0:173.717704,169.96221,169.453406,168.79541,164.361043333,157.146434,153.965384,153.311134,153.641361667,157.661856
feature:xiu4,2,2,2,4,3,3,0,0,4,9,7,0,4,1,6,0,0,0,0,0,0,0,1,1,1,NONE,NONE,NONE,7,9,7,10,8,1,0.8,4
f0:186.469515,222.738633333,253.823201,257.302938889,220.302197,187.256888,169.599077778,159.09186,130.825705556,119.0735
feature:ma3,2,2,2,3,4,1,0,0,4,8,8,0,4,0,7,0,0,1,124.444,0,0,124.444,1,1,1,NONE,NONE,Accented,8,8,8,9,1,5,0.143,3
f0:197.118333333,197.540522,190.762083333,181.697764,162.062018333,140.461052,133.479651667,130.622302,127.618878333,131.1672
feature:ding1,2,2,2,1,3,4,0,0,3,7,9,0,3,2,8,1,0,0,127.444,124.444,124.444,127.444,1,1,1,Accented,NONE,NONE,9,7,9,8,2,4,0.286,1
f0:153.314106667,196.177001667,234.835958333,246.782681667,248.223324286,249.923725,251.32682,252.615061667,256.689008333,263.409928333
feature:lu4,2,2,2,4,1,2,0,1,3,6,10,1,3,1,0,0,1,0,0,127.444,127.444,0,1,1,1,NONE,Accented,NONE,10,6,10,7,3,3,0.429,4
f0:273.379675,285.735123333,292.994345714,331.279216667,344.038053333,330.099213333,296.239328333,254.425881429,214.259675,195.060055
feature:de2,2,2,2,2,4,1,0,1,3,5,11,1,3,0,1,0,0,1,121.111,0,0,121.111,1,1,1,NONE,NONE,Accented,11,5,11,6,4,2,0.571,2
f0:189.60438,185.315322,175.5136075,157.925566,147.191098,145.774412,147.467364,153.3590275,162.682136,173.603614
feature:jin1,2,2,2,1,2,3,0,1,2,4,12,1,2,1,2,1,0,0,124.111,121.111,121.111,0,1,1,1,Accented,NONE,NONE,12,4,12,5,5,1,0.714,1
f0:190.0503675,210.403797143,237.70060125,253.626058571,257.6806625,258.18605875,258.746277143,262.7592025,266.242818571,257.6833075
feature:can3,2,2,2,3,1,1,0,2,2,3,13,2,2,0,0,0,1,1,118.889,0,124.111,118.889,1,1,1,NONE,Accented,Accented,13,3,13,4,1,2,0.25,3
f0:214.548,214.548,214.548,214.548,214.49009375,201.32068875,150.347778571,123.2062125,109.507431429,70.04231
feature:zao1,2,2,1,1,3,4,0,2,1,2,14,2,1,1,1,1,0,0,121.889,118.889,118.889,112.222,1,1,1,Accented,NONE,NONE,14,2,14,3,2,1,0.5,1
f0:91.47043,138.426003333,181.61322,214.464111667,220.385006667,218.422756667,219.097203333,222.113676,219.158333333,212.281321667
feature:an4,1,2,2,4,1,1,0,3,1,1,15,3,1,0,0,0,1,1,117.222,112.222,121.889,117.222,1,1,4,NONE,Accented,Accented,15,1,15,2,1,2,0.25,4
f0:238.407673333,239.429976667,240.17704,240.131833333,237.191773333,228.45363,215.69113,204.97254,194.032966667,177.76313
feature:sha1,2,1,0,1,4,0,0,3,0,0,16,3,0,0,1,1,0,0,120.222,117.222,117.222,0,4,1,0,Accented,NONE,0,16,0,16,1,2,1,0.5,1
f0:147.15208,152.588785,176.806146667,197.824615556,213.480095,202.107124444,196.877062222,201.004777778,206.80046,210.574036667
