feature:qi1,2,0,2,1,0,4,0,0,1,3,0,0,1,1,0,1,0,0,137.31,139.31,0,137.31,1,0,1,Accented,0,NONE,0,3,0,4,1,4,0.167,1
f0:381.005,381.005,381.005,381.005,378.990241429,371.246151667,370.7083,369.178025,365.839957143,362.239065
feature:yue4,2,2,2,4,1,1,0,0,1,2,1,0,1,0,0,0,1,1,131.552,137.31,137.31,131.552,1,1,1,NONE,Accented,Accented,1,2,1,3,2,3,0.333,4
f0:357.2384725,350.5094225,337.067285,317.61107,296.86127,283.9855975,265.6268075,251.5077925,243.3427875,233.1204575
feature:zhong1,2,2,2,1,4,2,0,0,0,1,2,0,0,3,1,1,0,0,134.552,131.552,131.552,134.552,1,1,3,Accented,NONE,NONE,2,1,2,2,3,2,0.5,1
f0:227.979666,242.315798,274.165836667,305.24624,318.916302,321.123098,322.833354,325.581266667,331.172702,334.288672
feature:xun2,2,2,2,2,1,4,0,1,0,0,3,1,0,2,0,0,1,0,0,134.552,134.552,0,3,1,1,NONE,Accented,NONE,3,0,3,1,4,1,0.667,2
f0:324.772628,295.623676,263.796133,233.055317,205.237982727,181.826402,173.852242,181.694708,195.99993,215.20118
feature:shen4,2,2,2,4,2,4,0,0,1,8,0,0,1,1,1,0,0,0,0,0,0,0,1,3,1,NONE,NONE,NONE,0,8,0,9,1,9,0.091,4
f0:364.186026667,364.18604,364.18604,364.269718333,368.202698333,367.808062,353.212281667,324.944473333,309.445175,295.62391
feature:zhi4,2,2,2,4,4,1,0,0,1,7,1,0,1,0,2,0,0,1,126.034,0,0,126.034,1,1,1,NONE,NONE,Accented,1,7,1,8,2,8,0.182,4
f0:288.249278333,292.841603333,287.742398571,268.440736667,256.989993333,247.839793333,240.544488333,235.965248571,235.703006667,226.246835
feature:die1,2,2,2,1,4,4,0,0,0,6,2,0,0,6,3,1,0,0,129.034,126.034,126.034,129.034,1,1,1,Accented,NONE,NONE,2,6,2,7,3,7,0.273,1
f0:216.571361667,231.384818,262.218675,296.541151667,316.093368333,320.733934,321.248473333,320.371798333,319.762852,314.642886667
feature:po4,2,2,2,4,1,2,0,1,0,5,3,1,0,5,0,0,1,0,0,129.034,129.034,0,1,1,1,NONE,Accented,NONE,3,5,3,6,4,6,0.364,4
f0:299.753875,304.92752,313.28958,321.57697875,321.270045,280.354597143,255.45755375,231.3060075,213.79510125,202.30245875
feature:mei2,2,2,2,2,4,2,0,1,0,4,4,1,0,4,1,0,0,0,0,0,0,0,1,1,1,NONE,NONE,NONE,4,4,4,5,5,5,0.455,2
f0:191.22364,193.560312,196.662063333,196.185578333,192.869128333,188.24864,192.328636667,213.735216667,248.752306,281.59201
feature:tong2,2,2,2,2,2,4,0,1,0,3,5,1,0,3,2,0,0,0,0,0,0,0,1,1,1,NONE,NONE,NONE,5,3,5,4,6,4,0.545,2
f0:284.8399275,269.97342,252.95193875,236.036752857,222.00865875,183.9943925,155.221352857,158.22881875,174.049345714,185.102845
feature:yi4,2,2,2,4,2,3,0,1,0,2,6,1,0,2,3,0,0,0,0,0,0,0,1,1,1,NONE,NONE,NONE,6,2,6,3,7,3,0.636,4
f0:196.162482,197.018012,187.806636,204.449784,278.62544,310.736658,316.796444,312.540856,295.53479,270.809634
feature:mei3,2,2,2,3,4,2,0,1,0,1,7,1,0,1,4,0,0,0,0,0,0,0,1,1,4,NONE,NONE,NONE,7,1,7,2,8,2,0.727,3
f0:247.576835,233.7767475,216.0557475,199.7292175,179.705414,155.12306,136.05921,125.4775475,123.8475675,125.22815
feature:yuan2,2,2,0,2,3,0,0,1,0,0,8,1,0,0,5,0,0,0,110,0,0,0,4,1,0,NONE,NONE,0,8,0,8,1,9,1,0.818,2
f0:127.934142,129.956378889,136.538729,135.553303,115.711696,72.2150188889,133.431456,147.943922,164.949782222,191.396506
