feature:bing4,2,0,2,4,0,4,0,0,1,12,0,0,1,8,0,0,0,0,0,0,0,0,1,0,1,NONE,0,NONE,0,12,0,13,1,13,0.067,4
f0:346.71899,346.71899,346.71899,340.441775,327.448964444,305.49042,287.07873375,274.605357778,269.202175,269.054897778
feature:chang4,2,2,2,4,4,2,0,0,1,11,1,0,1,7,1,0,0,0,0,0,0,0,1,1,1,NONE,NONE,NONE,1,11,1,12,2,12,0.133,4
f0:267.120881667,288.85301,316.001011667,340.681015,360.307478571,359.04507,337.814558333,308.565958333,290.734375714,265.87816
feature:tan2,2,2,2,2,4,5,0,0,1,10,2,0,1,6,2,0,0,0,0,0,0,0,1,1,1,NONE,NONE,NONE,2,10,2,11,3,11,0.2,2
f0:220.011256,207.149163333,200.539204,193.929236667,187.319274,182.031198,177.425486667,167.8635,159.564963333,157.40465
feature:le5,2,2,2,5,2,4,0,0,1,9,3,0,1,5,3,0,0,0,0,0,0,0,1,1,1,NONE,NONE,NONE,3,9,3,10,4,10,0.267,5
f0:161.046668571,181.92946375,212.540308571,234.806672857,233.4206775,218.70146875,201.156787143,188.121058571,184.99412375,187.186781429
feature:zai4,2,2,2,4,5,2,0,0,1,8,4,0,1,4,4,0,0,0,0,0,0,0,1,1,1,NONE,NONE,NONE,4,8,4,9,5,9,0.333,4
f0:195.056442857,224.884991429,255.474035714,252.045654286,228.67221375,212.152097143,203.855364286,201.16709,200.246184286,199.062278571
feature:tan2,2,2,2,2,4,4,0,0,1,7,5,0,1,3,5,0,0,0,0,0,0,0,1,1,1,NONE,NONE,NONE,5,7,5,8,6,8,0.4,2
f0:194.28248,197.76842625,203.720681429,209.72102375,214.853182857,210.08839,192.6463875,187.48662,217.58833625,276.45665
feature:pan4,2,2,2,4,2,4,0,0,1,6,6,0,1,2,6,0,0,0,0,0,0,0,1,1,1,NONE,NONE,NONE,6,6,6,7,7,7,0.467,4
f0:318.465931667,328.451295714,333.784815,342.43242,356.864893333,347.385141667,306.810338571,266.426943333,248.426497143,244.351246667
feature:guo4,2,2,2,4,4,2,0,0,1,5,7,0,1,1,7,0,0,0,0,0,0,0,1,1,1,NONE,NONE,NONE,7,5,7,6,8,6,0.533,4
f0:244.69009,248.743195,259.638142,289.380232,298.543422,294.8865425,282.33845,257.22075,232.402085,206.027652
feature:cheng2,2,2,2,2,4,1,0,0,1,4,8,0,1,0,8,0,0,1,121.897,0,0,121.897,1,1,1,NONE,NONE,Accented,8,4,8,5,9,5,0.6,2
f0:181.04224,178.977643333,178.568287143,178.240608333,179.313733333,182.508651667,185.869616667,195.39249,215.654923333,234.803595
feature:zhong1,2,2,2,1,2,5,0,0,0,3,9,0,0,3,9,1,0,0,124.897,121.897,121.897,124.897,1,1,1,Accented,NONE,NONE,9,3,9,4,10,4,0.667,1
f0:252.653132,276.284412,295.739231667,299.18889,297.507658,295.951122,295.789684,296.145215,291.476946,279.095738
feature:de5,2,2,2,5,1,3,0,1,0,2,10,1,0,2,0,0,1,0,0,124.897,124.897,0,1,1,1,NONE,Accented,NONE,10,2,10,3,11,3,0.733,5
f0:271.106576667,264.747516667,255.02393,238.712693333,222.51425,208.441283333,197.90206,188.814875,181.97387,179.76962
feature:ti3,2,2,2,3,5,4,0,1,0,1,11,1,0,1,1,0,0,0,0,0,0,0,1,1,4,NONE,NONE,NONE,11,1,11,2,12,2,0.8,3
f0:180.562694286,184.15375875,188.051807143,191.650008571,193.97111125,185.9425525,160.783418571,140.222102857,130.92272875,151.679418571
feature:hui4,2,2,0,4,3,0,0,1,0,0,12,1,0,0,2,0,0,0,110,0,0,0,4,1,0,NONE,NONE,0,12,0,12,1,13,1,0.867,4
f0:179.8814,210.02589875,238.017227143,260.61664375,260.7966875,230.922245,178.89204625,120.563097143,92.5152125,88.5862
