feature:hai2,2,0,2,2,0,3,0,0,3,16,0,0,3,1,0,0,0,0,0,130,0,0,1,0,1,NONE,0,NONE,0,16,0,17,1,14,0.063,2
f0:252.80701,252.80701,252.80701,252.80701,252.312874,242.18389,233.713615,235.66709,244.056,252.858284
feature:you3,2,2,2,3,2,1,0,0,3,15,1,0,3,0,1,0,0,1,132.674,0,0,132.674,1,1,1,NONE,NONE,Accented,1,15,1,16,2,13,0.125,3
f0:252.51134125,234.03069125,208.0925875,187.06827,171.87047125,165.620987143,162.972455,161.48782125,161.91733625,165.77182
feature:jian1,2,2,2,1,3,5,0,0,2,14,2,0,2,6,2,1,0,0,135.674,132.674,132.674,135.674,1,1,1,Accented,NONE,NONE,2,14,2,15,3,12,0.188,1
f0:182.429674286,220.97116375,261.285155714,298.123295714,318.23368125,319.4297725,323.597162857,326.544808571,329.43214,320.351008571
feature:de5,2,2,2,5,1,2,0,1,2,13,3,1,2,5,0,0,1,0,0,135.674,135.674,0,1,1,1,NONE,Accented,NONE,3,13,3,14,4,11,0.25,5
f0:285.932312857,277.11713,239.411204286,193.71191,176.091611429,172.581475,173.95613,176.59732,179.702685,187.64676
feature:yang2,2,2,2,2,5,4,0,1,2,12,4,1,2,4,1,0,0,0,0,0,0,0,1,1,1,NONE,NONE,NONE,4,12,4,13,5,10,0.313,2
f0:194.688765714,192.528342857,200.664452857,195.789894286,181.621971429,178.979285714,187.063608571,205.482277143,247.592565714,289.026862857
feature:lou4,2,2,2,4,2,2,0,1,2,11,5,1,2,3,2,0,0,0,0,0,0,0,1,1,1,NONE,NONE,NONE,5,11,5,12,6,9,0.375,4
f0:299.07248,308.51071,328.749485,331.5784925,319.887054,294.651405,271.34491,251.7988275,226.515058,198.1613825
feature:chan2,2,2,2,2,4,2,0,1,2,10,6,1,2,2,3,0,0,0,0,0,0,0,1,1,1,NONE,NONE,NONE,6,10,6,11,7,8,0.438,2
f0:195.505207,197.403886667,199.386131,200.15028,177.768571,153.748532222,149.264139,152.011337778,162.835495,189.02862
feature:he2,2,2,2,2,2,2,0,1,2,9,7,1,2,1,4,0,0,0,0,0,0,0,1,1,1,NONE,NONE,NONE,7,9,7,10,8,7,0.5,2
f0:214.74224125,227.22564875,221.192238889,214.79881,208.83751375,201.8031075,187.95602125,182.094553333,186.16903125,193.50782
feature:chen2,2,2,2,2,2,1,0,1,2,8,8,1,2,0,5,0,0,1,126.16299,0,0,126.16299,1,1,1,NONE,NONE,Accented,8,8,8,9,9,6,0.563,2
f0:191.120962857,192.93371,198.569385714,204.47523,210.0632375,202.6199,177.234844286,184.287187143,211.76272,224.671075714
feature:qing1,2,2,2,1,2,2,0,1,1,7,9,1,1,1,6,1,0,0,129.16299,126.16299,126.16299,129.16299,1,1,1,Accented,NONE,NONE,9,7,9,8,10,5,0.625,1
f0:231.001903333,245.048368333,267.057645714,289.309636667,313.1717,323.346085,325.162913333,326.254297143,328.43098,321.426046667
feature:ping2,2,2,2,2,1,1,0,2,1,6,10,2,1,0,0,0,1,1,124.302,129.16299,129.16299,124.302,1,1,1,NONE,Accented,Accented,10,6,10,7,11,4,0.688,2
f0:304.224094286,285.867267143,267.14545,247.614405714,217.356817143,190.91699,183.453717143,185.764681429,201.781724286,214.28276
feature:zhi1,2,2,2,1,2,2,0,2,0,5,11,2,0,7,1,1,0,0,127.302,124.302,124.302,127.302,1,1,1,Accented,NONE,NONE,11,5,11,6,12,3,0.75,1
f0:220.936764,233.5168425,259.155508,285.74375,306.759852,314.940454,315.7603,309.555934,295.0328275,285.724292
feature:chuan2,2,2,2,2,1,5,0,3,0,4,12,3,0,6,0,0,1,0,0,127.302,127.302,0,1,1,1,NONE,Accented,NONE,12,4,12,5,13,2,0.813,2
f0:272.45640125,255.56999875,239.889757143,221.71473875,183.05309125,150.10524125,137.36976875,145.820941429,172.391075,187.11150625
feature:de5,2,2,2,5,2,3,0,3,0,3,13,3,0,5,1,0,0,0,0,0,0,0,1,1,1,NONE,NONE,NONE,13,3,13,4,14,1,0.875,5
f0:192.994861667,195.159663333,187.04473,175.749831667,161.953491667,149.372536667,143.764475,142.356135,142.26401,142.26401
feature:yong3,2,2,2,3,5,2,0,3,0,2,14,3,0,4,2,0,0,0,0,0,0,0,1,1,1,NONE,NONE,NONE,14,2,14,3,1,3,0.2,3
f0:199.039003333,199.113734,206.113013333,216.531183333,215.795618333,200.777438,191.930308333,184.22242,176.07262,168.504776667
feature:nian2,2,2,2,2,3,2,0,3,0,1,15,3,0,3,3,0,0,0,0,0,0,0,1,1,3,NONE,NONE,NONE,15,1,15,2,2,2,0.4,2
f0:163.56827,159.566253333,157.704778571,156.901918571,152.103141429,146.405143333,150.153431429,162.39418,188.194985,227.649031429
feature:ren2,2,2,2,2,2,2,0,3,0,0,16,3,0,2,4,0,0,0,0,0,0,0,3,1,1,NONE,NONE,NONE,16,0,16,1,3,1,0.6,2
f0:253.359932,243.829102222,218.533417,178.304881,163.510413,163.482652222,169.222594,184.934072,203.056398889,198.938194
feature:wu2,2,2,2,2,2,3,0,0,1,2,0,0,1,1,5,0,0,0,0,0,0,0,1,3,1,NONE,NONE,NONE,0,2,0,3,1,3,0.2,2
f0:202.830803333,205.179955,200.589738,197.284315,199.45595,211.90649,234.479068333,260.246884,287.709568333,301.902451667
feature:yu3,2,2,2,3,2,1,0,0,1,1,1,0,1,0,6,0,0,1,116.86,0,0,116.86,1,1,4,NONE,NONE,Accented,1,1,1,2,2,2,0.4,3
f0:295.26159,274.865966,260.2617475,245.188032,229.128112,205.207786,175.091502,147.454475,133.425952,124.59405
feature:xiang1,2,2,0,1,3,0,0,0,0,0,2,0,0,0,7,1,0,0,119.86,116.86,116.86,0,4,1,0,Accented,NONE,0,2,0,2,1,3,1,0.6,1
f0:129.937885556,163.157696667,203.192406,243.159341111,269.837348889,273.245312222,274.195465556,276.540751,279.585927778,279.11172
