feature:zhong1,2,0,2,1,0,2,0,0,4,25,0,0,4,5,0,1,0,0,137.636,134.636,0,137.636,1,0,1,Accented,0,NONE,0,25,0,26,1,26,0.036,1
f0:365.886996,365.88699,365.56217,359.491638,355.78849,357.134798,357.938294,357.5197675,356.080374,342.848218
feature:guo2,2,2,2,2,1,2,0,0,4,24,1,0,4,4,0,0,1,0,0,137.636,137.636,0,1,1,1,NONE,Accented,NONE,1,24,1,25,2,25,0.071,2
f0:327.733995,321.939735,313.833186,295.615005,266.144135,248.7882125,244.6455425,247.993408,251.2835625,248.8257525
feature:zu2,2,2,2,2,2,2,0,0,4,23,2,0,4,3,1,0,0,0,0,0,0,0,1,1,1,NONE,NONE,NONE,2,23,2,24,3,24,0.107,2
f0:244.326368,240.755944,236.808121667,232.711432,221.793976,197.441232,186.34086,189.40216,211.7646,230.517788
feature:xie2,2,2,2,2,2,4,0,0,4,22,3,0,4,2,2,0,0,0,0,0,0,0,1,1,1,NONE,NONE,NONE,3,22,3,23,4,23,0.143,2
f0:231.34472875,226.182336667,219.87595,213.577615556,199.460615,179.08162625,172.531361111,174.68066,187.560498889,206.80825
feature:zai4,2,2,2,4,2,3,0,0,4,21,4,0,4,1,3,0,0,0,0,0,0,0,1,1,1,NONE,NONE,NONE,4,21,4,22,5,22,0.179,4
f0:217.02757,249.765745,286.517938,291.936,279.90089,264.668262,248.719295,231.967238,215.993123333,202.459038
feature:guang3,2,2,2,3,4,1,0,0,4,20,5,0,4,0,4,0,0,1,130.27299,0,0,130.27299,1,1,1,NONE,NONE,Accented,5,20,5,21,6,21,0.214,3
f0:191.32423,190.552972222,193.12296875,191.1514025,166.051637778,143.02018125,137.08720625,108.19857,72.26128,84.84112
feature:dong1,2,2,2,1,3,4,0,0,3,19,6,0,3,1,5,1,0,0,133.27299,130.27299,130.27299,133.27299,1,1,1,Accented,NONE,NONE,6,19,6,20,7,20,0.25,1
f0:107.9424175,200.9510075,259.91377125,266.52393,269.442205,270.711542857,272.51291375,273.24492625,255.591065,265.689635
feature:dui4,2,2,2,4,1,1,0,1,3,18,7,1,3,0,0,0,1,1,128.81799,133.27299,133.27299,128.81799,1,1,1,NONE,Accented,Accented,7,18,7,19,8,19,0.286,4
f0:315.900368571,318.6682325,318.485117143,313.04572,285.002441429,259.283454286,233.32890875,220.798092857,218.4189775,217.646901429
feature:can1,2,2,2,1,4,1,0,1,2,17,8,1,2,0,1,1,0,1,132.4545,128.81799,128.81799,132.4545,1,1,1,Accented,NONE,Accented,8,17,8,18,9,18,0.321,1
f0:218.412643333,232.429103333,253.935735,275.502263333,299.201681429,316.851846667,317.650096667,313.561686667,310.064016667,304.245116667
feature:jia1,2,2,2,1,1,2,0,2,1,16,9,2,1,3,0,1,1,0,131.091,132.4545,132.4545,131.091,1,1,1,Accented,Accented,NONE,9,16,9,17,10,17,0.357,1
f0:303.22204,311.673662,321.4059825,322.404442,317.85122,313.36479,313.958904,316.910345,317.825794,292.960394
feature:ji2,2,2,2,2,1,4,0,3,1,15,10,3,1,2,0,0,1,0,0,131.091,131.091,0,1,1,1,NONE,Accented,NONE,10,15,10,16,11,16,0.393,2
f0:216.98819,207.049872,200.78971,188.780748333,176.93958,170.129924,166.106153333,162.02743,167.663756,182.26496
feature:xun4,2,2,2,4,2,5,0,3,1,14,11,3,1,1,1,0,0,0,0,0,0,0,1,1,1,NONE,NONE,NONE,11,14,11,15,12,15,0.429,4
f0:203.42196,226.7826,250.1322825,270.103535714,265.22170625,236.01984125,203.474704286,189.8989175,181.821157143,174.6270325
feature:de5,2,2,2,5,4,1,0,3,1,13,12,3,1,0,2,0,0,1,125.18201,0,0,125.18201,1,1,1,NONE,NONE,Accented,12,13,12,14,13,14,0.464,5
f0:179.665438,180.464956,178.252474,176.071406,172.61987,169.000468,165.151834,162.584022,162.27655,168.360486
feature:qi1,2,2,2,1,5,2,0,3,0,12,13,3,0,12,3,1,0,0,128.18201,125.18201,125.18201,128.18201,1,1,1,Accented,NONE,NONE,13,12,13,13,14,13,0.5,1
f0:187.262338333,203.104325,224.127335,247.301546667,272.793191429,298.28483,320.211795,331.444153333,333.962365,326.806458333
feature:ming2,2,2,2,2,1,2,0,4,0,11,14,4,0,11,0,0,1,0,0,128.18201,128.18201,0,1,1,1,NONE,Accented,NONE,14,11,14,12,15,12,0.536,2
f0:308.374115714,273.75340375,232.481265714,199.86528375,183.649128571,176.053571429,175.73997875,179.14483,198.5945125,223.626825714
feature:shi2,2,2,2,2,2,4,0,4,0,10,15,4,0,10,1,0,0,0,0,0,0,0,1,1,1,NONE,NONE,NONE,15,10,15,11,16,11,0.571,2
f0:228.37796,226.954828571,225.177026667,223.560853333,221.783055714,220.009755,218.95923,219.467138333,226.737655714,242.347155
feature:liu4,2,2,2,4,2,4,0,4,0,9,16,4,0,9,2,0,0,0,0,0,0,0,1,1,1,NONE,NONE,NONE,16,9,16,10,17,10,0.607,4
f0:257.345462,292.042296,329.638658,341.393458,344.152678,339.54554,313.437536,274.311356,249.900104,234.657774
feature:sui4,2,2,2,4,4,3,0,4,0,8,17,4,0,8,3,0,0,0,0,0,0,0,1,1,1,NONE,NONE,NONE,17,8,17,9,18,9,0.643,4
f0:225.31315,223.805274,222.724631667,221.644084,220.78059,218.929242,205.9425,189.724216667,183.432438,184.355954
feature:yi3,2,2,2,3,4,4,0,4,0,7,18,4,0,7,4,0,0,0,0,0,0,0,1,1,1,NONE,NONE,NONE,18,7,18,8,19,8,0.679,3
f0:190.792505,186.491823333,180.358903333,178.812081667,173.874838333,156.601695,139.523431667,130.375091667,130.760186667,139.294575
feature:xia4,2,2,2,4,3,2,0,4,0,6,19,4,0,6,5,0,0,0,0,0,0,0,1,1,1,NONE,NONE,NONE,19,6,19,7,20,7,0.714,4
f0:167.981725714,203.297311429,238.672858571,274.048398571,302.687857143,303.980907143,281.630284286,245.045781429,202.268541429,182.822514286
feature:qiu2,2,2,2,2,4,2,0,4,0,5,20,4,0,5,6,0,0,0,0,0,0,0,1,1,1,NONE,NONE,NONE,20,5,20,6,21,6,0.75,2
f0:183.14607,182.680578333,181.164657143,179.625406667,178.113152857,176.600446667,171.728958571,168.812943333,177.558585714,198.422056667
feature:yuan2,2,2,2,2,2,3,0,4,0,4,21,4,0,4,7,0,0,0,0,0,0,0,1,1,1,NONE,NONE,NONE,21,4,21,5,22,5,0.786,2
f0:212.297876667,211.734737778,192.948891111,172.46209,158.267468,155.742537778,152.363957778,159.581627778,194.86885,221.314098889
feature:jian3,2,2,2,3,2,4,0,4,0,3,22,4,0,3,8,0,0,0,0,0,0,0,1,1,1,NONE,NONE,NONE,22,3,22,4,23,4,0.821,3
f0:229.136972222,229.014105,231.122266667,229.43324375,216.003546667,189.313505,144.386008889,117.5375,117.283102222,130.48880375
feature:ce4,2,2,2,4,3,3,0,4,0,2,23,4,0,2,9,0,0,0,0,0,0,0,1,1,1,NONE,NONE,NONE,23,2,23,3,24,3,0.857,4
f0:150.444795714,169.249028333,200.336571429,232.990856667,265.59574,289.327418571,286.693788333,261.231052857,235.999308333,206.527157143
feature:gu3,2,2,2,3,4,2,0,4,0,1,24,4,0,1,10,0,0,0,0,0,0,0,1,1,4,NONE,NONE,NONE,24,1,24,2,25,2,0.893,3
f0:182.740898,184.347318,188.178463333,190.224936,181.670746,157.61417,140.272408,126.896513333,129.531516,136.903454
feature:ling2,2,2,0,2,3,0,0,4,0,0,25,4,0,0,11,0,0,0,110,0,0,0,4,1,0,NONE,NONE,0,25,0,25,1,26,1,0.929,2
f0:138.12547,143.403774444,143.230184444,139.923277778,143.539874444,147.39377375,149.309325556,159.173297778,187.036958889,207.545198889
