feature:jian4,2,0,2,4,0,2,0,0,0,10,0,0,0,16,0,0,0,0,0,0,0,0,1,0,1,NONE,0,NONE,0,10,0,11,1,11,0.077,4
f0:357.622996,357.62299,357.62299,357.561868,356.129898,349.845475,334.100952,308.39965,278.974626,252.110858
feature:yu2,2,2,2,2,4,4,0,0,0,9,1,0,0,15,1,0,0,0,0,0,0,0,1,1,1,NONE,NONE,NONE,1,9,1,10,2,10,0.154,2
f0:228.045188571,207.401742857,197.995037143,195.129844286,194.717921429,196.164247143,200.075977143,203.564017143,213.686884286,230.484008571
feature:mu4,2,2,2,4,2,2,0,0,0,8,2,0,0,14,2,0,0,0,0,0,0,0,1,1,1,NONE,NONE,NONE,2,8,2,9,3,9,0.231,4
f0:239.652256667,258.461643333,286.753748,314.432191667,332.651081667,346.2766,341.946008333,325.304016,296.696096667,254.680413333
feature:qian2,2,2,2,2,4,4,0,0,0,7,3,0,0,13,3,0,0,0,0,0,0,0,1,1,1,NONE,NONE,NONE,3,7,3,8,4,8,0.308,2
f0:204.367634286,194.847975714,199.636453333,206.268948571,210.680267143,197.680974286,173.173068571,171.805818333,195.286098571,215.348658571
feature:zhe4,2,2,2,4,2,3,0,0,0,6,4,0,0,12,4,0,0,0,0,0,0,0,1,1,1,NONE,NONE,NONE,4,6,4,7,5,7,0.385,4
f0:220.06595,227.336252,250.9685075,286.238836,302.45038,300.348685,287.75337,271.0264925,253.547354,229.210115
feature:zhong3,2,2,2,3,4,4,0,0,0,5,5,0,0,11,5,0,0,0,0,0,0,0,1,1,1,NONE,NONE,NONE,5,5,5,6,6,6,0.462,3
f0:192.55602875,190.708018889,193.8894525,172.190505,154.352113333,145.23347125,142.5273775,143.95728625,150.194497778,173.9867625
feature:cu4,2,2,2,4,3,2,0,0,0,4,6,0,0,10,6,0,0,0,0,0,0,0,1,1,1,NONE,NONE,NONE,6,4,6,5,7,5,0.538,4
f0:195.158296667,215.991404286,241.224651667,266.479942857,291.735223333,314.51447,330.596367143,329.421233333,308.927862857,266.931415
feature:pai2,2,2,2,2,4,3,0,0,0,3,7,0,0,9,7,0,0,0,0,0,0,0,1,1,1,NONE,NONE,NONE,7,3,7,4,8,4,0.615,2
f0:236.51,228.04149,219.881001667,212.46239,204.289022857,194.836163333,179.904238333,177.537343333,200.825741429,230.666685
feature:luan3,2,2,2,3,2,4,0,0,0,2,8,0,0,8,8,0,0,0,0,0,0,0,1,1,1,NONE,NONE,NONE,8,2,8,3,9,3,0.692,3
f0:247.619306,255.491085,257.323894,255.4274225,241.743354,209.920106,180.7529975,153.998818,131.124355,123.248756
feature:yao4,2,2,2,4,3,4,0,0,0,1,9,0,0,7,9,0,0,0,0,0,0,0,1,1,3,NONE,NONE,NONE,9,1,9,2,10,2,0.769,4
f0:125.160046667,147.569021667,182.914338571,214.712621667,232.949596667,228.087083333,207.543641667,183.660735714,161.450723333,151.598798333
feature:wu4,2,2,2,4,4,2,0,0,0,0,10,0,0,6,10,0,0,0,0,0,0,0,3,1,1,NONE,NONE,NONE,10,0,10,1,11,1,0.846,4
f0:151.628982857,157.310501667,164.811317143,166.635271667,161.447428571,151.670098571,140.916215,81.3099014286,73.1750683333,79.2168128571
feature:sui2,2,2,2,2,4,4,0,0,0,5,0,0,0,5,11,0,0,0,0,0,0,0,1,3,1,NONE,NONE,NONE,0,5,0,6,1,6,0.125,2
f0:204.425,204.425,204.425,204.425,204.425,199.989027143,188.01307,189.130771667,215.06501,237.778095714
feature:chu4,2,2,2,4,2,2,0,0,0,4,1,0,0,4,12,0,0,0,0,0,0,0,1,1,1,NONE,NONE,NONE,1,4,1,5,2,5,0.25,4
f0:248.420784286,270.5118125,297.793208571,325.0746075,348.492864286,350.99853,326.4747425,284.759685714,241.37308625,202.729315714
feature:ke2,2,2,2,2,4,2,0,0,0,3,2,0,0,3,13,0,0,0,0,0,0,0,1,1,1,NONE,NONE,NONE,2,3,2,4,3,4,0.375,2
f0:198.26357,199.04085,200.079308,201.273226,202.372618,202.68416,199.830554,189.999646,183.76725,185.202608
feature:yi2,2,2,2,2,2,3,0,0,0,2,3,0,0,2,14,0,0,0,0,0,0,0,1,1,1,NONE,NONE,NONE,3,2,3,3,4,3,0.5,2
f0:192.132665,194.09831,194.6505525,194.93518,197.044565,203.248306667,210.798945,216.16601,221.467585,224.742776667
feature:mai3,2,2,2,3,2,4,0,0,0,1,4,0,0,1,15,0,0,0,0,0,0,0,1,1,4,NONE,NONE,NONE,4,1,4,2,5,2,0.625,3
f0:226.883571667,226.571581667,223.199508333,210.686486667,182.114028333,147.787972,122.648696667,111.274808333,111.265846667,125.757553333
feature:dao4,2,2,0,4,3,0,0,0,0,0,5,0,0,0,16,0,0,0,110,0,0,0,4,1,0,NONE,NONE,0,5,0,5,1,6,1,0.75,4
f0:153.901398571,182.362465,205.956808571,209.931717143,198.364347143,178.854625,148.794847143,114.637331429,78.9030533333,71.3770742857
