feature:yi3,2,0,2,3,0,1,0,0,3,16,0,0,3,0,0,0,0,1,133.37801,130,0,133.37801,1,0,1,NONE,0,Accented,0,16,0,17,1,6,0.125,3
f0:241.572911429,241.108935714,240.383008571,239.852735714,236.84506375,234.611001429,234.764874286,236.826784286,240.762478571,242.265018571
feature:you1,2,2,2,1,3,4,0,0,2,15,1,0,2,5,1,1,0,0,136.37801,133.37801,133.37801,136.37801,1,1,1,Accented,NONE,NONE,1,15,1,16,2,5,0.25,1
f0:254.25676,286.045766667,319.61192,343.733026,350.879268333,355.349744,359.303454,366.18571,369.701806667,366.442718
feature:yi4,2,2,2,4,1,5,0,1,2,14,2,1,2,4,0,0,1,0,0,136.37801,136.37801,0,1,1,1,NONE,Accented,NONE,2,14,2,15,3,4,0.375,4
f0:355.9062275,346.999274,342.9963675,340.0797,335.13047,326.6610525,307.541388,287.9852275,266.138422,222.611695
feature:de5,2,2,2,5,4,2,0,1,2,13,3,1,2,3,1,0,0,0,0,0,0,0,1,1,1,NONE,NONE,NONE,3,13,3,14,4,3,0.5,5
f0:202.632653333,201.57231,201.0201075,199.88013,194.633553333,186.461066667,181.040086667,177.8933,176.361616667,176.429303333
feature:cheng2,2,2,2,2,5,4,0,1,2,12,4,1,2,2,2,0,0,0,0,0,0,0,1,1,1,NONE,NONE,NONE,4,12,4,13,5,2,0.625,2
f0:195.16666875,208.87200125,212.766155,216.4111325,214.82698875,192.62830375,185.96572375,191.90321125,216.11022,244.04486625
feature:ji4,2,2,2,4,2,2,0,1,2,11,5,1,2,1,3,0,0,0,0,0,0,0,1,1,1,NONE,NONE,NONE,5,11,5,12,6,1,0.75,4
f0:253.384292222,276.00369125,273.434358889,242.5575975,203.389201111,175.080175,163.383244444,143.16837625,89.5388322222,57.7971675
feature:ying2,2,2,2,2,4,1,0,1,2,10,6,1,2,0,4,0,0,1,126.892,0,0,126.892,1,1,1,NONE,NONE,Accented,6,10,6,11,1,7,0.111,2
f0:212.219378333,205.614718,195.611166667,195.255696,196.319518333,200.590058,207.756408333,219.042808,227.68483,231.15958
feature:jie1,2,2,2,1,2,3,0,1,1,9,7,1,1,8,5,1,0,0,129.892,126.892,126.892,129.892,1,1,1,Accented,NONE,NONE,7,9,7,10,2,6,0.222,1
f0:235.957496667,248.586754,266.670045,275.545666667,274.53336,272.467604,272.155451667,271.640853333,271.262228,266.730793333
feature:dang3,2,2,2,3,1,5,0,2,1,8,8,2,1,7,0,0,1,0,0,129.892,129.892,0,1,1,1,NONE,Accented,NONE,8,8,8,9,3,5,0.333,3
f0:253.064251429,243.66573,234.300861429,216.732843333,179.488715714,144.742968571,132.048021667,132.875352857,131.139326667,128.9275
feature:de5,2,2,2,5,3,2,0,2,1,7,9,2,1,6,1,0,0,0,0,0,0,0,1,1,1,NONE,NONE,NONE,9,7,9,8,4,4,0.444,5
f0:131.465445,142.511445,154.6044,160.1534175,162.1700875,164.10862,166.4098925,168.667093333,170.96824,177.549915
feature:shi2,2,2,2,2,5,4,0,2,1,6,10,2,1,5,2,0,0,0,0,0,0,0,1,1,1,NONE,NONE,NONE,10,6,10,7,5,3,0.556,2
f0:183.737836667,188.676143333,193.887288,199.098433333,204.888598333,210.582256667,213.054121667,206.652798,205.715448333,219.093231667
feature:liu4,2,2,2,4,2,4,0,2,1,5,11,2,1,4,3,0,0,0,0,0,0,0,1,1,1,NONE,NONE,NONE,11,5,11,6,6,2,0.667,4
f0:242.619144,271.987658,305.982658,313.502758,311.757258333,301.79276,283.171112,255.752952,231.509286,221.152902
feature:da4,2,2,2,4,4,4,0,2,1,4,12,2,1,3,4,0,0,0,0,0,0,0,1,1,1,NONE,NONE,NONE,12,4,12,5,7,1,0.778,4
f0:222.978154286,255.770935714,289.7944575,288.32676,264.514844286,231.359562857,180.212705714,135.70273875,108.903841429,100.286855714
feature:sheng4,2,2,2,4,4,4,0,2,1,3,13,2,1,2,5,0,0,0,0,0,0,0,1,1,1,NONE,NONE,NONE,13,3,13,4,1,4,0.167,4
f0:207.90824875,223.811404286,250.53394875,284.18032625,317.70358625,337.181167143,331.8556175,295.61767875,251.183941429,214.86192
feature:li4,2,2,2,4,4,4,0,2,1,2,14,2,1,1,6,0,0,0,0,0,0,0,1,1,1,NONE,NONE,NONE,14,2,14,3,2,3,0.333,4
f0:200.621434,199.7608,199.989,198.962252,188.527238,164.241318,136.44626,117.98498,122.984868,163.977402
feature:zhao4,2,2,2,4,4,1,0,2,1,1,15,2,1,0,7,0,0,1,117.162,0,0,117.162,1,1,4,NONE,NONE,Accented,15,1,15,2,3,2,0.5,4
f0:197.162052,216.401234,233.05585,235.792044,226.20331,202.08729,176.273268,147.024488,139.944286,151.365976
feature:kai1,2,2,0,1,4,0,0,2,0,0,16,2,0,0,8,1,0,0,120.162,117.162,117.162,0,4,1,0,Accented,NONE,0,16,0,16,1,4,1,0.667,1
f0:176.43799,194.368915556,210.919953333,228.306896667,238.433347778,240.385446667,240.645332222,243.810794444,249.960862222,257.291302222
