feature:shi2,2,0,2,2,0,2,0,0,2,8,0,0,2,3,0,0,0,0,0,0,0,0,1,0,1,NONE,0,NONE,0,8,0,9,1,9,0.091,2
f0:246.132012,246.13202,246.13202,246.13202,246.13202,246.13202,243.222014,239.215204,241.564016,242.515558
feature:xing2,2,2,2,2,2,5,0,0,2,7,1,0,2,2,1,0,0,0,0,0,0,0,1,1,1,NONE,NONE,NONE,1,7,1,8,2,8,0.182,2
f0:242.091912,243.09193,248.931825,252.806724,247.723194,226.637876,207.756202,201.591836667,204.663732,214.062408
feature:le5,2,2,2,5,2,4,0,0,2,6,2,0,2,1,2,0,0,0,0,0,0,0,1,1,1,NONE,NONE,NONE,2,6,2,7,3,7,0.273,5
f0:222.474313333,225.19488,222.466988571,213.393868333,202.911821667,195.37413,193.109721667,193.648344286,194.199015,197.668245
feature:ye4,2,2,2,4,5,1,0,0,2,5,3,0,2,0,3,0,0,1,130.814,0,0,130.814,1,1,1,NONE,NONE,Accented,3,5,3,6,4,6,0.364,4
f0:205.654163333,218.113257143,243.602965,285.278572857,324.490561667,340.27037,339.354212857,320.790918333,289.136247143,250.864866667
feature:jian1,2,2,2,1,4,1,0,0,1,4,4,0,1,0,4,1,0,1,134.349,130.814,130.814,134.349,1,1,1,Accented,NONE,Accented,4,4,4,5,5,5,0.455,1
f0:220.407898571,232.598252857,258.360788571,277.253297143,288.67699875,290.058448571,289.87172,292.302418571,295.025258571,282.786937143
feature:qing1,2,2,2,1,1,2,0,1,0,3,5,1,0,4,0,1,1,0,132.884,134.349,134.349,132.884,1,1,1,Accented,Accented,NONE,5,3,5,4,6,4,0.545,1
f0:235.072386667,243.381258333,268.353128571,293.709186667,316.700975,332.684966667,338.788228333,342.940357143,343.214048333,336.87912
feature:sao2,2,2,2,2,1,3,0,2,0,2,6,2,0,3,0,0,1,0,0,132.884,132.884,0,1,1,1,NONE,Accented,NONE,6,2,6,3,7,3,0.636,2
f0:321.078621667,298.823336,275.633581667,250.095056667,218.76268,186.003602,168.898225,170.999568333,194.186162,212.503516667
feature:bao3,2,2,2,3,2,2,0,2,0,1,7,2,0,2,1,0,0,0,0,0,0,0,1,1,3,NONE,NONE,NONE,7,1,7,2,8,2,0.727,3
f0:215.435708333,214.155735,211.951344,208.15107,184.976406667,152.391723333,132.010123333,125.88102,126.49442,133.112378333
feature:jie2,2,2,2,2,3,4,0,2,0,0,8,2,0,1,2,0,0,0,0,0,0,0,3,1,1,NONE,NONE,NONE,8,0,8,1,9,1,0.818,2
f0:139.599238,147.210638,154.084482222,154.990017,154.206421,156.973133,157.908419,161.814814444,189.62544,221.231319
feature:ye4,2,2,2,4,2,1,0,0,1,3,0,0,1,0,3,0,0,1,125.233,0,0,125.233,1,3,1,NONE,NONE,Accented,0,3,0,4,1,4,0.167,4
f0:315.015096,328.14058,338.496792,344.9617775,344.82017,332.908882,313.7062225,293.94981,273.377735,248.554784
feature:jian1,2,2,2,1,4,4,0,0,0,2,1,0,0,3,4,1,0,0,128.233,125.233,125.233,128.233,1,1,1,Accented,NONE,NONE,1,2,1,3,2,3,0.333,1
f0:220.917104,225.680946,247.105695,270.535492,288.836908,295.587588,297.965412,299.183756667,299.987806,303.203014
feature:yun4,2,2,2,4,1,4,0,1,0,1,2,1,0,2,0,0,1,0,0,128.233,128.233,0,1,1,3,NONE,Accented,NONE,2,1,2,2,3,2,0.5,4
f0:308.091332,310.8785275,309.429456,302.8224625,296.399298,289.399982,275.360305,254.24328,237.14273,218.25842
feature:huo4,2,2,2,4,4,2,0,1,0,0,3,1,0,1,1,0,0,0,0,0,0,0,3,1,1,NONE,NONE,NONE,3,0,3,1,4,1,0.667,4
f0:193.583768,184.219931,119.03877,81.414462,203.293,238.496441,180.874835,141.875787273,131.304594,131.091
feature:he2,2,2,2,2,4,1,0,0,3,6,0,0,3,0,2,0,0,1,121.512,0,0,121.512,1,3,1,NONE,NONE,Accented,0,6,0,7,1,7,0.111,2
f0:217.67999,217.67999,217.67999,217.06302,209.704811667,200.851286667,197.236482857,197.357828333,202.103021429,207.984395
feature:zha1,2,2,2,1,2,3,0,0,2,5,1,0,2,2,3,1,0,0,124.512,121.512,121.512,124.512,1,1,1,Accented,NONE,NONE,1,5,1,6,2,6,0.222,1
f0:215.941788333,234.241444,269.581783333,301.653852,309.991503333,309.112402,308.374233333,309.495214,311.629856667,305.387218
feature:tu3,2,2,2,3,1,4,0,1,2,4,2,1,2,1,0,0,1,0,0,124.512,124.512,0,1,1,1,NONE,Accented,NONE,2,4,2,5,3,5,0.333,3
f0:232.49297875,202.537514286,198.46709125,194.112847143,190.52662,178.595662857,164.8026575,156.927858571,159.30720125,165.792112857
feature:ye4,2,2,2,4,3,1,0,1,2,3,3,1,2,0,1,0,0,1,118.721,0,0,118.721,1,1,1,NONE,NONE,Accented,3,3,3,4,4,4,0.444,4
f0:177.371966667,197.26876,213.620901667,240.531592,267.526123333,279.031244,268.703851667,244.553266,220.68372,203.683138
feature:jian1,2,2,2,1,4,4,0,1,1,2,4,1,1,1,2,1,0,0,121.721,118.721,118.721,121.721,1,1,1,Accented,NONE,NONE,4,2,4,3,5,3,0.556,1
f0:196.841195,206.21824,223.354791667,241.22044,257.453581667,266.792202,267.890993333,267.591394,268.55519,269.901396
feature:yun4,2,2,2,4,1,1,0,2,1,1,5,2,1,0,0,0,1,1,116.86,121.721,121.721,116.86,1,1,4,NONE,Accented,Accented,5,1,5,2,6,2,0.667,4
f0:268.982866,262.8046,259.427318,258.93199,250.322554,228.181704,202.291112,180.655846,158.61998,144.42578
feature:shu1,2,2,0,1,4,0,0,2,0,0,6,2,0,0,1,1,0,0,119.86,116.86,116.86,0,4,1,0,Accented,NONE,0,6,0,6,1,7,1,0.778,1
f0:152.449733333,182.523481111,210.725175556,238.926873333,262.889768889,270.8733675,273.024567778,273.417297778,273.012287778,283.0664
