feature:fa3,2,0,2,3,0,1,0,0,4,18,0,0,4,0,0,0,0,1,133.537,0,0,133.537,1,0,1,NONE,0,Accented,0,18,0,19,1,19,0.048,3
f0:234.874,234.87401,234.87401,234.87401,233.52708,223.49417,211.033195,198.405678333,193.243875714,193.890403333
feature:guan1,2,2,2,1,3,1,0,0,3,17,1,0,3,0,1,1,0,1,137.04901,133.537,133.537,137.04901,1,1,1,Accented,NONE,Accented,1,17,1,18,2,18,0.095,1
f0:202.05389,249.226774444,287.55622125,294.012722222,297.173715556,302.137806667,303.738785556,306.41925875,307.339532222,304.831617778
feature:yi1,2,2,2,1,1,2,0,1,2,16,2,1,2,7,0,1,1,0,135.561,137.04901,137.04901,135.561,1,1,1,Accented,Accented,NONE,2,16,2,17,3,17,0.143,1
f0:302.782773333,311.580263333,323.381635714,330.056825,330.558585,327.749583333,326.770955,326.545165714,322.851741667,313.416423333
feature:ci2,2,2,2,2,1,3,0,2,2,15,3,2,2,6,0,0,1,0,0,135.561,135.561,0,1,1,1,NONE,Accented,NONE,3,15,3,16,4,16,0.19,2
f0:297.589703333,280.385265,263.180831667,245.976405,228.783,216.229776,214.805423333,224.592088333,247.426091667,254.568671667
feature:fa3,2,2,2,3,2,4,0,2,2,14,4,2,2,5,1,0,0,0,0,0,0,0,1,1,1,NONE,NONE,NONE,4,14,4,15,5,15,0.238,3
f0:254.96498375,255.868921429,255.72525625,226.493315,180.91716875,159.844512857,150.32708375,145.70266125,153.522284286,171.62857875
feature:fang4,2,2,2,4,3,3,0,2,2,13,5,2,2,4,2,0,0,0,0,0,0,0,1,1,1,NONE,NONE,NONE,5,13,5,14,6,14,0.286,4
f0:197.317255714,233.572726667,276.28769,297.72105,299.053567143,296.691223333,275.389857143,244.240705,219.771967143,208.73762
feature:zou3,2,2,2,3,4,3,0,2,2,12,6,2,2,3,3,0,0,0,0,0,0,0,1,1,1,NONE,NONE,NONE,6,12,6,13,7,13,0.333,3
f0:204.464178,204.084764,203.990678,202.981746,197.473771667,190.095762,187.468586,190.781166,202.773484,209.421166
feature:liang3,2,2,2,3,3,2,0,2,2,11,7,2,2,2,4,0,0,0,0,0,0,0,1,1,1,NONE,NONE,NONE,7,11,7,12,8,12,0.381,3
f0:211.487811667,213.899364,218.980138333,216.110442,201.53453,174.466623333,154.965334,147.20738,146.504466,149.450411667
feature:ming2,2,2,2,2,3,3,0,2,2,10,8,2,2,1,5,0,0,0,0,0,0,0,1,1,1,NONE,NONE,NONE,8,10,8,11,9,11,0.429,2
f0:151.863625,151.821815,151.303632222,151.3309775,153.23935125,157.55068875,163.96314375,183.53353,209.4367175,220.6280875
feature:zou3,2,2,2,3,2,1,0,2,2,9,9,2,2,0,6,0,0,1,124.756,0,0,124.756,1,1,1,NONE,NONE,Accented,9,9,9,10,10,10,0.476,3
f0:223.245066,221.98621,218.861824,214.446628333,198.317418,174.340104,155.989653333,150.434696,151.164728333,159.805968
feature:si1,2,2,2,1,3,3,0,2,1,8,10,2,1,2,7,1,0,0,127.756,124.756,124.756,127.756,1,1,1,Accented,NONE,NONE,10,8,10,9,11,9,0.524,1
f0:178.118422857,196.011002857,213.713572857,231.416145714,245.515211429,249.431101429,250.16606,253.168174286,258.878154286,249.45306
feature:hai3,2,2,2,3,1,4,0,3,1,7,11,3,1,1,0,0,1,0,0,127.756,127.756,0,1,1,1,NONE,Accented,NONE,11,7,11,8,12,8,0.571,3
f0:239.554975,241.473396667,244.488333333,247.35211,247.271271667,219.16541,176.837195,152.312711667,136.236281667,133.249295
feature:luo4,2,2,2,4,3,1,0,3,1,6,12,3,1,0,1,0,0,1,121.829,0,0,121.829,1,1,1,NONE,NONE,Accented,12,6,12,7,13,7,0.619,4
f0:143.916204,163.78998,187.852838,216.119415,229.41082,229.7827975,225.148102,217.54763,213.41902,212.44452
feature:yin1,2,2,2,1,4,5,0,3,0,5,13,3,0,5,2,1,0,0,124.829,121.829,121.829,124.829,1,1,1,Accented,NONE,NONE,13,5,13,6,14,6,0.667,1
f0:212.962381667,216.503851667,236.471878,262.904358333,281.67773,289.197948333,291.447241667,293.50104,294.912536667,285.477848333
feature:de5,2,2,2,5,1,2,0,4,0,4,14,4,0,4,0,0,1,0,0,124.829,124.829,0,1,1,1,NONE,Accented,NONE,14,4,14,5,15,5,0.714,5
f0:260.6542475,253.95124,251.36146,241.656854,221.75864,203.734315,182.746468,169.506005,167.28133,173.57704
feature:xian2,2,2,2,2,5,2,0,4,0,3,15,4,0,3,1,0,0,0,0,0,0,0,1,1,1,NONE,NONE,NONE,15,3,15,4,16,4,0.762,2
f0:186.696927143,189.096796667,190.048758571,191.166506667,192.286672857,193.506247143,194.209431667,188.489751429,182.256293333,191.596345714
feature:yi2,2,2,2,2,2,4,0,4,0,2,16,4,0,2,2,0,0,0,0,0,0,0,1,1,1,NONE,NONE,NONE,16,2,16,3,17,3,0.81,2
f0:215.123282,219.159872,216.528076,212.688498,205.824908,197.631446,196.399466,203.24696,213.952148,218.058024
feature:fan4,2,2,2,4,2,4,0,4,0,1,17,4,0,1,3,0,0,0,0,0,0,0,1,1,4,NONE,NONE,NONE,17,1,17,2,18,2,0.857,4
f0:244.129235,319.242375,330.380745,339.660816667,340.538838333,329.183036,310.610301667,280.599553333,243.508506667,203.552838333
feature:hou4,2,2,0,4,4,0,0,4,0,0,18,4,0,0,4,0,0,0,110,0,0,0,4,1,0,NONE,NONE,0,18,0,18,1,19,1,0.905,4
f0:175.487866667,177.62844625,183.899741111,191.646915,197.832773333,188.152542222,158.60727125,133.510068889,120.57594875,119.546001111
