feature:ta1,2,0,2,1,0,4,0,0,4,12,0,0,4,3,0,1,0,0,137.31,134.31,0,137.31,1,0,1,Accented,0,NONE,0,12,0,13,1,13,0.067,1
f0:284.655,284.655,284.655,283.015791667,272.629412857,266.315968571,267.669351667,269.17125,271.559413333,265.265177143
feature:chang4,2,2,2,4,1,3,0,0,4,11,1,0,4,2,0,0,1,0,0,137.31,137.31,0,1,1,1,NONE,Accented,NONE,1,11,1,12,2,12,0.133,4
f0:188.3494,190.528382857,222.834921667,263.757682857,304.74594,339.839191667,352.02684,342.286531667,317.69151,284.336343333
feature:xiang3,2,2,2,3,4,5,0,0,4,10,2,0,4,1,1,0,0,0,0,0,0,0,1,1,1,NONE,NONE,NONE,2,10,2,11,3,11,0.2,3
f0:251.931366667,244.75021875,244.444463333,244.060772222,224.372336667,192.7508675,163.505287778,137.187328889,135.29332625,137.25465
feature:le5,2,2,2,5,3,1,0,0,4,9,3,0,4,0,2,0,0,1,128.793,0,0,128.793,1,1,1,NONE,NONE,Accented,3,9,3,10,4,10,0.267,5
f0:140.6141,143.3233825,146.046168,149.690148,151.61033,153.80602,158.724836,168.009022,175.5480475,189.23039
feature:xi1,2,2,2,1,5,3,0,0,3,8,4,0,3,1,3,1,0,0,131.793,128.793,128.793,131.793,1,1,1,Accented,NONE,NONE,4,8,4,9,5,9,0.333,1
f0:201.968017143,221.43703,248.732341429,276.06854,305.68273625,331.669448571,340.16776,344.797467143,345.51344,329.410931429
feature:bai3,2,2,2,3,1,1,0,1,3,7,5,1,3,0,0,0,1,1,126.034,131.793,131.793,126.034,1,1,1,NONE,Accented,Accented,5,7,5,8,6,8,0.4,3
f0:302.958365,275.930988,249.93894,217.5445275,188.252698,164.0485425,146.91284,133.374855,128.690564,137.5442375
feature:po1,2,2,2,1,3,1,0,1,2,6,6,1,2,0,1,1,0,1,129.3445,126.034,126.034,129.3445,1,1,1,Accented,NONE,Accented,6,6,6,7,7,7,0.467,1
f0:173.333693333,228.811282857,284.32129,324.501548571,318.139105,285.461883333,256.590372857,250.003591667,250.03593,246.892143333
feature:jing1,2,2,2,1,1,5,0,2,1,5,7,2,1,4,0,1,1,0,127.655,129.3445,129.3445,127.655,1,1,1,Accented,Accented,NONE,7,5,7,6,8,6,0.533,1
f0:244.397793333,257.98723,280.207188333,301.16494,308.547175,308.503922,307.740641667,307.588824,307.800141667,304.16448
feature:shen5,2,2,2,5,1,5,0,3,1,4,8,3,1,3,0,0,1,0,0,127.655,127.655,0,1,1,1,NONE,Accented,NONE,8,4,8,5,9,5,0.6,5
f0:290.050788571,278.023532857,266.385877143,252.588421429,211.887144286,161.808433333,144.911924286,143.087037143,149.456384286,159.279334286
feature:de5,2,2,2,5,5,4,0,3,1,3,9,3,1,2,1,0,0,0,0,0,0,0,1,1,1,NONE,NONE,NONE,9,3,9,4,10,4,0.667,5
f0:169.48851,181.256025,186.09251,182.770748,174.70657,165.690725,160.245972,158.650048,159.34861,164.695634
feature:zui4,2,2,2,4,5,2,0,3,1,2,10,3,1,1,2,0,0,0,0,0,0,0,1,1,1,NONE,NONE,NONE,10,2,10,3,11,3,0.733,4
f0:206.427125,242.07801,268.63375375,295.189505714,322.49911375,342.21645375,325.563861429,269.1483975,215.911335714,180.34984875
feature:qiang2,2,2,2,2,4,1,0,3,1,1,11,3,1,0,3,0,0,1,117.759,0,0,117.759,1,1,4,NONE,NONE,Accented,11,1,11,2,12,2,0.8,2
f0:171.83739625,175.179112222,179.26542625,183.351737778,186.29995625,175.70127,153.726176667,145.02094,159.99448,182.46829125
feature:yin1,2,2,0,1,2,0,0,3,0,0,12,3,0,0,4,1,0,0,120.759,117.759,117.759,0,4,1,0,Accented,NONE,0,12,0,12,1,13,1,0.867,1
f0:198.72316375,214.06818375,238.87391125,260.3808175,274.133883333,274.11605125,271.66613125,275.19520625,283.04219875,284.99064375
