feature:shang4,2,0,2,4,0,1,0,0,4,9,0,0,4,0,0,0,0,1,133.18201,0,0,133.18201,1,0,1,NONE,0,Accented,0,9,0,10,1,10,0.083,4
f0:380.168004286,380.168,380.168,380.07725,373.403274286,365.795048333,349.67035,310.645351429,273.554805714,256.34597
feature:qian1,2,2,2,1,4,1,0,0,3,8,1,0,3,0,1,1,0,1,136.576,133.18201,133.18201,136.576,1,1,1,Accented,NONE,Accented,1,8,1,9,2,9,0.167,1
f0:256.260648333,271.667358571,290.640768333,309.690992857,328.506586667,332.737628333,327.674247143,321.656535,320.404564286,316.584278333
feature:jun1,2,2,2,1,1,2,0,1,2,7,2,1,2,1,0,1,1,0,134.97,136.576,136.576,134.97,1,1,1,Accented,Accented,NONE,2,7,2,8,3,8,0.25,1
f0:313.587645,315.753978,319.483375,323.308752,326.7926625,330.1248175,332.222924,332.4422425,330.9218,325.0996375
feature:min2,2,2,2,2,1,1,0,2,2,6,3,2,2,0,0,0,1,1,129.545,134.97,134.97,129.545,1,1,1,NONE,Accented,Accented,3,6,3,7,4,7,0.333,2
f0:316.627646,290.461252222,242.999109,195.274778889,166.106721,157.901094,168.730854444,171.66287,185.994085556,212.60055
feature:jian1,2,2,2,1,2,2,0,2,1,5,4,2,1,3,1,1,0,0,132.545,129.545,129.545,132.545,1,1,1,Accented,NONE,NONE,4,5,4,6,5,6,0.417,1
f0:246.71457,262.666932,276.725608333,284.269062,284.884963333,282.344615,277.027112,275.403255,278.067652,273.575316667
feature:kang2,2,2,2,2,1,2,0,3,1,4,5,3,1,2,0,0,1,0,0,132.545,132.545,0,1,1,1,NONE,Accented,NONE,5,4,5,5,6,5,0.5,2
f0:252.55969125,238.853085714,225.50472875,212.006115714,189.85620875,164.69121125,162.254861429,171.13200875,188.869604286,203.62228375
feature:fang2,2,2,2,2,2,2,0,3,1,3,6,3,1,1,1,0,0,0,0,0,0,0,1,1,1,NONE,NONE,NONE,6,3,6,4,7,4,0.583,2
f0:208.176946667,207.257608571,204.081938333,199.367478333,174.949811429,155.48267,164.048055,191.103245,218.712408571,235.29535
feature:hong2,2,2,2,2,2,1,0,3,1,2,7,3,1,0,2,0,0,1,124.69701,0,0,124.69701,1,1,1,NONE,NONE,Accented,7,2,7,3,8,3,0.667,2
f0:204.669361667,129.201228333,125.509195,170.172745,195.507316667,185.081082,166.667958333,165.177531667,179.426823333,194.871941667
feature:sha1,2,2,2,1,2,4,0,3,0,1,8,3,0,1,3,1,0,0,127.697,124.69701,124.69701,127.697,1,1,3,Accented,NONE,NONE,8,1,8,2,9,2,0.75,1
f0:212.062848333,242.751055,272.321002,298.583385,306.421876667,299.75905,293.48901,293.669658,297.301555,298.928
feature:dai4,2,2,2,4,1,1,0,4,0,0,9,4,0,0,0,0,1,1,117.273,127.697,127.697,127.273,3,1,1,NONE,Accented,Accented,9,0,9,1,10,1,0.833,4
f0:300.726225714,308.667094286,298.229821429,258.245067143,215.4962475,174.966734286,143.027224286,121.801761429,114.771654286,115.089311429
feature:chuan1,2,2,2,1,4,1,0,0,2,4,0,0,2,0,1,1,0,1,125.667,127.273,117.273,125.667,1,3,1,Accented,NONE,Accented,0,4,0,5,1,5,0.143,1
f0:268.868015,268.86801,268.86801,268.86801,271.637268571,279.000765,275.737986667,270.768823333,269.349271429,270.08867
feature:suo1,2,2,2,1,1,2,0,0,1,3,1,0,1,1,0,1,1,0,124.061,125.667,125.667,124.061,1,1,1,Accented,Accented,NONE,1,3,1,4,2,4,0.286,1
f0:268.08119,269.744428333,278.940124,287.996672,290.805281667,287.432826,283.058288,278.88498,273.695053333,263.82641
feature:yu2,2,2,2,2,1,1,0,1,1,2,2,1,1,0,0,0,1,1,118.636,124.061,124.061,118.636,1,1,1,NONE,Accented,Accented,2,2,2,3,3,3,0.429,2
f0:246.118378333,222.750733333,202.602335,179.152313333,150.308103333,134.684466,129.531056667,127.51425,138.010338333,153.441118333
feature:di1,2,2,2,1,2,2,0,1,0,1,3,1,0,1,1,1,0,0,121.636,118.636,118.636,121.636,1,1,4,Accented,NONE,NONE,3,1,3,2,4,2,0.571,1
f0:167.635624,186.929504,209.85025,232.361852,244.705952,252.107874,255.728318,261.510841667,264.540792,240.582814
feature:qian2,2,2,0,2,1,0,0,2,0,0,4,2,0,0,0,0,1,0,110,121.636,121.636,0,4,1,0,NONE,Accented,0,4,0,4,1,5,1,0.714,2
f0:210.6496175,201.220546364,192.27277,176.730977273,138.55353,126.588279167,124.927584545,132.280814167,163.815664545,196.929715833
