feature:yi2,2,0,2,2,0,4,0,0,2,19,0,0,2,4,0,0,0,0,0,0,0,0,1,0,1,NONE,0,NONE,0,19,0,20,1,20,0.045,2
f0:220.13462,221.07994,221.485815,221.8300925,223.635168,227.0858575,232.385275,234.7529775,229.896264,227.0314675
feature:chuan4,2,2,2,4,2,4,0,0,2,18,1,0,2,3,1,0,0,0,0,0,0,0,1,1,1,NONE,NONE,NONE,1,18,1,19,2,19,0.091,4
f0:237.606215,256.604908,275.96207,297.353711667,310.036793333,306.62843,280.535851667,248.673876667,232.17177,229.949155
feature:chuan4,2,2,2,4,4,5,0,0,2,17,2,0,2,2,2,0,0,0,0,0,0,0,1,1,1,NONE,NONE,NONE,2,17,2,18,3,18,0.136,4
f0:229.214375,241.094728333,259.37302,275.51291,276.005882857,246.637216667,219.872016667,208.028503333,202.123573333,190.876318333
feature:de5,2,2,2,5,4,2,0,0,2,16,3,0,2,1,3,0,0,0,0,0,0,0,1,1,1,NONE,NONE,NONE,3,16,3,17,4,17,0.182,5
f0:181.698336,181.1449375,180.99861,179.3289775,175.111402,172.917552,172.455285,172.805928,179.104775,195.052912
feature:hong2,2,2,2,2,5,1,0,0,2,15,4,0,2,0,4,0,0,1,129.884,0,0,129.884,1,1,1,NONE,NONE,Accented,4,15,4,16,5,16,0.227,2
f0:204.7918825,209.326287143,215.23169375,217.17854875,196.33306875,186.42969,187.71504,201.287135,226.32934,250.7224775
feature:deng1,2,2,2,1,2,5,0,0,1,14,5,0,1,9,5,1,0,0,132.884,129.884,129.884,132.884,1,1,1,Accented,NONE,NONE,5,14,5,15,6,15,0.273,1
f0:265.049988,300.799153333,325.19237,327.405814,326.491006667,325.195544,327.584646,331.293354,332.386618333,331.832794
feature:long5,2,2,2,5,1,3,0,1,1,13,6,1,1,8,0,0,1,0,0,132.884,132.884,0,1,1,1,NONE,Accented,NONE,6,13,6,14,7,14,0.318,5
f0:323.67796,290.596904444,233.222301111,191.535642222,170.399334444,156.901797778,151.379402222,145.696191111,150.839047778,177.706958889
feature:dian3,2,2,2,3,5,4,0,1,1,12,7,1,1,7,1,0,0,0,0,0,0,0,1,1,1,NONE,NONE,NONE,7,12,7,13,8,13,0.364,3
f0:189.14997,196.194141667,212.080304286,211.712681429,190.020804286,169.288808333,150.628451429,146.823008571,156.415626667,175.256457143
feature:zhui4,2,2,2,4,3,5,0,1,1,11,8,1,1,6,2,0,0,0,0,0,0,0,1,1,1,NONE,NONE,NONE,8,11,8,12,9,12,0.409,4
f0:193.16859,210.667914,225.497232,233.306886,227.132106667,207.907538,197.09605,188.52135,181.61792,177.648652
feature:zhe5,2,2,2,5,4,3,0,1,1,10,9,1,1,5,3,0,0,0,0,0,0,0,1,1,1,NONE,NONE,NONE,9,10,9,11,10,11,0.455,5
f0:178.1936725,179.9948325,180.67368,178.9539125,173.7598875,171.2450225,170.10758,169.634355,169.3090225,170.396855
feature:cao3,2,2,2,3,5,4,0,1,1,9,10,1,1,4,4,0,0,0,0,0,0,0,1,1,1,NONE,NONE,NONE,10,9,10,10,11,10,0.5,3
f0:176.78142,186.577002857,196.13679,205.696584286,213.349243333,211.32604,187.027232857,168.690945,162.657928571,166.527643333
feature:di4,2,2,2,4,3,5,0,1,1,8,11,1,1,3,5,0,0,0,0,0,0,0,1,1,1,NONE,NONE,NONE,11,8,11,9,12,9,0.545,4
f0:182.732492,200.683554,216.403914,229.619326,231.69264,220.507078,206.623606,198.125188,195.558514,193.732542
feature:shang5,2,2,2,5,4,2,0,1,1,7,12,1,1,2,6,0,0,0,0,0,0,0,1,1,1,NONE,NONE,NONE,12,7,12,8,13,8,0.591,5
f0:194.557527143,205.05325125,210.663444286,195.98712,181.224557143,168.79644,162.85011375,164.622178571,158.44339875,157.125742857
feature:lin2,2,2,2,2,5,2,0,1,1,6,13,1,1,1,7,0,0,0,0,0,0,0,1,1,1,NONE,NONE,NONE,13,6,13,7,14,7,0.636,2
f0:168.638717143,176.65673,185.844098571,196.295334286,191.713742857,183.341613333,186.731147143,207.734018571,238.391038333,260.538421429
feature:shi2,2,2,2,2,2,1,0,1,1,5,14,1,1,0,8,0,0,1,120.581,0,0,120.581,1,1,1,NONE,NONE,Accented,14,5,14,6,15,6,0.682,2
f0:260.767107143,252.615277143,244.206572857,235.797865714,226.68843,212.248284286,191.009647143,184.787531429,187.149498571,192.670752857
feature:da1,2,2,2,1,2,3,0,1,0,4,15,1,0,4,9,1,0,0,123.581,120.581,120.581,123.581,1,1,1,Accented,NONE,NONE,15,4,15,5,16,5,0.727,1
f0:190.636806667,186.328246667,216.597423333,289.433673333,303.80337,302.98601,305.764963333,309.064366667,314.995963333,310.016641667
feature:qi3,2,2,2,3,1,5,0,2,0,3,16,2,0,3,0,0,1,0,0,123.581,123.581,0,1,1,1,NONE,Accented,NONE,16,3,16,4,17,4,0.773,3
f0:290.770556,273.660635,256.678622,239.696603333,222.714594,207.619476,191.363723333,176.990616,159.637478333,160.296404
feature:de5,2,2,2,5,3,3,0,2,0,2,17,2,0,2,1,0,0,0,0,0,0,0,1,1,1,NONE,NONE,NONE,17,2,17,3,18,3,0.818,5
f0:173.263213333,180.83521,183.475195,184.769493333,187.510283333,191.36269,196.353876667,203.300675,210.426736667,218.184193333
feature:wu3,2,2,2,3,5,2,0,2,0,1,18,2,0,1,2,0,0,0,0,0,0,0,1,1,4,NONE,NONE,NONE,18,1,18,2,19,2,0.864,3
f0:223.752722,223.35861,215.48328,204.554456,190.54205,170.036142,129.415672,74.0597483333,63.444814,64.828628
feature:tai2,2,2,0,2,3,0,0,2,0,0,19,2,0,0,3,0,0,0,110,0,0,0,4,1,0,NONE,NONE,0,19,0,19,1,20,1,0.909,2
f0:78.429053,100.769812727,123.028714,134.579728,132.298463636,127.625534,129.634952,138.100552,163.699924545,192.026781
