feature:rang4,2,0,2,4,0,3,0,0,2,16,0,0,2,13,0,0,0,0,0,0,0,0,1,0,1,NONE,0,NONE,0,16,0,17,1,13,0.067,4
f0:345.7069925,360.8841,365.8246775,365.63765,365.3678275,364.1213925,360.3748775,352.31199,340.1775975,325.1413125
feature:wo3,2,2,2,3,4,4,0,0,2,15,1,0,2,12,1,0,0,0,0,0,0,0,1,1,1,NONE,NONE,NONE,1,15,1,16,2,12,0.133,3
f0:303.349254,280.4567,254.139251667,232.434366,220.372126,207.791764,193.324672,172.385006667,164.273116,167.203504
feature:zhe4,2,2,2,4,3,5,0,0,2,14,2,0,2,11,2,0,0,0,0,0,0,0,1,1,1,NONE,NONE,NONE,2,14,2,15,3,11,0.2,4
f0:189.253636,212.486142,242.596832,269.071362,276.55006,276.194495,271.929866,261.665362,249.907638,230.814824
feature:ge5,2,2,2,5,4,3,0,0,2,13,3,0,2,10,3,0,0,0,0,0,0,0,1,1,1,NONE,NONE,NONE,3,13,3,14,4,10,0.267,5
f0:219.544951429,233.30699125,230.37148,212.722807143,200.04106625,193.87789875,190.74783,190.3806,190.099115,187.742418571
feature:zhi3,2,2,2,3,5,2,0,0,2,12,4,0,2,9,4,0,0,0,0,0,0,0,1,1,1,NONE,NONE,NONE,4,12,4,13,5,9,0.333,3
f0:194.426242857,200.251333333,204.399341429,208.950228571,213.112845714,213.712623333,205.691288571,188.095317143,173.855848333,167.575652857
feature:qi2,2,2,2,2,3,5,0,0,2,11,5,0,2,8,5,0,0,0,0,0,0,0,1,1,1,NONE,NONE,NONE,5,11,5,12,6,8,0.4,2
f0:171.473875714,180.719681667,187.220374286,194.312028571,201.403697143,207.867076667,212.284277143,218.798344286,224.32627,222.18833
feature:guo5,2,2,2,5,2,2,0,0,2,10,6,0,2,7,6,0,0,0,0,0,0,0,1,1,1,NONE,NONE,NONE,6,10,6,11,7,7,0.467,5
f0:247.793915,287.244054,310.37561,311.6000375,308.833208,301.077955,291.5447925,276.8212975,257.812704,239.017805
feature:niu2,2,2,2,2,5,5,0,0,2,9,7,0,2,6,7,0,0,0,0,0,0,0,1,1,1,NONE,NONE,NONE,7,9,7,10,8,6,0.533,2
f0:219.131627143,211.51443,208.010814286,202.828017143,187.32937625,177.91686125,175.646337143,182.114014286,213.88407,240.547378571
feature:de5,2,2,2,5,2,2,0,0,2,8,8,0,2,5,8,0,0,0,0,0,0,0,1,1,1,NONE,NONE,NONE,8,8,8,9,9,5,0.6,5
f0:250.5621375,266.421563333,297.9825,320.648376667,324.2937825,322.59475,319.094533333,310.1886925,293.261943333,267.2847525
feature:niu2,2,2,2,2,5,2,0,0,2,7,9,0,2,4,9,0,0,0,0,0,0,0,1,1,1,NONE,NONE,NONE,9,7,9,8,10,4,0.667,2
f0:242.652418333,220.283745,206.060434286,196.459561667,185.927003333,178.866736667,174.447125,174.649532857,184.437675,199.286926667
feature:lang2,2,2,2,2,2,4,0,0,2,6,10,0,2,3,10,0,0,0,0,0,0,0,1,1,1,NONE,NONE,NONE,10,6,10,7,11,3,0.733,2
f0:203.937642222,196.392444444,163.966345556,146.091933333,141.300713333,140.58501625,141.255594444,145.955602222,157.642438889,190.657442222
feature:bu4,2,2,2,4,2,3,0,0,2,5,11,0,2,2,11,0,0,0,0,0,0,0,1,1,1,NONE,NONE,NONE,11,5,11,6,12,2,0.8,4
f0:215.94008,222.427666667,231.495232,244.956106,260.530153333,275.008246,279.379258,273.388414,250.222818333,222.674576
feature:mian3,2,2,2,3,4,3,0,0,2,4,12,0,2,1,12,0,0,0,0,0,0,0,1,1,1,NONE,NONE,NONE,12,4,12,5,13,1,0.867,3
f0:202.688147778,192.362913333,186.57133875,182.656264444,170.858948889,156.78886,156.997631111,167.22083375,191.507035556,201.6264
feature:you3,2,2,2,3,3,1,0,0,2,3,13,0,2,0,13,0,0,1,119.324,0,0,119.324,1,1,1,NONE,NONE,Accented,13,3,13,4,1,4,0.167,3
f0:211.40217,209.87197,200.589283333,192.44729,184.198693333,166.648623333,148.181472,142.781013333,148.051358,159.153063333
feature:xie1,2,2,2,1,3,4,0,0,1,2,14,0,1,1,14,1,0,0,122.324,119.324,119.324,122.324,1,1,1,Accented,NONE,NONE,14,2,14,3,2,3,0.333,1
f0:165.358312,175.980444,189.724523333,203.468604,215.634662,223.92293,225.537662,226.19329,226.388402,221.4818
feature:zi4,2,2,2,4,1,1,0,1,1,1,15,1,1,0,0,0,1,1,117.162,122.324,122.324,117.162,1,1,4,NONE,Accented,Accented,15,1,15,2,3,2,0.5,4
f0:214.554758,218.728404,228.359315,238.172626,244.0825,239.654616,220.65274,190.487543333,173.997102,178.121546
feature:bei1,2,2,0,1,4,0,0,1,0,0,16,1,0,0,1,1,0,0,120.162,117.162,117.162,0,4,1,0,Accented,NONE,0,16,0,16,1,4,1,0.667,1
f0:196.53972,237.3661325,264.662911429,276.30115375,277.78825375,278.21936125,282.04499,283.693724286,314.00122125,347.468285
