feature:lun2,2,0,2,2,0,1,0,0,1,4,0,0,1,0,0,0,0,1,132.778,0,0,132.778,1,0,1,NONE,0,Accented,0,4,0,5,1,5,0.143,2
f0:221.681953333,221.736966,215.216853333,204.80413,203.056583333,204.845688,218.207086667,239.349016,260.851448333,272.436888
feature:tai1,2,2,2,1,2,5,0,0,0,3,1,0,0,9,1,1,0,0,135.778,132.778,132.778,135.778,1,1,1,Accented,NONE,NONE,1,3,1,4,2,4,0.286,1
f0:275.685566667,282.45832,290.975203333,299.492075,308.955637143,335.790271667,353.086825,355.081926667,354.12231,337.787106667
feature:de5,2,2,2,5,1,4,0,1,0,2,2,1,0,8,0,0,1,0,0,135.778,135.778,0,1,1,1,NONE,Accented,NONE,2,2,2,3,3,3,0.429,5
f0:317.297285,312.92607,305.150702,282.59635,258.3674125,238.9172125,229.475545,227.858266,227.2122725,227.9320675
feature:sui4,2,2,2,4,5,4,0,1,0,1,3,1,0,7,1,0,0,0,0,0,0,0,1,1,3,NONE,NONE,NONE,3,1,3,2,4,2,0.571,4
f0:233.294976667,250.412958,270.132685,289.852406,309.572128333,331.412735,341.743254,335.281671667,310.339584,277.85464
feature:xie4,2,2,2,4,4,4,0,1,0,0,4,1,0,6,2,0,0,0,0,0,0,0,3,1,1,NONE,NONE,NONE,4,0,4,1,5,1,0.714,4
f0:244.096539,251.333488182,279.029554,304.805246,312.419349091,280.255388,220.833719,160.867393,121.701193636,110.536069
feature:bei4,2,2,2,4,4,4,0,0,1,6,0,0,1,5,3,0,0,0,0,0,0,0,1,3,1,NONE,NONE,NONE,0,6,0,7,1,7,0.111,4
f0:290.85301875,290.85303,290.85303,295.06250125,312.68110625,303.404907143,289.9963275,278.191865,269.379784286,258.33497625
feature:qi4,2,2,2,4,4,2,0,0,1,5,1,0,1,4,4,0,0,0,0,0,0,0,1,1,1,NONE,NONE,NONE,1,5,1,6,2,6,0.222,4
f0:243.390781429,254.896361667,271.02193,287.147511667,303.273094286,320.864627143,337.358866667,351.058454286,342.924748333,301.67181
feature:liu2,2,2,2,2,4,3,0,0,1,4,2,0,1,3,5,0,0,0,0,0,0,0,1,1,1,NONE,NONE,NONE,2,4,2,5,3,5,0.333,2
f0:242.007215,205.304754286,186.55043875,163.46519,150.54976,147.79354,154.254645,171.05228375,199.236834286,219.96459625
feature:juan3,2,2,2,3,2,4,0,0,1,3,3,0,1,2,6,0,0,0,0,0,0,0,1,1,1,NONE,NONE,NONE,3,3,3,4,4,4,0.444,3
f0:217.302604,217.25249,218.090394,218.96403,219.410616,215.62845,199.85592,180.09537,154.271461667,135.429956
feature:xiang4,2,2,2,4,3,2,0,0,1,2,4,0,1,1,7,0,0,0,0,0,0,0,1,1,1,NONE,NONE,NONE,4,2,4,3,5,3,0.556,4
f0:127.1789725,143.3521675,173.34063,208.64227375,246.4612075,255.85913875,222.361315,194.00142,173.46258875,165.85812625
feature:you2,2,2,2,2,4,1,0,0,1,1,5,0,1,0,8,0,0,1,117.963,0,0,117.963,1,1,4,NONE,NONE,Accented,5,1,5,2,6,2,0.667,2
f0:162.36513,159.527885,151.312784286,148.457566667,146.392313333,143.596998333,142.93617,147.53331,162.023751667,186.660036667
feature:xiang1,2,2,0,1,2,0,0,0,0,0,6,0,0,0,9,1,0,0,120.963,117.963,117.963,0,4,1,0,Accented,NONE,0,6,0,6,1,7,1,0.778,1
f0:199.365449,229.819159091,266.856949,291.16121,293.809634545,291.900242,286.269535,291.400079,297.512301818,303.024076
