feature:geng4,2,0,2,4,0,3,0,0,3,18,0,0,3,3,0,0,0,0,0,130,0,0,1,0,1,NONE,0,NONE,0,18,0,19,1,19,0.048,4
f0:376.816802,394.28604,388.369696,377.51306,371.05669,358.40886,339.824706,322.802028,305.54127,282.844048
feature:hao3,2,2,2,3,4,5,0,0,3,17,1,0,3,2,1,0,0,0,0,0,0,0,1,1,1,NONE,NONE,NONE,1,17,1,18,2,18,0.095,3
f0:256.917208571,245.534691667,235.583125714,226.304703333,218.174741429,196.081531429,164.202041667,148.044944286,147.427726667,150.029085714
feature:de5,2,2,2,5,3,4,0,0,3,16,2,0,3,1,2,0,0,0,0,0,0,0,1,1,1,NONE,NONE,NONE,2,16,2,17,3,17,0.143,5
f0:162.288528333,165.792664,166.266736667,168.94975,172.08579,174.061598333,175.09987,176.999603333,178.719986,184.723081667
feature:wei4,2,2,2,4,5,1,0,0,3,15,3,0,3,0,3,0,0,1,130.61,0,0,130.61,1,1,1,NONE,NONE,Accented,3,15,3,16,4,16,0.19,4
f0:196.868955714,220.58263625,240.197598571,234.542622857,225.64629,211.37251125,200.566867143,201.630541429,206.11583875,198.393177143
feature:zhong1,2,2,2,1,4,2,0,0,2,14,4,0,2,4,4,1,0,0,133.61,130.61,130.61,133.61,1,1,1,Accented,NONE,NONE,4,14,4,15,5,15,0.238,1
f0:190.621246667,199.595436,243.617425,304.484308,332.1536,335.043056,337.179876667,339.539504,343.089575,336.70208
feature:xiao2,2,2,2,2,1,3,0,1,2,13,5,1,2,3,0,0,1,0,0,133.61,133.61,0,1,1,1,NONE,Accented,NONE,5,13,5,14,6,14,0.286,2
f0:310.950431667,288.380626667,263.791492857,239.202371667,217.99284,186.297721667,166.191973333,164.048772857,171.72085,185.52582
feature:qi3,2,2,2,3,2,4,0,1,2,12,6,1,2,2,1,0,0,0,0,0,0,0,1,1,1,NONE,NONE,NONE,6,12,6,13,7,13,0.333,3
f0:190.807862,193.950322,199.088526667,204.343504,208.995128,212.148108,205.680022,179.341248333,151.951662,141.376988
feature:ye4,2,2,2,4,3,2,0,1,2,11,7,1,2,1,2,0,0,0,0,0,0,0,1,1,1,NONE,NONE,NONE,7,11,7,12,8,12,0.381,4
f0:142.759112857,157.12328,177.306594286,189.10257,186.35627,174.03322125,164.850335714,150.302287143,146.3954175,155.956635714
feature:ti2,2,2,2,2,4,1,0,1,2,10,8,1,2,0,3,0,0,1,125.73199,0,0,125.73199,1,1,1,NONE,NONE,Accented,8,10,8,11,9,11,0.429,2
f0:181.815413333,197.302253333,206.544275,215.786313333,224.540586667,226.247571667,214.642023333,210.89833,211.329253333,204.465166667
feature:gong1,2,2,2,1,2,4,0,1,1,9,9,1,1,6,4,1,0,0,128.73199,125.73199,125.73199,128.73199,1,1,1,Accented,NONE,NONE,9,9,9,10,10,10,0.476,1
f0:208.551034,243.478496667,277.54679,283.779746,285.290803333,284.802852,282.176332,281.550416,285.873231667,287.433558
feature:ge4,2,2,2,4,1,4,0,2,1,8,10,2,1,5,0,0,1,0,0,128.73199,128.73199,0,1,1,1,NONE,Accented,NONE,10,8,10,9,11,9,0.524,4
f0:286.19459,287.06472,290.298516,291.80182,289.35121,274.703135,247.606212,224.8664625,210.614818,205.219665
feature:lei4,2,2,2,4,4,4,0,2,1,7,11,2,1,4,1,0,0,0,0,0,0,0,1,1,1,NONE,NONE,NONE,11,7,11,8,12,8,0.571,4
f0:199.029134286,189.978976667,186.820855714,185.881938333,183.197364286,176.07977,168.287904286,165.56178,174.235942857,189.028773333
feature:xin4,2,2,2,4,4,4,0,2,1,6,12,2,1,3,2,0,0,0,0,0,0,0,1,1,1,NONE,NONE,NONE,12,6,12,7,13,7,0.619,4
f0:195.71536,221.091505,254.9225025,288.75351,322.53414875,343.239728571,337.1402125,296.68806625,252.5330975,228.60457875
feature:dai4,2,2,2,4,4,2,0,2,1,5,13,2,1,2,3,0,0,0,0,0,0,0,1,1,1,NONE,NONE,NONE,13,5,13,6,14,6,0.667,4
f0:228.396101429,256.97053,257.60566,241.253181429,213.758635,190.1738775,164.457227143,144.748757143,147.48097625,175.235144286
feature:he2,2,2,2,2,4,2,0,2,1,4,14,2,1,1,4,0,0,0,0,0,0,0,1,1,1,NONE,NONE,NONE,14,4,14,5,15,5,0.714,2
f0:178.486345714,178.07403,179.47874875,181.003554286,182.394315714,183.053288571,181.19518,178.00044875,180.334884286,190.783184286
feature:rong2,2,2,2,2,2,1,0,2,1,3,15,2,1,0,5,0,0,1,118.902,0,0,118.902,1,1,1,NONE,NONE,Accented,15,3,15,4,16,4,0.762,2
f0:194.481747143,185.95875,184.791345,181.33644,169.105595714,165.729197143,174.207214286,184.799421667,202.85314,217.924231429
feature:zi1,2,2,2,1,2,2,0,2,0,2,16,2,0,2,6,1,0,0,121.902,118.902,118.902,121.902,1,1,1,Accented,NONE,NONE,16,2,16,3,17,3,0.81,1
f0:214.35202,226.743458333,251.891941667,277.579656667,304.111696667,313.026452,314.826865,316.229575,311.83354,281.548208333
feature:fu2,2,2,2,2,1,4,0,3,0,1,17,3,0,1,0,0,1,0,0,121.902,121.902,0,1,1,4,NONE,Accented,NONE,17,1,17,2,18,2,0.857,2
f0:248.9493025,237.61884,224.992008,212.365175,201.5421775,190.7191775,179.89618,167.269342,155.6805325,150.4885375
feature:wu4,2,2,0,4,2,0,0,3,0,0,18,3,0,0,1,0,0,0,110,0,0,0,4,1,0,NONE,NONE,0,18,0,18,1,19,1,0.905,4
f0:149.589006667,151.099735,157.65211,163.71469875,171.025282222,169.541028889,142.14450375,118.401437778,176.35654125,229.362621111
