feature:jie1,2,0,2,1,0,5,0,0,2,20,0,0,2,1,0,1,0,0,137.556,139.556,0,137.556,1,0,1,Accented,0,NONE,0,20,0,21,1,21,0.043,1
f0:339.694,339.694,339.694,340.285344,346.805046,355.543985,363.144484,366.298878,365.43772,361.478756
feature:zhe5,2,2,2,5,1,1,0,0,2,19,1,0,2,0,0,0,1,1,132.778,137.556,137.556,132.778,1,1,1,NONE,Accented,Accented,1,19,1,20,2,20,0.087,5
f0:350.95627,332.670415,297.198185,257.180583333,226.422251429,196.836268333,175.665281667,161.720883333,158.491433333,169.022938333
feature:ta1,2,2,2,1,5,4,0,0,1,18,2,0,1,5,1,1,0,0,135.778,132.778,132.778,135.778,1,1,1,Accented,NONE,NONE,2,18,2,19,3,19,0.13,1
f0:197.398176,206.733972,219.142386667,233.439006,246.165018,258.891022,271.588698,280.188213333,282.245562,280.523768
feature:you4,2,2,2,4,1,3,0,1,1,17,3,1,1,4,0,0,1,0,0,135.778,135.778,0,1,1,1,NONE,Accented,NONE,3,17,3,18,4,18,0.174,4
f0:269.748285714,263.820841667,265.89008,266.038671667,255.568017143,236.046284286,220.589465,210.951807143,208.365768333,207.98726
feature:fan3,2,2,2,3,4,2,0,1,1,16,4,1,1,3,1,0,0,0,0,0,0,0,1,1,1,NONE,NONE,NONE,4,16,4,17,5,17,0.217,3
f0:199.1466925,198.386977143,198.73110375,198.977821429,192.868825,160.40417125,139.314477143,123.30168875,123.584338571,145.51090625
feature:tan2,2,2,2,2,3,4,0,1,1,15,5,1,1,2,2,0,0,0,0,0,0,0,1,1,1,NONE,NONE,NONE,5,15,5,16,6,16,0.261,2
f0:178.895622727,179.481496364,173.874393636,161.863308182,148.068265,146.375375455,150.544596364,159.811508182,188.482747273,238.83324
feature:huo4,2,2,2,4,2,3,0,1,1,14,6,1,1,1,3,0,0,0,0,0,0,0,1,1,1,NONE,NONE,NONE,6,14,6,15,7,15,0.304,4
f0:227.749161667,166.534548,104.117375,81.5995333333,164.187491667,326.637104,342.880698333,321.873066667,292.671118,251.377823333
feature:zhe3,2,2,2,3,4,1,0,1,1,13,7,1,1,0,4,0,0,1,127.444,0,0,127.444,1,1,1,NONE,NONE,Accented,7,13,7,14,8,14,0.348,3
f0:203.304523333,200.317725714,201.571411667,197.332705,182.00164,157.932081667,145.853311667,137.812541667,139.19176,151.668863333
feature:fan1,2,2,2,1,3,3,0,1,0,12,8,1,0,12,5,1,0,0,130.444,127.444,127.444,130.444,1,1,1,Accented,NONE,NONE,8,12,8,13,9,13,0.391,1
f0:171.28805625,209.169292222,250.32205625,291.408518889,317.27710125,322.36080375,325.478884444,329.8552325,341.057638889,336.335775
feature:gun3,2,2,2,3,1,4,0,2,0,11,9,2,0,11,0,0,1,0,0,130.444,130.444,0,1,1,1,NONE,Accented,NONE,9,11,9,12,10,12,0.435,3
f0:301.400111429,255.09268,225.85097,187.98399,166.787598571,146.419667143,138.239805,135.35884,132.876245,132.94987
feature:yue4,2,2,2,4,3,4,0,2,0,10,10,2,0,10,1,0,0,0,0,0,0,0,1,1,1,NONE,NONE,NONE,10,10,10,11,11,11,0.478,4
f0:177.074082857,205.44618,228.073155,253.483278571,275.879274286,288.760668571,281.7484,260.118655,227.627465714,195.954035714
feature:guo4,2,2,2,4,4,5,0,2,0,9,11,2,0,9,2,0,0,0,0,0,0,0,1,1,1,NONE,NONE,NONE,11,9,11,10,12,10,0.522,4
f0:190.203286,197.207036667,212.401594,227.768168,238.10199,230.538726,218.186052,204.19122,186.59044,166.605218
feature:le5,2,2,2,5,4,4,0,2,0,8,12,2,0,8,3,0,0,0,0,0,0,0,1,1,1,NONE,NONE,NONE,12,8,12,9,13,9,0.565,5
f0:160.29778,159.74925,159.689496667,159.87316,160.184723333,160.988613333,162.21116,163.81902,166.03779,170.582533333
feature:yi4,2,2,2,4,5,3,0,2,0,7,13,2,0,7,4,0,0,0,0,0,0,0,1,1,1,NONE,NONE,NONE,13,7,13,8,14,8,0.609,4
f0:183.93363,192.050168,203.629495,220.226708,229.728023333,232.00066,223.739711667,207.504438,193.626856667,185.11023
feature:du3,2,2,2,3,4,4,0,2,0,6,14,2,0,6,5,0,0,0,0,0,0,0,1,1,1,NONE,NONE,NONE,14,6,14,7,15,7,0.652,3
f0:183.04916,179.88327,175.421914286,160.743138333,143.013718571,133.10824,129.023848571,128.20215,134.819775714,157.336883333
feature:hun4,2,2,2,4,3,2,0,2,0,5,15,2,0,5,6,0,0,0,0,0,0,0,1,1,1,NONE,NONE,NONE,15,5,15,6,16,6,0.696,4
f0:190.5791,218.549076667,246.799065714,275.049056667,303.299041429,333.500648571,347.94367,345.613831429,330.854041667,296.926328571
feature:ning2,2,2,2,2,4,3,0,2,0,4,16,2,0,4,7,0,0,0,0,0,0,0,1,1,1,NONE,NONE,NONE,16,4,16,5,17,5,0.739,2
f0:252.52144625,212.112225,185.51253625,165.26216,149.23726875,145.7580725,157.3671225,188.377025,227.42434875,240.1154275
feature:tu3,2,2,2,3,2,4,0,2,0,3,17,2,0,3,8,0,0,0,0,0,0,0,1,1,1,NONE,NONE,NONE,17,3,17,4,18,4,0.783,3
f0:204.688186667,197.342072857,192.601918333,187.861771429,183.231083333,174.1821,152.929872857,131.368028333,118.371881429,120.535993333
feature:hu4,2,2,2,4,3,3,0,2,0,2,18,2,0,2,9,0,0,0,0,0,0,0,1,1,1,NONE,NONE,NONE,18,2,18,3,19,3,0.826,4
f0:143.170753333,170.813255,198.455746667,226.09824,253.740751667,281.331095,300.280825,300.180271667,270.629211667,232.529093333
feature:tu3,2,2,2,3,4,2,0,2,0,1,19,2,0,1,10,0,0,0,0,0,0,0,1,1,4,NONE,NONE,NONE,19,1,19,2,20,2,0.87,3
f0:205.235455,195.32157,180.351636667,162.75409,145.43476,133.400726,116.970191667,97.395058,91.6098233333,101.872504
feature:qiang2,2,2,0,2,3,0,0,2,0,0,20,2,0,0,11,0,0,0,110,0,0,0,4,1,0,NONE,NONE,0,20,0,20,1,21,1,0.913,2
f0:125.577285833,158.928743636,167.484391667,145.924086364,131.061020833,136.245991818,141.216256667,159.148552727,208.157981667,239.766633636
