feature:fu1,2,0,2,1,0,1,0,0,1,7,0,0,1,0,0,1,0,1,137.70999,139.355,0,137.70999,1,0,1,Accented,0,Accented,0,7,0,8,1,8,0.1,1
f0:358.488005,358.48801,358.48801,358.48801,358.749301667,360.75326,363.672893333,365.381298333,362.207238333,350.314473333
feature:qi1,2,2,2,1,1,3,0,0,0,6,1,0,0,10,0,1,1,0,136.065,137.70999,137.70999,136.065,1,1,1,Accented,Accented,NONE,1,6,1,7,2,7,0.2,1
f0:350.65514,353.488088,357.331696667,361.20001,364.552538,366.271796,365.78203,362.876161667,355.801496,335.444722
feature:liang3,2,2,2,3,1,4,0,1,0,5,2,1,0,9,0,0,1,0,0,136.065,136.065,0,1,1,1,NONE,Accented,NONE,2,5,2,6,3,6,0.3,3
f0:304.4142775,284.5195075,257.944442857,230.97950125,194.36427375,162.02142625,152.1011675,150.68496,147.024675,130.86749875
feature:lei4,2,2,2,4,3,2,0,1,0,4,3,1,0,8,1,0,0,0,0,0,0,0,1,1,1,NONE,NONE,NONE,3,4,3,5,4,5,0.4,4
f0:117.212795,125.871416667,249.994441667,306.449758333,339.968944286,349.726843333,341.745121667,316.320041667,280.44284,247.09525
feature:liu2,2,2,2,2,4,3,0,1,0,3,4,1,0,7,2,0,0,0,0,0,0,0,1,1,1,NONE,NONE,NONE,4,3,4,4,5,4,0.5,2
f0:216.992243333,205.066892,200.126791667,195.905963333,187.614626667,181.630568,181.499088333,189.717118333,208.661004,232.439256667
feature:man3,2,2,2,3,2,4,0,1,0,2,5,1,0,6,3,0,0,0,0,0,0,0,1,1,1,NONE,NONE,NONE,5,2,5,3,6,3,0.6,3
f0:254.770167143,268.87396,266.530482857,251.065648571,213.37371,163.73618,128.770575714,118.306751429,126.244597143,150.376537143
feature:mian4,2,2,2,4,3,5,0,1,0,1,6,1,0,5,4,0,0,0,0,0,0,0,1,1,3,NONE,NONE,NONE,6,1,6,2,7,2,0.7,4
f0:186.267998571,225.892588571,263.9315675,287.50872,288.049122857,263.387634286,229.938765714,192.45184875,177.177395714,168.573002857
feature:de5,2,2,2,5,4,4,0,1,0,0,7,1,0,4,5,0,0,0,0,0,0,0,3,1,1,NONE,NONE,NONE,7,0,7,1,8,1,0.8,5
f0:165.727825,161.709676667,153.15753,147.846956667,131.926501667,76.9153533333,67.11914,65.1827066667,101.884915,147.086566667
feature:xiang4,2,2,2,4,5,4,0,0,1,5,0,0,1,3,6,0,0,0,0,0,0,0,1,3,1,NONE,NONE,NONE,0,5,0,6,1,6,0.125,4
f0:277.39001,277.39001,277.39001,276.30203125,250.486963333,222.5924525,209.64396875,202.165165,198.424542222,203.43646125
feature:shan4,2,2,2,4,4,2,0,0,1,4,1,0,1,2,7,0,0,0,0,0,0,0,1,1,1,NONE,NONE,NONE,1,4,1,5,2,5,0.25,4
f0:215.1396925,234.65360875,271.132175,308.63696625,336.6516975,335.71019,308.11514125,263.9936375,222.216795,191.89444125
feature:rong2,2,2,2,2,4,4,0,0,1,3,2,0,1,1,8,0,0,0,0,0,0,0,1,1,1,NONE,NONE,NONE,2,3,2,4,3,4,0.375,2
f0:165.886658,150.3291175,144.766888,143.5694325,149.810414,164.817184,176.67427,188.745624,201.94813,209.748618
feature:fan4,2,2,2,4,2,1,0,0,1,2,3,0,1,0,9,0,0,1,118.871,0,0,118.871,1,1,1,NONE,NONE,Accented,3,2,3,3,4,3,0.5,4
f0:213.523914286,229.5281,286.395774286,326.798445714,317.289765,285.316022857,244.706724286,193.979512857,167.255155714,173.165868571
feature:ku1,2,2,2,1,4,4,0,0,0,1,4,0,0,1,10,1,0,0,121.871,118.871,118.871,121.871,1,1,4,Accented,NONE,NONE,4,1,4,2,5,2,0.625,1
f0:205.363565,210.702074,212.671656667,214.833394,216.988451667,218.524348,212.122176667,200.091086,197.575091667,196.868856
feature:su4,2,2,0,4,1,0,0,1,0,0,5,1,0,0,0,0,1,0,110,121.871,121.871,0,4,1,0,NONE,Accented,0,5,0,5,1,6,1,0.75,4
f0:192.84586,170.660685556,143.988346,118.662435556,98.288546,83.789964,72.1782988889,62.037428,70.87923,82.661508
