feature:zhe4,2,0,2,4,0,2,0,0,0,17,0,0,0,17,0,0,0,0,0,0,0,0,1,0,1,NONE,0,NONE,0,17,0,18,1,18,0.05,4
f0:399.659,399.659,399.659,399.200545,396.81588,392.39376,384.0559475,368.30819,353.47215,338.8407
feature:ye2,2,2,2,2,4,3,0,0,0,16,1,0,0,16,1,0,0,0,0,0,0,0,1,1,1,NONE,NONE,NONE,1,16,1,17,2,17,0.1,2
f0:306.452852,271.82075,248.12284,239.115675,227.874038,213.675038,212.5584375,224.2414,247.642355,258.868844
feature:xu3,2,2,2,3,2,4,0,0,0,15,2,0,0,15,2,0,0,0,0,0,0,0,1,1,1,NONE,NONE,NONE,2,15,2,16,3,16,0.15,3
f0:261.51852,254.419281429,243.921817143,233.412042857,219.417735,192.913335714,169.450444286,152.753218571,158.83149,160.752727143
feature:shi4,2,2,2,4,3,3,0,0,0,14,3,0,0,14,3,0,0,0,0,0,0,0,1,1,1,NONE,NONE,NONE,3,14,3,15,4,15,0.2,4
f0:167.5980375,184.539154444,201.33075125,218.122335556,233.07152125,231.53262,211.647356667,194.90036,193.524115556,201.926445
feature:xie3,2,2,2,3,4,4,0,0,0,13,4,0,0,13,4,0,0,0,0,0,0,0,1,1,1,NONE,NONE,NONE,4,13,4,14,5,14,0.25,3
f0:199.97049125,201.630165714,206.37305125,211.53751875,215.58700625,205.353985714,187.3945575,158.17761875,144.341954286,151.92630375
feature:zhe4,2,2,2,4,3,2,0,0,0,12,5,0,0,12,5,0,0,0,0,0,0,0,1,1,1,NONE,NONE,NONE,5,12,5,13,6,13,0.3,4
f0:177.69896,202.049904,229.44472,255.988346,271.287894,275.821002,273.12268,257.190525,234.795776,209.914648
feature:ze2,2,2,2,2,4,2,0,0,0,11,6,0,0,11,6,0,0,0,0,0,0,0,1,1,1,NONE,NONE,NONE,6,11,6,12,7,12,0.35,2
f0:184.691192,181.4690175,181.34318,181.3198,181.019726,179.23312,178.470936,180.60296,185.0672275,190.43269
feature:ti2,2,2,2,2,2,2,0,0,0,10,7,0,0,10,7,0,0,0,0,0,0,0,1,1,1,NONE,NONE,NONE,7,10,7,11,8,11,0.4,2
f0:195.200618333,198.70903,204.079903333,209.07218,213.624687143,206.4068,191.989133333,193.051211667,205.414244286,208.061856667
feature:ci2,2,2,2,2,2,5,0,0,0,9,8,0,0,9,8,0,0,0,0,0,0,0,1,1,1,NONE,NONE,NONE,8,9,8,10,9,10,0.45,2
f0:203.760906,203.1452,203.025768,202.886526,202.746692,202.6243525,199.505994,181.15086,170.152662,167.098136
feature:de5,2,2,2,5,2,2,0,0,0,8,9,0,0,8,9,0,0,0,0,0,0,0,1,1,1,NONE,NONE,NONE,9,8,9,9,10,9,0.5,5
f0:167.597523333,170.7795,175.441443333,177.643143333,177.862,177.62231,176.348703333,174.524256667,173.373443333,173.08527
feature:peng2,2,2,2,2,5,4,0,0,0,7,10,0,0,7,10,0,0,0,0,0,0,0,1,1,1,NONE,NONE,NONE,10,7,10,8,11,8,0.55,2
f0:185.53263875,197.020622222,201.00389375,204.68842,201.317652222,169.51268625,159.28149875,166.3414175,176.712846667,205.687785
feature:you4,2,2,2,4,2,3,0,0,0,6,11,0,0,6,11,0,0,0,0,0,0,0,1,1,1,NONE,NONE,NONE,11,6,11,7,12,7,0.6,4
f0:244.243545,266.382537143,302.0352875,304.9259025,274.40840625,236.46276,197.9226775,146.90400875,133.298825714,216.604215
feature:shi3,2,2,2,3,4,4,0,0,0,5,12,0,0,5,12,0,0,0,0,0,0,0,1,1,1,NONE,NONE,NONE,12,5,12,6,13,6,0.65,3
f0:214.32592,207.774416667,201.222915714,194.67142,188.119917143,181.568416667,175.056042857,167.757166667,142.769387143,129.241183333
feature:liao4,2,2,2,4,3,4,0,0,0,4,13,0,0,4,13,0,0,0,0,0,0,0,1,1,1,NONE,NONE,NONE,13,4,13,5,14,5,0.7,4
f0:135.098108,147.135166,158.637111667,166.359316,167.738932,161.346132,152.733384,146.750608333,143.122576,147.32884
feature:bu4,2,2,2,4,4,2,0,0,0,3,14,0,0,3,14,0,0,0,0,0,0,0,1,1,1,NONE,NONE,NONE,14,3,14,4,15,4,0.75,4
f0:169.33927,180.175705,189.54221,199.13523,208.28367,213.18194,212.4829025,204.838534,192.27579,176.022794
feature:ji2,2,2,2,2,4,5,0,0,0,2,15,0,0,2,15,0,0,0,0,0,0,0,1,1,1,NONE,NONE,NONE,15,2,15,3,16,3,0.8,2
f0:164.33973,160.6644,155.205496,148.160748333,141.009675,137.871501667,134.609266667,131.056344,134.777473333,149.407351667
feature:de5,2,2,2,5,2,5,0,0,0,1,16,0,0,1,16,0,0,0,0,0,0,0,1,1,4,NONE,NONE,NONE,16,1,16,2,17,2,0.85,5
f0:167.22581,180.98155,194.773366667,208.421153333,219.335353333,223.59128,224.020466667,223.650523333,217.709646667,201.237476667
feature:ba5,2,2,0,5,5,0,0,0,0,0,17,0,0,0,17,0,0,0,110,0,0,0,4,1,0,NONE,NONE,0,17,0,17,1,18,1,0.9,5
f0:180.574951667,161.761002857,143.828613333,130.924743333,121.295572857,120.755,120.755,120.755,120.755,120.755
