feature:na4,2,0,2,4,0,4,0,0,3,7,0,0,3,2,0,0,0,0,0,0,0,0,1,0,1,NONE,0,NONE,0,7,0,8,1,8,0.1,4
f0:363.145766,369.737036,380.533585,380.101672,372.237328,358.879566,337.483082,304.302856667,278.7008,263.444184
feature:cui4,2,2,2,4,4,2,0,0,3,6,1,0,3,1,1,0,0,0,0,0,0,0,1,1,1,NONE,NONE,NONE,1,6,1,7,2,7,0.2,4
f0:259.054,269.67841,282.90601,296.163687143,307.581751429,302.739178571,277.54203,251.639105714,227.125098571,203.860757143
feature:lao2,2,2,2,2,4,1,0,0,3,5,2,0,3,0,2,0,0,1,132.255,0,0,132.255,1,1,1,NONE,NONE,Accented,2,5,2,6,3,6,0.3,2
f0:191.943588333,190.240246667,188.410508333,180.85654,177.809808333,182.642754,190.260235,194.730876667,204.115378333,219.723596667
feature:gong1,2,2,2,1,2,2,0,0,2,4,3,0,2,2,3,1,0,0,135.255,132.255,132.255,135.255,1,1,1,Accented,NONE,NONE,3,4,3,5,4,5,0.4,1
f0:237.274365714,267.480013333,294.285624286,297.34478,296.225311429,296.549983333,300.407212857,306.778362857,316.695566667,318.081897143
feature:pei2,2,2,2,2,1,2,0,1,2,3,4,1,2,1,0,0,1,0,0,135.255,135.255,0,1,1,1,NONE,Accented,NONE,4,3,4,4,5,4,0.5,2
f0:306.47768,286.950505,269.18001,251.409496667,232.886905,220.950361667,204.519045,201.61342,225.236905,242.827343333
feature:chang2,2,2,2,2,2,1,0,1,2,2,5,1,2,0,1,0,0,1,129.90199,0,0,129.90199,1,1,1,NONE,NONE,Accented,5,2,5,3,6,3,0.6,2
f0:240.318626667,235.05435,230.2362,224.435928333,207.199455,183.092396667,176.145766667,180.316116,194.289433333,201.190223333
feature:ji1,2,2,2,1,2,1,0,1,1,1,6,1,1,0,2,1,0,1,133.50999,129.90199,129.90199,133.50999,1,1,3,Accented,NONE,Accented,6,1,6,2,7,2,0.7,1
f0:203.105016,208.986182,233.566922,262.8845,279.844854,283.659355,285.144718,284.508006,272.118556,255.272944
feature:jin1,2,2,2,1,1,3,0,2,0,0,7,2,0,9,0,1,1,0,132.118,133.50999,133.50999,0,3,1,1,Accented,Accented,NONE,7,0,7,1,8,1,0.8,1
f0:259.0348125,272.88424125,281.381215556,287.44283875,294.11558875,294.31650375,292.35884375,293.778441111,298.23931125,299.49233375
feature:yi3,2,2,2,3,1,2,0,0,2,15,0,0,2,8,0,0,1,0,0,0,132.118,0,1,3,1,NONE,Accented,NONE,0,15,0,16,1,16,0.056,3
f0:228.041838333,227.33927,224.142208,220.417438333,215.992186667,212.673903333,210.482085,207.995594,205.01505,199.401581667
feature:wan2,2,2,2,2,3,2,0,0,2,14,1,0,2,7,1,0,0,0,0,0,0,0,1,1,1,NONE,NONE,NONE,1,14,1,15,2,15,0.111,2
f0:188.014653333,189.247883333,201.777316,204.931275,202.531408333,206.775075,228.667376667,258.180124,291.229383333,299.376993333
feature:cheng2,2,2,2,2,2,5,0,0,2,13,2,0,2,6,2,0,0,0,0,0,0,0,1,1,1,NONE,NONE,NONE,2,13,2,14,3,14,0.167,2
f0:292.018132857,282.6118,273.99704,265.325487143,250.078372857,213.271022857,187.988587143,189.538486667,199.254062857,212.663685714
feature:le5,2,2,2,5,2,4,0,0,2,12,3,0,2,5,3,0,0,0,0,0,0,0,1,1,1,NONE,NONE,NONE,3,12,3,13,4,13,0.222,5
f0:219.85633,221.47209,221.440308,220.2803175,218.72663,216.5144025,215.3617075,215.704804,216.1382175,210.162985
feature:da4,2,2,2,4,5,4,0,0,2,11,4,0,2,4,4,0,0,0,0,0,0,0,1,1,1,NONE,NONE,NONE,4,11,4,12,5,12,0.278,4
f0:197.864324286,216.225361429,276.354778571,341.006178571,380.3801625,376.314605714,355.488708571,319.5014,280.547104286,247.120291429
feature:bu4,2,2,2,4,4,4,0,0,2,10,5,0,2,3,5,0,0,0,0,0,0,0,1,1,1,NONE,NONE,NONE,5,10,5,11,6,11,0.333,4
f0:211.847812,175.86781,162.481752,205.02346,238.520541667,235.43804,224.900874,211.868416,197.225811667,188.797094
feature:fen4,2,2,2,4,4,2,0,0,2,9,6,0,2,2,6,0,0,0,0,0,0,0,1,1,1,NONE,NONE,NONE,6,9,6,10,7,10,0.389,4
f0:187.508382857,196.867944286,211.8711125,209.792505714,187.944067143,170.986802857,159.563194286,147.94757625,169.677775714,226.951757143
feature:pei2,2,2,2,2,4,2,0,0,2,8,7,0,2,1,7,0,0,0,0,0,0,0,1,1,1,NONE,NONE,NONE,7,8,7,9,8,9,0.444,2
f0:219.286803333,216.939726667,214.727808333,212.55275,210.961386667,208.732688,198.571336667,199.856966667,228.810815,243.87078
feature:chang2,2,2,2,2,2,1,0,0,2,7,8,0,2,0,8,0,0,1,121.275,0,0,121.275,1,1,1,NONE,NONE,Accented,8,7,8,8,9,8,0.5,2
f0:242.51343,238.798818333,234.999778,231.636928,228.988541667,226.58958,218.768762,203.5404,198.284086667,198.535618
feature:shen1,2,2,2,1,2,3,0,0,1,6,9,0,1,4,9,1,0,0,124.275,121.275,121.275,124.275,1,1,1,Accented,NONE,NONE,9,6,9,7,10,7,0.556,1
f0:211.8082,226.02251,240.553915714,265.02518875,289.988708571,313.239455714,327.17934875,324.69389,324.1829975,326.32626
feature:qing3,2,2,2,3,1,5,0,1,1,5,10,1,1,3,0,0,1,0,0,124.275,124.275,0,1,1,1,NONE,Accented,NONE,10,5,10,6,11,6,0.611,3
f0:314.153214286,292.216231667,269.547672857,246.888076667,228.325215714,206.05722,168.065581667,137.729617143,123.685845,106.580334286
feature:de5,2,2,2,5,3,4,0,1,1,4,11,1,1,2,1,0,0,0,0,0,0,0,1,1,1,NONE,NONE,NONE,11,4,11,5,12,5,0.667,5
f0:100.5017925,102.48477,116.478145,138.53498,146.076422,150.84486,156.666935,160.0698075,166.974515,179.99731
feature:shou4,2,2,2,4,5,3,0,1,1,3,12,1,1,1,2,0,0,0,0,0,0,0,1,1,1,NONE,NONE,NONE,12,3,12,4,13,4,0.722,4
f0:191.872782857,212.262845714,241.885661429,271.707105714,301.519142857,323.269935714,320.0022,293.308131429,261.217455714,221.002315714
feature:li3,2,2,2,3,4,1,0,1,1,2,13,1,1,0,3,0,0,1,117.353,0,0,117.353,1,1,1,NONE,NONE,Accented,13,2,13,3,14,3,0.778,3
f0:187.9589475,181.146445,167.4578525,150.3985225,137.7199675,123.5021075,109.41675,102.1238875,103.7084325,116.0688825
feature:gong1,2,2,2,1,3,4,0,1,0,1,14,1,0,1,4,1,0,0,120.353,117.353,117.353,120.353,1,1,4,Accented,NONE,NONE,14,1,14,2,15,2,0.833,1
f0:139.214441667,165.389524,191.144003333,206.583908,207.716326667,206.497453333,204.867796,205.665865,210.762412,215.062105
feature:zuo4,2,2,0,4,1,0,0,2,0,0,15,2,0,0,0,0,1,0,110,120.353,120.353,0,4,1,0,NONE,Accented,0,15,0,15,1,16,1,0.889,4
f0:217.53097,221.876098333,225.705756667,216.672026667,182.816101667,149.745768,128.045615,170.370291667,247.684481667,252.203018333
