feature:ru2,2,0,2,2,0,1,0,0,3,11,0,0,3,0,0,0,0,1,132.778,0,0,132.778,1,0,1,NONE,0,Accented,0,11,0,12,1,12,0.071,2
f0:211.653777143,217.403881667,217.471667143,211.897362857,211.153522857,213.308241667,217.462864286,224.328462857,231.44475,234.496902857
feature:ha1,2,2,2,1,2,2,0,0,2,10,1,0,2,1,1,1,0,0,135.778,132.778,132.778,135.778,1,1,1,Accented,NONE,NONE,1,10,1,11,2,11,0.143,1
f0:237.317235,249.632695,266.216804286,282.800911667,295.763038333,301.804076667,307.59466,309.501425714,310.788506667,302.741486667
feature:fo2,2,2,2,2,1,1,0,1,2,9,2,1,2,0,0,0,1,1,129.815,135.778,135.778,129.815,1,1,1,NONE,Accented,Accented,2,9,2,10,3,10,0.214,2
f0:226.521545556,210.96753,224.552137778,201.667028889,175.667554444,171.00156375,171.785297778,178.558006667,186.15870375,196.163255556
feature:ge1,2,2,2,1,2,2,0,1,1,8,3,1,1,5,1,1,0,0,132.815,129.815,129.815,132.815,1,1,1,Accented,NONE,NONE,3,8,3,9,4,9,0.286,1
f0:208.67116,219.995178,244.121258333,269.512514,294.470866667,311.217463333,321.835722,327.965045,328.163596,313.889568333
feature:lun2,2,2,2,2,1,3,0,2,1,7,4,2,1,4,0,0,1,0,0,132.815,132.815,0,1,1,1,NONE,Accented,NONE,4,7,4,8,5,8,0.357,2
f0:295.980914,284.226418333,270.93714,250.179926,234.490236667,234.502348,244.628424,261.052878,275.729958333,269.469272
feature:bi3,2,2,2,3,2,4,0,2,1,6,5,2,1,3,1,0,0,0,0,0,0,0,1,1,1,NONE,NONE,NONE,5,6,5,7,6,7,0.429,3
f0:241.0865125,233.285506667,237.9727975,243.192386667,243.50942,238.080415,226.178356667,211.46261,194.32577,177.4237775
feature:ya4,2,2,2,4,3,3,0,2,1,5,6,2,1,2,2,0,0,0,0,0,0,0,1,1,1,NONE,NONE,NONE,6,5,6,6,7,6,0.5,4
f0:148.58847,142.861117,151.007988182,193.833488182,234.221676364,220.236219,182.008481818,146.936620909,121.438168,107.756757273
feature:pu3,2,2,2,3,4,2,0,2,1,4,7,2,1,1,3,0,0,0,0,0,0,0,1,1,1,NONE,NONE,NONE,7,4,7,5,8,5,0.571,3
f0:118.679688571,137.521161429,156.747527143,175.9739,195.200261429,213.701831429,218.26103,193.913587143,173.240854286,159.273352857
feature:lin2,2,2,2,2,3,1,0,2,1,3,8,2,1,0,4,0,0,1,120.926,0,0,120.926,1,1,1,NONE,NONE,Accented,8,3,8,4,9,4,0.643,2
f0:150.77608,149.46039,148.407208,145.57088,144.720626,145.1869325,150.182218,164.9072525,184.598634,193.074005
feature:si1,2,2,2,1,2,4,0,2,0,2,9,2,0,2,5,1,0,0,123.926,120.926,120.926,123.926,1,1,1,Accented,NONE,NONE,9,2,9,3,10,3,0.714,1
f0:196.097064,203.320071667,226.650658,254.411872,285.45878,307.52248,311.893724,311.201232,308.38173,308.278998
feature:dun4,2,2,2,4,1,3,0,3,0,1,10,3,0,1,0,0,1,0,0,123.926,123.926,0,1,1,4,NONE,Accented,NONE,10,1,10,2,11,2,0.786,4
f0:323.473765,338.062603333,337.100916,327.770843333,302.617666667,265.266098333,217.290923333,182.174546,154.50445,141.261056667
feature:deng3,2,2,0,3,4,0,0,3,0,0,11,3,0,0,1,0,0,0,110,0,0,0,4,1,0,NONE,NONE,0,11,0,11,1,12,1,0.857,3
f0:139.61652,148.429368571,149.485178571,144.177608571,141.256282857,137.953705,127.599177143,122.992041429,189.29736,218.499715714
