feature:qie3,2,0,2,3,0,4,0,0,5,21,0,0,5,1,0,0,0,0,0,0,0,0,1,0,1,NONE,0,NONE,0,21,0,22,1,16,0.056,3
f0:242.101,242.101,242.101,242.101,240.289084,228.96663,208.882282,195.192546,192.999426,191.82219
feature:bu4,2,2,2,4,3,1,0,0,5,20,1,0,5,0,1,0,0,1,132.778,0,0,132.778,1,1,1,NONE,NONE,Accented,1,20,1,21,2,15,0.111,4
f0:190.464465,191.199425,205.1127775,238.0907525,255.010875,262.9441225,265.5156175,265.7412025,264.0549925,262.4184475
feature:shuo1,2,2,2,1,4,3,0,0,4,19,2,0,4,2,2,1,0,0,135.778,132.778,132.778,135.778,1,1,1,Accented,NONE,NONE,2,19,2,20,3,14,0.167,1
f0:265.69098,276.207192857,287.11737625,290.893977143,287.1869575,285.485327143,285.26641125,286.30279,290.8831675,291.896607143
feature:xiao3,2,2,1,3,1,4,0,1,4,18,3,1,4,1,0,0,1,0,125.556,135.778,135.778,125.556,1,1,1,NONE,Accented,NONE,3,18,3,19,4,13,0.222,3
f0:272.703735,265.50521,263.2318375,259.462933333,217.4976125,162.68109,142.050665556,134.6605125,140.864826667,168.18992875
feature:er4,1,2,2,4,3,1,0,1,4,17,4,1,4,0,1,0,0,1,130.556,125.556,125.556,130.556,1,1,1,NONE,NONE,Accented,4,17,4,18,5,12,0.278,4
f0:208.102678,221.8412825,223.813244,221.3498,215.25449,207.984936,202.48013,201.026284,202.10312,204.478634
feature:hei1,2,1,2,1,4,2,0,1,3,16,5,1,3,1,2,1,0,0,133.556,130.556,130.556,133.556,1,1,1,Accented,NONE,NONE,5,16,5,17,6,11,0.333,1
f0:208.75008,222.490796667,240.060908333,257.752965,288.41218,314.658223333,319.776681667,324.343683333,324.534315,310.58346
feature:jie2,2,2,2,2,1,1,0,2,3,15,6,2,3,0,0,0,1,1,128.778,133.556,133.556,128.778,1,1,1,NONE,Accented,Accented,6,15,6,16,7,10,0.389,2
f0:289.482762,272.23057,255.015718,237.800848333,216.6278,198.43374,181.742698333,168.175274,163.753356667,172.92883
feature:hun1,2,2,2,1,2,4,0,2,2,14,7,2,2,3,1,1,0,0,131.778,128.778,128.778,131.778,1,1,1,Accented,NONE,NONE,7,14,7,15,8,9,0.444,1
f0:188.720511111,105.185505,119.524893333,225.842445556,304.664438,312.783204444,311.334024444,310.18793,313.568618,318.917074444
feature:shi4,2,2,2,4,1,2,0,3,2,13,8,3,2,2,0,0,1,0,0,131.778,131.778,0,1,1,1,NONE,Accented,NONE,8,13,8,14,9,8,0.5,4
f0:324.668661667,332.657573333,342.668798333,352.680008333,362.691228333,372.674641667,379.171725,378.425085,363.924488333,318.236061667
feature:bu2,2,2,2,2,4,4,0,3,2,12,9,3,2,1,1,0,0,0,0,0,0,0,1,1,1,NONE,NONE,NONE,9,12,9,13,10,7,0.556,2
f0:269.0044,256.7100525,255.1749125,254.6868425,253.991706,253.498785,253.07277,252.7025475,252.573155,251.4692875
feature:shi4,2,2,2,4,2,1,0,3,2,11,10,3,2,0,2,0,0,1,125.222,0,0,125.222,1,1,1,NONE,NONE,Accented,10,11,10,12,11,6,0.611,4
f0:253.158071667,261.157725714,272.99269,282.933027143,265.884448333,234.543943333,216.557118571,209.199423333,207.918775714,200.287531667
feature:dan1,2,2,2,1,4,1,0,3,1,10,11,3,1,0,3,1,0,1,128.7775,125.222,125.222,128.7775,1,1,1,Accented,NONE,Accented,11,10,11,11,12,5,0.667,1
f0:204.800296667,246.92997,300.257995,316.568983333,317.39571,320.867476667,323.894041667,324.527251667,323.311084286,317.973058333
feature:dan1,2,2,2,1,1,3,0,4,0,9,12,4,0,9,0,1,1,0,127.333,128.7775,128.7775,127.333,1,1,1,Accented,Accented,NONE,12,9,12,10,13,4,0.722,1
f0:316.707568,326.322882,334.383895,334.351318,332.221616,331.257672,331.526184,332.682898333,332.452246,325.237498
feature:xie3,2,2,2,3,1,5,0,5,0,8,13,5,0,8,0,0,1,0,0,127.333,127.333,0,1,1,1,NONE,Accented,NONE,13,8,13,9,14,3,0.778,3
f0:313.6798,297.876517143,276.775496667,257.42049,236.130002857,214.863161667,199.862913333,186.042215,149.067074286,123.078766667
feature:le5,2,2,2,5,3,4,0,5,0,7,14,5,0,7,1,0,0,0,0,0,0,0,1,1,1,NONE,NONE,NONE,14,7,14,8,15,2,0.833,5
f0:118.0435225,117.66328,121.0777925,129.371336667,134.5828,139.2954,143.751666667,146.297065,150.086006667,155.58219
feature:ge4,2,2,2,4,5,2,0,5,0,6,15,5,0,6,2,0,0,0,0,0,0,0,1,1,1,NONE,NONE,NONE,15,6,15,7,16,1,0.889,4
f0:173.247032,184.587948,194.9499,200.406042,198.726488,190.3672075,179.700542,143.998782,75.030336,66.18391
feature:nan2,2,2,2,2,4,3,0,5,0,5,16,5,0,5,3,0,0,0,0,0,0,0,1,1,1,NONE,NONE,NONE,16,5,16,6,1,6,0.125,2
f0:189.728,189.333163333,188.793882,186.616883333,180.937462,176.886588,174.028545,179.464398,201.783376667,228.130044
feature:nv3,2,2,2,3,2,4,0,5,0,4,17,5,0,4,4,0,0,0,0,0,0,0,1,1,1,NONE,NONE,NONE,17,4,17,5,2,5,0.25,3
f0:255.026165714,273.492786667,281.983424286,275.647873333,247.291118571,207.559072857,164.6518,134.884405714,117.31537,140.744501429
feature:lian4,2,2,1,4,3,4,0,5,0,3,18,5,0,3,5,0,0,0,0,0,0,0,1,1,1,NONE,NONE,NONE,18,3,18,4,3,4,0.375,4
f0:176.28332,222.25893,251.13648,266.846301429,265.8729225,248.781164286,239.809922857,248.69826,271.25271,289.092821429
feature:ai4,1,2,2,4,4,4,0,5,0,2,19,5,0,2,6,0,0,0,0,0,0,0,1,1,1,NONE,NONE,NONE,19,2,19,3,4,3,0.5,4
f0:292.866346667,291.8660675,286.154843333,273.40689,257.28322,241.94745,221.2603625,199.324363333,180.0890275,168.419176667
feature:gu4,2,1,2,4,4,5,0,5,0,1,20,5,0,1,7,0,0,0,0,0,0,0,1,1,4,NONE,NONE,NONE,20,1,20,2,5,2,0.625,4
f0:167.285864,173.31715,184.020464,190.50748,181.712124,170.586784,154.290753333,144.318518,119.570961667,108.242574
feature:shi5,2,2,0,5,4,0,0,5,0,0,21,5,0,0,8,0,0,0,110,0,0,0,4,1,0,NONE,NONE,0,21,0,21,1,6,1,0.75,5
f0:112.114386667,121.916648571,132.007855,141.18168,151.182838571,157.220565,160.249321667,191.784425,232.868722857,240.949618333
