feature:dan4,2,0,2,4,0,4,0,0,5,18,0,0,5,1,0,0,0,0,0,0,0,0,1,0,1,NONE,0,NONE,0,18,0,19,1,6,0.125,4
f0:389.348008,388.971235,383.19334,376.4306125,367.944,354.886185,337.75664,313.76957,301.732832,295.9982925
feature:zai4,2,2,2,4,4,1,0,0,5,17,1,0,5,0,1,0,0,1,132.561,0,0,132.561,1,1,1,NONE,NONE,Accented,1,17,1,18,2,5,0.25,4
f0:301.721394286,311.306481667,298.216137143,270.615848571,254.267014286,245.312578333,239.279967143,236.285535714,236.088008333,231.969991429
feature:jin1,2,2,2,1,4,2,0,0,4,16,2,0,4,6,2,1,0,0,135.561,132.561,132.561,135.561,1,1,1,Accented,NONE,NONE,2,16,2,17,3,4,0.375,1
f0:222.101154,228.5730875,243.43483,261.048742,278.662646,294.0748275,311.02163,324.537126,331.1462025,332.54303
feature:nian2,2,2,2,2,1,4,0,1,4,15,3,1,4,5,0,0,1,0,0,135.561,135.561,0,1,1,1,NONE,Accented,NONE,3,15,3,16,4,3,0.5,2
f0:329.115312857,312.825924286,282.421281429,242.720442857,202.57029,186.29362,186.97575,199.177972857,223.50726,243.910652857
feature:si4,2,2,2,4,2,5,0,1,4,14,4,1,4,4,1,0,0,0,0,0,0,0,1,1,1,NONE,NONE,NONE,4,14,4,15,5,2,0.625,4
f0:261.9480875,284.567578571,307.32250125,330.077418571,350.94086875,354.461912857,326.49562125,282.38498,240.37468,221.460147143
feature:yue5,2,2,2,5,4,2,0,1,4,13,5,1,4,3,2,0,0,0,0,0,0,0,1,1,1,NONE,NONE,NONE,5,13,5,14,6,1,0.75,5
f0:218.6419975,217.613672857,204.8631925,190.793382857,179.65229375,175.46967875,171.17806,161.7483925,265.782534286,289.54948375
feature:lu2,2,2,2,2,5,4,0,1,4,12,6,1,4,2,3,0,0,0,0,0,0,0,1,1,1,NONE,NONE,NONE,6,12,6,13,1,13,0.067,2
f0:103.362298333,146.891048,198.885505,206.941438333,203.318271667,202.191906,217.65193,237.552696667,254.73385,271.379158333
feature:sa4,2,2,2,4,2,3,0,1,4,11,7,1,4,1,4,0,0,0,0,0,0,0,1,1,1,NONE,NONE,NONE,7,11,7,12,2,12,0.133,4
f0:282.502711667,303.144771667,328.72407,353.08018,362.197155,355.015985,333.978086667,307.125433333,276.743371667,243.662241667
feature:ka3,2,2,2,3,4,1,0,1,4,10,8,1,4,0,5,0,0,1,125.73199,0,0,125.73199,1,1,1,NONE,NONE,Accented,8,10,8,11,3,11,0.2,3
f0:204.79542375,182.359307143,190.67021875,208.63491625,213.75683375,195.035551429,171.1892625,154.81959875,152.089341429,157.5675025
feature:zhong1,2,2,2,1,3,1,0,1,3,9,9,1,3,0,6,1,0,1,129.24399,125.73199,125.73199,129.24399,1,1,1,Accented,NONE,Accented,9,9,9,10,4,10,0.267,1
f0:175.00837,201.832285714,237.525311667,270.397258333,302.168497143,309.980188333,307.771803333,304.983241667,305.154777143,300.003168333
feature:fei1,2,2,2,1,1,4,0,2,2,8,10,2,2,3,0,1,1,0,127.756,129.24399,129.24399,127.756,1,1,1,Accented,Accented,NONE,10,8,10,9,5,9,0.333,1
f0:289.105276667,291.656865714,299.208205,306.350468571,308.435048333,307.222416667,305.645421429,304.858146667,304.765574286,304.48601
feature:bu4,2,2,2,4,1,3,0,3,2,7,11,3,2,2,0,0,1,0,0,127.756,127.756,0,1,1,1,NONE,Accented,NONE,11,7,11,8,6,8,0.4,4
f0:305.801556667,317.848953333,332.249516,346.659625,362.626401667,373.033715,373.094903333,363.91588,336.223861667,285.55878
feature:zhang3,2,2,2,3,4,2,0,3,2,6,12,3,2,1,1,0,0,0,0,0,0,0,1,1,1,NONE,NONE,NONE,12,6,12,7,7,7,0.467,3
f0:264.739556667,256.262,240.819168333,203.084016667,167.358335,144.273853333,132.771478333,130.423988333,131.246221667,140.423671667
feature:ji2,2,2,2,2,3,1,0,3,2,5,13,3,2,0,2,0,0,1,120.854,0,0,120.854,1,1,1,NONE,NONE,Accented,13,5,13,6,8,6,0.533,2
f0:155.543555,157.717268,157.776718333,157.836164,158.233086667,160.153954,163.015391667,165.498422,172.640171667,180.759248
feature:cuo1,2,2,2,1,2,1,0,3,1,4,14,3,1,0,3,1,0,1,124.366,120.854,120.854,124.366,1,1,1,Accented,NONE,Accented,14,4,14,5,9,5,0.6,1
f0:188.809073333,210.167758333,236.55551,262.943266667,286.932131667,308.05568,312.907955,308.9167,305.780898333,302.698483333
feature:shang1,2,2,2,1,1,4,0,4,0,3,15,4,0,3,0,1,1,0,122.878,124.366,124.366,122.878,1,1,1,Accented,Accented,NONE,15,3,15,4,10,4,0.667,1
f0:300.37776,302.487032,306.28135,310.32707,317.824408,321.104236,318.659402,315.650735,314.82273,316.392976
feature:hui4,2,2,2,4,1,4,0,5,0,2,16,5,0,2,0,0,1,0,0,122.878,122.878,0,1,1,1,NONE,Accented,NONE,16,2,16,3,11,3,0.733,4
f0:315.79492,311.950943333,315.347976,323.055628,332.00476,338.382738,336.733716,326.453572,297.92366,261.29033
feature:yi4,2,2,2,4,4,4,0,5,0,1,17,5,0,1,1,0,0,0,0,0,0,0,1,1,4,NONE,NONE,NONE,17,1,17,2,12,2,0.8,4
f0:232.60135,211.329868,197.2052325,184.705196,171.112196,159.047246,157.457718,159.39165,159.841788,159.854042
feature:shang4,2,2,0,4,4,0,0,5,0,0,18,5,0,0,2,0,0,0,110,0,0,0,4,1,0,NONE,NONE,0,18,0,18,1,13,1,0.867,4
f0:164.865347143,177.914808571,190.786494286,190.362528571,169.67895,149.287285714,124.52637,132.582572857,185.040994286,223.926135714
