feature:ta1,2,0,2,1,0,5,0,0,3,16,0,0,3,1,0,1,0,0,137.459,139.459,0,137.459,1,0,1,Accented,0,NONE,0,16,0,17,1,5,0.143,1
f0:319.33301,319.33301,319.33301,319.33301,319.05024,313.1887925,304.2006925,302.020295,300.1129975,296.5121075
feature:men5,2,2,2,5,1,1,0,0,3,15,1,0,3,0,0,0,1,1,132.297,137.459,137.459,132.297,1,1,1,NONE,Accented,Accented,1,15,1,16,2,4,0.286,5
f0:289.14377375,279.40646,266.36976875,247.08519,229.62707,220.79441,216.407548571,216.0189675,221.152205714,229.19556875
feature:jian1,2,2,2,1,5,4,0,0,2,14,2,0,2,2,1,1,0,0,135.297,132.297,132.297,135.297,1,1,1,Accented,NONE,NONE,2,14,2,15,3,3,0.429,1
f0:247.018882857,275.195628333,304.222338571,332.292061667,346.561894286,351.19682,350.936838333,343.798767143,347.750031667,343.038174286
feature:bu4,2,2,2,4,1,3,0,1,2,13,3,1,2,1,0,0,1,0,0,135.297,135.297,0,1,1,1,NONE,Accented,NONE,3,13,3,14,4,2,0.571,4
f0:335.81574,337.3525925,338.188938,329.244912,302.829708,278.028225,253.142616,228.138886,204.0541,193.334342
feature:ke3,2,2,2,3,4,1,0,1,2,12,4,1,2,0,1,0,0,1,124.054,0,0,134.054,1,1,1,NONE,NONE,Accented,4,12,4,13,5,1,0.714,3
f0:192.7548,193.772993333,195.129416667,196.491588333,197.970508571,198.492075,193.119025,170.19983,144.436208333,123.694078333
feature:cui1,2,2,2,1,3,5,0,1,1,11,5,1,1,1,2,1,0,0,132.054,134.054,124.054,132.054,1,1,1,Accented,NONE,NONE,5,11,5,12,1,12,0.071,1
f0:242.511013333,242.51102,242.51102,242.51102,243.624911429,257.065623333,262.240601667,263.835901667,264.804241667,252.740766667
feature:de5,2,2,2,5,1,1,0,2,1,10,6,2,1,0,0,0,1,1,126.892,132.054,132.054,126.892,1,1,1,NONE,Accented,Accented,6,10,6,11,2,11,0.143,5
f0:237.294065,236.248335,234.3244125,221.06377,209.12825,200.65902,195.8590075,194.9886525,194.7871175,194.744955
feature:si1,2,2,2,1,5,2,0,2,0,9,7,2,0,9,1,1,0,0,129.892,126.892,126.892,129.892,1,1,1,Accented,NONE,NONE,7,9,7,10,3,10,0.214,1
f0:197.782121667,211.968716667,233.499973333,255.131273333,278.92569,302.850855,329.32407,350.111068333,357.77854,351.494345
feature:xiang2,2,2,2,2,1,3,0,3,0,8,8,3,0,8,0,0,1,0,0,129.892,129.892,0,1,1,1,NONE,Accented,NONE,8,8,8,9,4,9,0.286,2
f0:314.490395455,268.693412727,234.099107,192.092038182,151.36906,164.289281818,170.7924,172.21146,192.696761818,148.751959091
feature:ti3,2,2,2,3,2,4,0,3,0,7,9,3,0,7,1,0,0,0,0,0,0,0,1,1,1,NONE,NONE,NONE,9,7,9,8,5,8,0.357,3
f0:138.525258333,157.127123333,174.451664,191.776193333,210.009741667,215.81286,202.188318333,174.622382,151.57452,151.767006667
feature:xian4,2,2,2,4,3,4,0,3,0,6,10,3,0,6,2,0,0,0,0,0,0,0,1,1,1,NONE,NONE,NONE,10,6,10,7,6,7,0.429,4
f0:172.657365,198.028002857,223.212503333,245.613718571,251.272415,239.872648333,218.687531429,201.247145,193.477771429,191.098615
feature:zai4,2,2,2,4,4,2,0,3,0,5,11,3,0,5,3,0,0,0,0,0,0,0,1,1,1,NONE,NONE,NONE,11,5,11,6,7,6,0.5,4
f0:189.961641667,203.803076667,215.056141667,208.840068333,195.013992857,187.668105,181.243661667,176.262081667,172.798488333,171.115488333
feature:mo2,2,2,2,2,4,2,0,3,0,4,12,3,0,4,4,0,0,0,0,0,0,0,1,1,1,NONE,NONE,NONE,12,4,12,5,8,5,0.571,2
f0:172.743536667,177.131248571,182.131366667,182.17484,179.498,179.256216667,182.05553,201.463321667,242.720702857,275.45216
feature:ya2,2,2,2,2,2,2,0,3,0,3,13,3,0,3,5,0,0,0,0,0,0,0,1,1,1,NONE,NONE,NONE,13,3,13,4,9,4,0.643,2
f0:280.972015,273.520711667,261.535275,232.199688333,193.094075,165.962348333,158.918861667,164.00395,187.133683333,210.452805
feature:shi2,2,2,2,2,2,4,0,3,0,2,14,3,0,2,6,0,0,0,0,0,0,0,1,1,1,NONE,NONE,NONE,14,2,14,3,10,3,0.714,2
f0:213.078164,211.522562,209.081266667,206.633398,204.45752,202.28164,200.105752,197.657873333,188.505724,175.991468
feature:xiang4,2,2,2,4,2,4,0,3,0,1,15,3,0,1,7,0,0,0,0,0,0,0,1,1,4,NONE,NONE,NONE,15,1,15,2,11,2,0.786,4
f0:177.1208025,199.4653,234.457677143,269.7732575,300.6074375,298.81910125,269.584145,219.686972857,164.40381125,150.06672125
feature:shang4,2,2,0,4,4,0,0,3,0,0,16,3,0,0,8,0,0,0,110,0,0,0,4,1,0,NONE,NONE,0,16,0,16,1,12,1,0.857,4
f0:164.571927143,175.112,186.015467143,192.162357143,170.763092857,148.345196667,138.039601429,132.630325714,156.473672857,206.301994286
