feature:ji2,2,0,2,2,0,2,0,0,5,16,0,0,5,2,0,0,0,0,0,130,0,0,1,0,1,NONE,0,NONE,0,16,0,17,1,17,0.053,2
f0:228.260165,237.011,236.489686,234.605488333,235.725341667,245.107193333,270.596281667,302.5081,318.868785,320.509013333
feature:zhuo2,2,2,2,2,2,4,0,0,5,15,1,0,5,1,1,0,0,0,0,0,0,0,1,1,1,NONE,NONE,NONE,1,15,1,16,2,16,0.105,2
f0:320.552282,320.64998,317.376195,288.39049,264.08605,241.099252,222.300154,221.287775,233.316552,246.585916
feature:ya4,2,2,2,4,2,1,0,0,5,14,2,0,5,0,2,0,0,1,131.216,0,0,131.216,1,1,1,NONE,NONE,Accented,2,14,2,15,3,15,0.158,4
f0:258.432471667,282.436095714,308.649031667,307.099441667,287.591931429,263.469088333,241.069001667,219.58654,210.142495714,213.266941667
feature:xi1,2,2,2,1,4,1,0,0,4,13,3,0,4,0,3,1,0,1,134.67551,131.216,131.216,134.67551,1,1,1,Accented,NONE,Accented,3,13,3,14,4,14,0.211,1
f0:222.980151667,233.923123333,250.686673333,267.940598333,286.919922857,302.278686667,306.375523333,307.89302,307.055398333,301.63657
feature:sheng1,2,2,2,1,1,4,0,1,3,12,4,1,3,6,0,1,1,0,133.13499,134.67551,134.67551,133.13499,1,1,1,Accented,Accented,NONE,4,12,4,13,5,13,0.263,1
f0:301.253395,303.806995,307.014728571,310.54394,310.054815,305.350091667,304.172731667,306.262251429,308.68885,305.92391
feature:di4,2,2,2,4,1,4,0,2,3,11,5,2,3,5,0,0,1,0,0,133.13499,133.13499,0,1,1,1,NONE,Accented,NONE,5,11,5,12,6,12,0.316,4
f0:293.29307125,284.980235,265.86846,231.74514,207.50226625,191.8760025,178.83053375,170.296667778,181.10115125,194.31678625
feature:pei4,2,2,2,4,4,2,0,2,3,10,6,2,3,4,1,0,0,0,0,0,0,0,1,1,1,NONE,NONE,NONE,6,10,6,11,7,11,0.368,4
f0:219.106648571,245.44856,271.790497143,300.52713,329.26379,356.740758333,369.728524286,351.053934286,316.463075,265.641694286
feature:de2,2,2,2,2,4,3,0,2,3,9,7,2,3,3,2,0,0,0,0,0,0,0,1,1,1,NONE,NONE,NONE,7,9,7,10,8,10,0.421,2
f0:217.16735,217.57328,222.121045,220.475014,210.1577125,204.5597775,204.113914,206.6119175,218.387944,228.2298
feature:li3,2,2,2,3,2,4,0,2,3,8,8,2,3,2,3,0,0,0,0,0,0,0,1,1,1,NONE,NONE,NONE,8,8,8,9,9,9,0.474,3
f0:228.8385,228.732222,227.242842,223.8309,210.780771667,181.210194,156.53791,146.223358,146.384968,152.40323
feature:xie4,2,2,2,4,3,4,0,2,3,7,9,2,3,1,4,0,0,0,0,0,0,0,1,1,1,NONE,NONE,NONE,9,7,9,8,10,8,0.526,4
f0:163.247366,182.941505,203.072768,220.96724,240.910668333,253.921554,253.849962,245.109468,232.11555,222.538796
feature:wo4,2,2,2,4,4,1,0,2,3,6,10,2,3,0,5,0,0,1,122.568,0,0,122.568,1,1,1,NONE,NONE,Accented,10,6,10,7,11,7,0.579,4
f0:225.571678571,241.883894286,252.979711667,276.507035714,299.533307143,303.95957,278.705731429,230.838906667,193.66618,178.063325714
feature:cun1,2,2,2,1,4,3,0,2,2,5,11,2,2,3,6,1,0,0,125.568,122.568,122.568,125.568,1,1,1,Accented,NONE,NONE,11,5,11,6,12,6,0.632,1
f0:191.237311,215.630295,239.885989,252.52961,241.422903,237.255824444,235.099815,237.653887,244.47767,238.04079
feature:jie3,2,2,2,3,1,4,0,3,2,4,12,3,2,2,0,0,1,0,0,125.568,125.568,0,1,1,1,NONE,Accented,NONE,12,4,12,5,13,5,0.684,3
f0:233.403855,229.32028,224.6818,220.03642,213.96644,195.491741667,173.325818,149.466181667,133.73339,135.084395
feature:fang4,2,2,2,4,3,5,0,3,2,3,13,3,2,1,1,0,0,0,0,0,0,0,1,1,1,NONE,NONE,NONE,13,3,13,4,14,4,0.737,4
f0:163.024998571,201.974526667,240.820117143,267.316265,266.761508571,255.029545714,236.83323,212.678558571,188.651731667,174.214937143
feature:de5,2,2,2,5,4,1,0,3,2,2,14,3,2,0,2,0,0,1,118.243,0,0,118.243,1,1,1,NONE,NONE,Accented,14,2,14,3,15,3,0.789,5
f0:163.3399,162.35564,161.02241,157.71528,155.39138,154.893833333,155.4468575,158.275863333,164.7095825,174.936636667
feature:dang1,2,2,2,1,5,1,0,3,1,1,15,3,1,0,3,1,0,1,121.7025,118.243,118.243,121.7025,1,1,4,Accented,NONE,Accented,15,1,15,2,16,2,0.842,1
f0:192.634601667,220.570204286,248.437356667,266.65731,271.633971667,270.692866667,269.359048571,270.01857,271.955695714,264.313766667
feature:tian1,2,2,0,1,1,0,0,4,0,0,16,4,0,0,0,1,1,0,120.162,121.7025,121.7025,0,4,1,0,Accented,Accented,0,16,0,16,1,17,1,0.895,1
f0:254.93566,256.601562,260.293358889,271.541812222,265.10269,258.618875556,257.343005556,257.25301,257.553075,241.606693333
