feature:ta1,2,0,2,1,0,2,0,0,1,4,0,0,1,2,0,1,0,0,137.487,139.487,0,137.487,1,0,1,Accented,0,NONE,0,4,0,5,1,5,0.143,1
f0:279.13199,279.311086667,287.728668571,289.123021429,283.214157143,281.326406667,281.923714286,286.420714286,290.470085,289.155255714
feature:yuan2,2,2,2,2,1,3,0,0,1,3,1,0,1,1,0,0,1,0,0,137.487,137.487,0,1,1,1,NONE,Accented,NONE,1,3,1,4,2,4,0.286,2
f0:274.611518571,247.973704286,223.47140375,210.492801429,182.624574286,166.040421429,177.033781429,209.146395,244.943681429,262.0012
feature:ben3,2,2,2,3,2,1,0,0,1,2,2,0,1,0,1,0,0,1,131.41,0,0,131.41,1,1,1,NONE,NONE,Accented,2,2,2,3,3,3,0.429,3
f0:254.995604,252.705,251.451172,233.80943,199.507895,163.730714,129.08968,112.159356,109.775125,108.120962
feature:da1,2,2,2,1,3,5,0,0,0,1,3,0,0,2,2,1,0,0,134.41,131.41,131.41,134.41,1,1,3,Accented,NONE,NONE,3,1,3,2,4,2,0.571,1
f0:120.965752,177.877058,240.204345,253.911712,252.96112,253.03032,255.53762,259.553331667,265.345274,267.568462
feature:ying5,2,2,2,5,1,3,0,1,0,0,4,1,0,1,0,0,1,0,0,134.41,134.41,0,3,1,1,NONE,Accented,NONE,4,0,4,1,5,1,0.714,5
f0:256.6500375,234.72487125,217.432885714,197.57610125,168.8734575,139.31568875,92.09451375,91.8434342857,106.3990775,182.67663125
feature:gei3,2,2,2,3,5,1,0,0,1,8,0,0,1,0,1,0,0,1,128.33299,0,0,128.33299,1,3,1,NONE,NONE,Accented,0,8,0,9,1,9,0.091,3
f0:258.327,258.327,256.339991429,225.374832857,197.8891575,186.327255,177.633,175.487868571,180.8999825,189.921274286
feature:shen1,2,2,2,1,3,4,0,0,0,7,1,0,0,7,2,1,0,0,131.33299,128.33299,128.33299,131.33299,1,1,1,Accented,NONE,NONE,1,7,1,8,2,8,0.182,1
f0:194.840782,209.151956667,231.71628,254.624911667,277.533558,297.639008,311.09739,313.035974,313.310876667,313.924126
feature:huan4,2,2,2,4,1,2,0,1,0,6,2,1,0,6,0,0,1,0,0,131.33299,131.33299,0,1,1,1,NONE,Accented,NONE,2,6,2,7,3,7,0.273,4
f0:314.705033333,302.754801111,299.046637778,303.780666667,295.302771,248.192202222,215.028894444,189.321947778,181.254998889,183.223073333
feature:bai2,2,2,2,2,4,4,0,1,0,5,3,1,0,5,1,0,0,0,0,0,0,0,1,1,1,NONE,NONE,NONE,3,5,3,6,4,6,0.364,2
f0:204.606861667,223.685794,205.567758333,180.929536667,162.44585,155.762586,157.075478333,165.844115,182.870078,217.486666667
feature:xue4,2,2,2,4,2,4,0,1,0,4,4,1,0,4,2,0,0,0,0,0,0,0,1,1,1,NONE,NONE,NONE,4,4,4,5,5,5,0.455,4
f0:242.995366667,257.358171429,277.541243333,298.093932857,318.646616667,335.308381667,339.33063,329.124013333,305.723745714,278.643435
feature:bing4,2,2,2,4,4,5,0,1,0,3,5,1,0,3,3,0,0,0,0,0,0,0,1,1,1,NONE,NONE,NONE,5,3,5,4,6,4,0.545,4
f0:259.70545,267.715311667,282.167028333,285.730233333,277.398635,256.704898,234.301565,215.163141667,202.778651667,192.594375
feature:de5,2,2,2,5,4,4,0,1,0,2,6,1,0,2,4,0,0,0,0,0,0,0,1,1,1,NONE,NONE,NONE,6,2,6,3,7,3,0.636,5
f0:183.180525,178.787946667,171.9847025,165.214016667,158.1296075,153.474193333,151.9924325,153.743696667,159.4322775,167.366206667
feature:di4,2,2,2,4,5,5,0,1,0,1,7,1,0,1,5,0,0,0,0,0,0,0,1,1,3,NONE,NONE,NONE,7,1,7,2,8,2,0.727,4
f0:189.458303333,215.407131667,241.317576667,264.055128333,267.892545714,251.342405,225.690643333,198.699996667,179.293293333,169.67488
feature:di5,2,2,2,5,4,1,0,1,0,0,8,1,0,0,6,0,0,1,115.128,0,0,125.128,3,1,1,NONE,NONE,Accented,8,0,8,1,9,1,0.818,5
f0:172.26388,179.192184286,174.562875,166.888645,158.065802857,151.64824,136.469265,115.11139,110.533771429,117.251323333
feature:juan1,2,2,2,1,5,4,0,0,0,3,0,0,0,3,7,1,0,0,123.128,125.128,115.128,123.128,1,3,1,Accented,NONE,NONE,0,3,0,4,1,4,0.167,1
f0:299.08301,299.08301,299.08301,299.146905,301.051836,302.4810925,302.078076,300.7116075,298.266888,296.69976
feature:xian4,2,2,2,4,1,2,0,0,0,2,1,0,0,2,0,0,1,0,0,123.128,123.128,0,1,1,1,NONE,Accented,NONE,1,2,1,3,2,3,0.333,4
f0:299.117712222,305.088966667,296.430545556,298.530418889,304.113945556,301.079695,258.451196667,209.190513333,172.608805556,154.374927778
feature:gu2,2,2,2,2,4,3,0,0,0,1,2,0,0,1,1,0,0,0,0,0,0,0,1,1,4,NONE,NONE,NONE,2,1,2,2,3,2,0.5,2
f0:159.376251667,166.76387,171.26124,170.608553333,154.042603333,147.088946667,153.619936667,175.37198,211.356975,234.194351667
feature:sui3,2,2,0,3,2,0,0,0,0,0,3,0,0,0,2,0,0,0,110,0,0,0,4,1,0,NONE,NONE,0,3,0,3,1,4,1,0.667,3
f0:234.553896667,220.358467143,203.431163333,186.503857143,168.821423333,142.669735,124.89699,117.895253333,101.195611429,90.9442
