feature:pai1,2,0,2,1,0,1,0,0,5,10,0,0,5,0,0,1,0,1,137.39999,139.2,0,137.39999,1,0,1,Accented,0,Accented,0,10,0,11,1,4,0.167,1
f0:334.5979975,334.59802,334.59802,334.684856,336.8773975,339.26531,339.80801,339.820875,339.904796,339.1730125
feature:pai1,2,2,2,1,1,1,0,0,4,9,1,0,4,0,0,1,1,1,135.8,137.39999,137.39999,135.8,1,1,1,Accented,Accented,Accented,1,9,1,10,2,3,0.333,1
f0:334.150426,325.558523333,316.934686,309.875934,308.734276667,328.456914,338.536432,339.29582,337.72144,334.659466
feature:jian1,2,2,2,1,1,3,0,1,3,8,2,1,3,1,0,1,1,0,134,135.8,135.8,134,1,1,1,Accented,Accented,NONE,2,8,2,9,3,2,0.5,1
f0:332.996665,335.789388571,339.924925,344.946062857,349.510833333,349.582793333,349.598354286,350.009095,345.407622857,326.997213333
feature:bang3,2,2,2,3,1,1,0,2,3,7,3,2,3,0,0,0,1,1,122.8,134,134,132.8,1,1,1,NONE,Accented,Accented,3,7,3,8,4,1,0.667,3
f0:310.427878571,299.22934,281.874454286,220.6998,173.306044286,145.682031667,127.286857143,116.747348571,103.325385714,80.1564357143
feature:shuo1,2,2,2,1,3,1,0,2,2,6,4,2,2,0,1,1,0,1,131,132.8,122.8,131,1,1,1,Accented,NONE,Accented,4,6,4,7,1,6,0.125,1
f0:92.3642014286,96.9685228571,115.777942857,157.617717143,201.063808571,243.992681429,264.951795714,258.016974286,252.408194286,253.046362857
feature:sheng1,2,2,2,1,1,3,0,3,1,5,5,3,1,1,0,1,1,0,129.2,131,131,129.2,1,1,1,Accented,Accented,NONE,5,5,5,6,2,5,0.25,1
f0:250.3965725,251.35482125,260.512267143,268.34161625,264.66248,256.1535775,255.64140125,260.261668571,271.33782125,284.78061375
feature:hao3,2,2,2,3,1,1,0,4,1,4,6,4,1,0,0,0,1,1,123,129.2,129.2,123,1,1,1,NONE,Accented,Accented,6,4,6,5,3,4,0.375,3
f0:280.3422075,266.40247,249.503128889,232.5992625,217.96286,205.43256625,172.98114375,137.95094,131.9662825,147.6972175
feature:hao1,2,2,2,1,3,4,0,4,0,3,7,4,0,3,1,1,0,0,126,123,123,126,1,1,1,Accented,NONE,NONE,7,3,7,4,4,3,0.5,1
f0:160.003881667,135.001231667,108.947693333,133.853151667,239.427904286,284.066086667,292.517123333,305.95976,311.447071667,305.805083333
feature:gan4,2,2,2,4,1,3,0,5,0,2,8,5,0,2,0,0,1,0,0,126,126,0,1,1,1,NONE,Accented,NONE,8,2,8,3,5,2,0.625,4
f0:249.120818,232.929912,298.249981667,328.770916,324.346312,308.931946,287.545208,253.558178333,210.01397,177.102272
feature:liao3,2,2,2,3,4,4,0,5,0,1,9,5,0,1,1,0,0,0,0,0,0,0,1,1,4,NONE,NONE,NONE,9,1,9,2,6,1,0.75,3
f0:155.386811667,147.279808333,148.498738333,157.006003333,154.41619,137.631633333,121.969285,101.77535,81.2410883333,79.006025
feature:shi4,2,2,0,4,3,0,0,5,0,0,10,5,0,0,2,0,0,0,110,0,0,0,4,1,0,NONE,NONE,0,10,0,10,1,1,1,0.333,4
f0:227.900977143,236.994,236.994,236.994,236.994,235.130917143,214.88415875,171.784037143,169.31645625,211.782284286
