feature:you2,2,0,2,2,0,1,0,0,5,19,0,0,5,0,0,0,0,1,133.605,130,0,133.605,1,0,1,NONE,0,Accented,0,19,0,20,1,20,0.045,2
f0:222.66268,221.554354286,214.10942,210.771512857,208.977554286,208.860294286,210.916872857,214.433943333,221.57939,245.275417143
feature:ying1,2,2,2,1,2,2,0,0,4,18,1,0,4,7,1,1,0,0,136.605,133.605,133.605,136.605,1,1,1,Accented,NONE,NONE,1,18,1,19,2,19,0.091,1
f0:244.159914286,180.934623333,171.124661429,289.542001667,347.973177143,356.827972857,362.66957,365.840662857,365.42224,342.797927143
feature:guo2,2,2,2,2,1,3,0,1,4,17,2,1,4,6,0,0,1,0,0,136.605,136.605,0,1,1,1,NONE,Accented,NONE,2,17,2,18,3,18,0.136,2
f0:321.024013333,313.918863333,286.555168333,235.051946667,199.77654,192.646733333,195.602718333,202.711306667,212.998958333,228.443458333
feature:yuan3,2,2,2,3,2,2,0,1,4,16,3,1,4,5,1,0,0,0,0,0,0,0,1,1,1,NONE,NONE,NONE,3,16,3,17,4,17,0.182,3
f0:237.997165,233.580904286,233.68085875,234.228192857,210.72133875,173.560521429,147.0807425,137.574854286,138.98565125,145.681048571
feature:cheng2,2,2,2,2,3,3,0,1,4,15,4,1,4,4,2,0,0,0,0,0,0,0,1,1,1,NONE,NONE,NONE,4,15,4,16,5,16,0.227,2
f0:177.860796667,187.6354625,193.922636667,200.58239,201.689145556,178.2350925,173.902947778,194.146802222,244.12926625,269.777994444
feature:zhen3,2,2,2,3,2,4,0,1,4,14,5,1,4,3,3,0,0,0,0,0,0,0,1,1,1,NONE,NONE,NONE,5,14,5,15,6,15,0.273,3
f0:233.21164,241.53682,264.766534286,253.739278333,207.192507143,164.503987143,143.311443333,131.990304286,96.092985,79.8433514286
feature:duan4,2,2,2,4,3,4,0,1,4,13,6,1,4,2,4,0,0,0,0,0,0,0,1,1,1,NONE,NONE,NONE,6,13,6,14,7,14,0.318,4
f0:134.878266667,240.32377,260.669366667,256.890761667,245.142578571,232.23658,217.586961667,209.818541667,211.851602857,221.638518333
feature:ji4,2,2,2,4,4,4,0,1,4,12,7,1,4,1,5,0,0,0,0,0,0,0,1,1,1,NONE,NONE,NONE,7,12,7,13,8,13,0.364,4
f0:236.6478225,250.9969075,267.47029,283.6670525,294.156518,294.9597625,291.1408175,280.7635575,265.70145,252.53686
feature:shu4,2,2,2,4,4,1,0,1,4,11,8,1,4,0,6,0,0,1,126.16299,0,0,126.16299,1,1,1,NONE,NONE,Accented,8,11,8,12,9,12,0.409,4
f0:235.717865,232.471434,236.792001667,241.112566,235.2838,210.297126,192.44602,185.822604,187.513078333,199.557582
feature:gong1,2,2,2,1,4,1,0,1,3,10,9,1,3,0,7,1,0,1,129.698,126.16299,126.16299,129.698,1,1,1,Accented,NONE,Accented,9,10,9,11,10,11,0.455,1
f0:219.440414,252.504238,282.413548333,290.910692,293.390038,292.134758,290.262226,290.336168333,290.427882,290.311552
feature:si1,2,2,2,1,1,1,0,2,2,9,10,2,2,0,0,1,1,1,128.7675,129.698,129.698,128.7675,1,1,1,Accented,Accented,Accented,10,9,10,10,11,10,0.5,1
f0:290.771672857,292.011295714,293.192155,294.372991429,295.551287143,295.023695714,292.927107143,292.325056667,291.74561,258.22196
feature:kai1,2,2,2,1,1,1,0,3,1,8,11,3,1,0,0,1,1,1,127.837,128.7675,128.7675,127.837,1,1,1,Accented,Accented,Accented,11,8,11,9,12,9,0.545,1
f0:184.190395,179.375168333,208.01528,241.368136667,274.58376,294.939666,295.94959,290.687641667,290.810343333,284.896473333
feature:fa1,2,2,2,1,1,5,0,4,0,7,12,4,0,7,0,1,1,0,126.372,127.837,127.837,126.372,1,1,1,Accented,Accented,NONE,12,7,12,8,13,8,0.591,1
f0:252.061976667,230.849163333,241.076065,291.217158333,295.89412,288.945281667,287.393876667,288.434775,288.98761,276.276306667
feature:de5,2,2,2,5,1,3,0,5,0,6,13,5,0,6,0,0,1,0,0,126.372,126.372,0,1,1,1,NONE,Accented,NONE,13,6,13,7,14,7,0.636,5
f0:234.975824286,234.83709,236.039742857,212.430781429,189.0195525,177.946597143,174.637921429,171.394227143,166.43719,187.892247143
feature:yuan3,2,2,2,3,5,2,0,5,0,5,14,5,0,5,1,0,0,0,0,0,0,0,1,1,1,NONE,NONE,NONE,14,5,14,6,15,6,0.682,3
f0:235.21628,256.455538889,211.9637075,207.412243333,201.45713625,174.26271875,160.643597778,150.591625,135.377811111,132.84535625
feature:cheng2,2,2,2,2,3,3,0,5,0,4,15,5,0,4,2,0,0,0,0,0,0,0,1,1,1,NONE,NONE,NONE,15,4,15,5,16,5,0.727,2
f0:139.48848125,151.713501429,164.30156375,176.889624286,186.16824,185.33741125,190.631177143,222.21947375,260.111918571,268.22541125
feature:zhen3,2,2,2,3,2,4,0,5,0,3,16,5,0,3,3,0,0,0,0,0,0,0,1,1,1,NONE,NONE,NONE,16,3,16,4,17,4,0.773,3
f0:254.22066,256.383222,259.571436667,255.34315,216.464725,170.803431667,153.0555,126.323718333,81.246558,82.501435
feature:duan4,2,2,2,4,3,4,0,5,0,2,17,5,0,2,4,0,0,0,0,0,0,0,1,1,1,NONE,NONE,NONE,17,2,17,3,18,3,0.818,4
f0:96.995332,144.1169075,220.373706,256.898024,267.333264,268.3309475,262.248582,248.494834,232.206545,211.231948
feature:xi4,2,2,2,4,4,3,0,5,0,1,18,5,0,1,5,0,0,0,0,0,0,0,1,1,4,NONE,NONE,NONE,18,1,18,2,19,2,0.864,4
f0:192.538143333,189.124822,192.892503333,196.105596,199.164226667,201.344096,194.161693333,178.443146,156.73322,145.622254
feature:tong3,2,2,0,3,4,0,0,5,0,0,19,5,0,0,6,0,0,0,110,0,0,0,4,1,0,NONE,NONE,0,19,0,19,1,20,1,0.909,3
f0:146.290383333,149.010965714,151.868656667,154.689235714,156.177268333,151.397301667,130.8288,110.241238333,100.651512857,100.202001667
