feature:ta1,2,0,2,1,0,3,0,0,1,13,0,0,1,2,0,1,0,0,137.355,139.355,0,137.355,1,0,1,Accented,0,NONE,0,13,0,14,1,7,0.111,1
f0:351.692002,351.69202,351.69202,351.598598,347.660094,336.143342,332.085246,328.514023333,326.058296,317.656726
feature:guai3,2,2,2,3,1,5,0,0,1,12,1,0,1,1,0,0,1,0,0,137.355,137.355,0,1,1,1,NONE,Accented,NONE,1,12,1,13,2,6,0.222,3
f0:305.469888571,294.51108,280.326151429,251.35152,205.205682857,169.272665714,148.2992,136.255825714,135.241908571,147.938297143
feature:zhe5,2,2,2,5,3,1,0,0,1,11,2,0,1,0,1,0,0,1,130.48399,0,0,130.48399,1,1,1,NONE,NONE,Accented,2,11,2,12,3,5,0.333,5
f0:190.19918,200.69074,199.072862857,193.083562857,191.048825714,188.307586667,186.744852857,188.471578571,196.261233333,211.169858571
feature:shang1,2,2,2,1,5,2,0,0,0,10,3,0,0,10,2,1,0,0,133.48399,130.48399,130.48399,133.48399,1,1,1,Accented,NONE,NONE,3,10,3,11,4,4,0.444,1
f0:219.222642857,241.05154125,278.827157143,313.864167143,334.83671625,336.3237325,336.187871429,339.378488571,343.83088375,334.951821429
feature:can2,2,2,2,2,1,5,0,1,0,9,4,1,0,9,0,0,1,0,0,133.48399,133.48399,0,1,1,1,NONE,Accented,NONE,4,9,4,10,5,3,0.556,2
f0:320.58915,302.317195,283.783465714,265.249735,248.076265714,213.258652857,186.573001667,191.14043,211.670383333,233.763244286
feature:de5,2,2,2,5,2,3,0,1,0,8,5,1,0,8,1,0,0,0,0,0,0,0,1,1,1,NONE,NONE,NONE,5,8,5,9,6,2,0.667,5
f0:258.530113333,277.202116667,281.341623333,281.245706667,280.458353333,279.10585,276.847076667,272.302,261.276943333,239.1947
feature:tui3,2,2,2,3,5,2,0,1,0,7,6,1,0,7,2,0,0,0,0,0,0,0,1,1,1,NONE,NONE,NONE,6,7,6,8,7,1,0.778,3
f0:226.526302,231.604834,237.88559,236.629017,187.931763,133.209287778,69.253187,79.794019,59.261113,55.9832
feature:fu2,2,2,2,2,3,5,0,1,0,6,7,1,0,6,3,0,0,0,0,0,0,0,1,1,1,NONE,NONE,NONE,7,6,7,7,1,7,0.111,2
f0:173.50701,173.50702,178.270985,196.496073333,217.720363333,220.25521,215.553263333,220.260275,234.949071667,232.794173333
feature:zhe5,2,2,2,5,2,3,0,1,0,5,8,1,0,5,4,0,0,0,0,0,0,0,1,1,1,NONE,NONE,NONE,8,5,8,6,2,6,0.222,5
f0:236.886975,261.7525,298.009315,322.759206667,326.878915,326.087273333,321.5462975,316.19853,306.34842,292.814973333
feature:shou3,2,2,2,3,5,4,0,1,0,4,9,1,0,4,5,0,0,0,0,0,0,0,1,1,1,NONE,NONE,NONE,9,4,9,5,3,5,0.333,3
f0:278.144125714,261.052725714,245.565795,230.078851429,211.955977143,189.175878571,158.516942857,132.049226667,126.241572857,135.788525714
feature:zhang4,2,2,2,4,3,4,0,1,0,3,10,1,0,3,6,0,0,0,0,0,0,0,1,1,1,NONE,NONE,NONE,10,3,10,4,4,4,0.444,4
f0:185.533274286,217.084484286,269.88542,298.978114286,300.111272857,286.478827143,252.84861,199.586337143,163.398725714,166.287901429
feature:shang4,2,2,2,4,4,4,0,1,0,2,11,1,0,2,7,0,0,0,0,0,0,0,1,1,1,NONE,NONE,NONE,11,2,11,3,5,3,0.556,4
f0:178.472947143,191.031342857,210.246494286,228.759575714,233.768692857,220.4997,198.910875714,162.38967,140.426592857,155.542905714
feature:zhen4,2,2,2,4,4,5,0,1,0,1,12,1,0,1,8,0,0,0,0,0,0,0,1,1,4,NONE,NONE,NONE,12,1,12,2,6,2,0.667,4
f0:170.94885,192.576214,207.170215,208.596268,207.297668,201.591454,191.946794,180.44876,161.01639,137.259166
feature:le5,2,2,0,5,4,0,0,1,0,0,13,1,0,0,9,0,0,0,110,0,0,0,4,1,0,NONE,NONE,0,13,0,13,1,7,1,0.778,5
f0:114.734806,76.815316,75.92812,79.876458,73.093278,64.876178,62.228578,66.7287633333,72.764582,73.8088
