feature:yong4,2,0,2,4,0,3,0,0,10,18,0,0,10,2,0,0,0,0,0,0,0,0,1,0,1,NONE,0,NONE,0,18,0,19,1,4,0.167,4
f0:321.970371429,333.435703333,332.783725714,323.231925,308.7489,292.586958571,278.655208333,269.554698571,258.094546667,243.626317143
feature:yang3,2,2,2,3,4,4,0,0,10,17,1,0,10,1,1,0,0,0,0,0,0,0,1,1,1,NONE,NONE,NONE,1,17,1,18,2,3,0.333,3
f0:228.08953,218.725926,218.394815,213.759508,194.249718333,167.337608333,153.57935,141.740345,139.924212,159.10285
feature:han4,2,2,2,4,3,1,0,0,10,16,2,0,10,0,2,0,0,1,131.58501,0,0,131.58501,1,1,1,NONE,NONE,Accented,2,16,2,17,3,2,0.5,4
f0:183.20463,211.774961429,246.820545,282.963745714,304.879055,302.26382,277.603041429,241.257721667,215.97011,210.603813333
feature:qiang1,2,2,2,1,4,1,0,0,9,15,3,0,9,0,3,1,0,1,134.58501,131.58501,131.58501,135.61,1,1,1,Accented,NONE,Accented,3,15,3,16,4,1,0.667,1
f0:209.119705556,238.820319,279.192176667,305.858514444,306.079209,305.785821111,305.536217778,305.469466667,305.594207,299.78535
feature:qie1,2,2,2,1,1,1,0,1,8,14,4,1,8,0,0,1,1,1,134.12201,135.61,134.58501,134.12201,1,1,1,Accented,Accented,Accented,4,14,4,15,1,15,0.059,1
f0:290.22601,290.22601,290.22601,290.22601,289.688316,280.57287,265.78133,263.244588333,258.867864,249.590566
feature:ge1,2,2,2,1,1,5,0,2,7,13,5,2,7,3,0,1,1,0,132.634,134.12201,134.12201,132.634,1,1,1,Accented,Accented,NONE,5,13,5,14,2,14,0.118,1
f0:249.335062,258.068012,269.514824,274.926116,272.111858,267.32406,261.868968,255.926312,253.291718,246.48215
feature:zhe5,2,2,2,5,1,2,0,3,7,12,6,3,7,2,0,0,1,0,0,132.634,132.634,0,1,1,1,NONE,Accented,NONE,6,12,6,13,3,13,0.176,5
f0:237.821265714,233.79479,228.064418571,207.566266667,194.082605714,179.516422857,170.332816667,165.343114286,164.141735,164.594954286
feature:zu2,2,2,2,2,5,2,0,3,7,11,7,3,7,1,1,0,0,0,0,0,0,0,1,1,1,NONE,NONE,NONE,7,11,7,12,4,12,0.235,2
f0:178.202515,185.987944,185.948826667,185.88876,183.595225,179.466754,180.577153333,196.187901667,212.818748,209.782338333
feature:zu2,2,2,2,2,2,1,0,3,7,10,8,3,7,0,2,0,0,1,125.73199,0,0,125.73199,1,1,1,NONE,NONE,Accented,8,10,8,11,5,11,0.294,2
f0:202.875655714,215.451577143,218.16088,199.335408571,179.3139,171.983895,172.679764286,181.41595,191.944975714,195.584605714
feature:gao1,2,2,2,1,2,1,0,3,6,9,9,3,6,0,3,1,0,1,129.24399,125.73199,125.73199,129.24399,1,1,1,Accented,NONE,Accented,9,9,9,10,6,10,0.353,1
f0:202.951504,232.824618,253.323038,255.192006,254.890523333,253.787188,252.067254,252.41967,254.19973,247.586962
feature:chu1,2,2,2,1,1,4,0,4,5,8,10,4,5,2,0,1,1,0,127.756,129.24399,129.24399,127.756,1,1,1,Accented,Accented,NONE,10,8,10,9,7,9,0.412,1
f0:238.217078571,246.59143375,257.774462857,267.974374286,271.269015,257.09455375,248.543751429,246.42759,248.37988125,254.657902857
feature:yi4,2,2,2,4,1,3,0,5,5,7,11,5,5,1,0,0,1,0,0,127.756,127.756,0,1,1,1,NONE,Accented,NONE,11,7,11,8,8,8,0.471,4
f0:257.149384,262.04718,280.170442,301.854523333,323.308528,335.903766,338.376573333,337.928066,327.096923333,300.949112
feature:mi3,2,2,2,3,4,1,0,5,5,6,12,5,5,0,1,0,0,1,121.829,0,0,121.829,1,1,1,NONE,NONE,Accented,12,6,12,7,9,7,0.529,3
f0:269.644258333,242.37347,220.630045,201.966323333,176.343864286,152.935083333,132.954821667,123.031361667,84.13472,64.81181
feature:duo1,2,2,2,1,3,5,0,5,4,5,13,5,4,1,2,1,0,0,124.829,121.829,121.829,124.829,1,1,1,Accented,NONE,NONE,13,5,13,6,10,6,0.588,1
f0:97.7552266667,195.342638333,220.848458,236.872213333,239.605818333,240.01156,243.430966667,251.656204,259.196898333,258.452971667
feature:de5,2,2,2,5,1,1,0,6,4,4,14,6,4,0,0,0,1,1,119.878,124.829,124.829,119.878,1,1,1,NONE,Accented,Accented,14,4,14,5,11,5,0.647,5
f0:245.319683333,228.529325,210.84182,187.58978,160.166921667,138.251888,108.095345,84.1955816667,85.03788,108.011873333
feature:gao1,2,2,2,1,5,1,0,6,3,3,15,6,3,0,1,1,0,1,123.39,119.878,119.878,123.39,1,1,1,Accented,NONE,Accented,15,3,15,4,12,4,0.706,1
f0:139.47693,173.80244,210.9884225,242.79401,244.056658571,239.095428571,238.231327143,237.195495,236.072054286,226.694712857
feature:bang1,2,2,2,1,1,1,0,7,2,2,16,7,2,0,0,1,1,1,122.41451,123.39,123.39,122.41451,1,1,1,Accented,Accented,Accented,16,2,16,3,13,3,0.765,1
f0:206.928411667,222.990216667,239.97522,240.12288,235.504806667,230.276366667,230.207595,234.761878,237.558726667,228.80751
feature:che1,2,2,2,1,1,1,0,8,1,1,17,8,1,0,0,1,1,1,121.439,122.41451,122.41451,121.439,1,1,4,Accented,Accented,Accented,17,1,17,2,14,2,0.824,1
f0:209.774116,212.391661667,221.853004,231.903751667,241.247236,244.138426,237.31424,225.272206,225.527941667,228.218154
feature:xiang1,2,2,0,1,1,0,0,9,0,0,18,9,0,0,0,1,1,0,119.951,121.439,121.439,0,4,1,0,Accented,Accented,0,18,0,18,1,15,1,0.882,1
f0:229.461227778,236.526271111,247.697666667,255.493131111,251.693484444,248.509248889,246.648602222,243.867624444,244.828281111,249.380278889
