feature:shan1,2,0,2,1,0,1,0,0,6,13,0,0,6,0,0,1,0,1,137.6665,139.33299,0,137.6665,1,0,1,Accented,0,Accented,0,13,0,14,1,14,0.063,1
f0:358.598007143,358.59802,358.59802,358.59802,358.32025,355.851457143,354.58995,349.527352857,346.570583333,347.655675714
feature:dong1,2,2,2,1,1,3,0,0,5,12,1,0,5,4,0,1,1,0,136,137.6665,137.6665,136,1,1,1,Accented,Accented,NONE,1,12,1,13,2,13,0.125,1
f0:357.771014,361.94275,360.795264,358.0513225,355.16468,353.8878775,354.137218,355.7881775,356.257678,350.1493075
feature:sheng3,2,2,2,3,1,2,0,1,5,11,2,1,5,3,0,0,1,0,0,136,136,0,1,1,1,NONE,Accented,NONE,2,11,2,12,3,12,0.188,3
f0:326.76131875,302.43829,280.2254525,260.30598,225.889047778,183.033285,168.95512625,161.66306125,161.14062875,161.3230325
feature:liao2,2,2,2,2,3,2,0,1,5,10,3,1,5,2,1,0,0,0,0,0,0,0,1,1,1,NONE,NONE,NONE,3,10,3,11,4,11,0.25,2
f0:160.049803333,164.362874286,169.497588333,170.490128333,169.35993,167.92561,172.710425,190.714551667,232.938932857,249.462406667
feature:cheng2,2,2,2,2,2,4,0,1,5,9,4,1,5,1,2,0,0,0,0,0,0,0,1,1,1,NONE,NONE,NONE,4,9,4,10,5,10,0.313,2
f0:237.05402,233.162413333,229.328011429,225.503751667,223.204524286,211.985506667,182.09767,180.261545,197.795741429,221.00176
feature:shi4,2,2,2,4,2,1,0,1,5,8,5,1,5,0,3,0,0,1,126.33299,0,0,126.33299,1,1,1,NONE,NONE,Accented,5,8,5,9,6,9,0.375,4
f0:228.206598571,234.205941667,244.325608571,255.585388571,262.131207143,244.594511667,213.606821429,191.658424286,188.130701667,202.414781429
feature:gong1,2,2,1,1,4,1,0,1,4,7,6,1,4,0,4,1,0,1,129.6665,126.33299,126.33299,129.6665,1,1,1,Accented,NONE,Accented,6,7,6,8,7,8,0.438,1
f0:233.051063333,258.12451,278.826163333,284.640915,286.119906667,287.971722,290.752676667,292.847173333,297.165548333,299.903838333
feature:an1,1,2,2,1,1,2,0,2,3,6,7,2,3,1,0,1,1,0,130,129.6665,129.6665,130,1,1,1,Accented,Accented,NONE,7,6,7,7,8,7,0.5,1
f0:299.175734,298.26523,297.667906,297.954778,300.294366,302.1457825,304.71485,307.922786,305.4818125,279.46416
feature:ju2,2,1,2,2,1,1,0,3,3,5,8,3,3,0,0,0,1,1,123,130,130,123,1,1,1,NONE,Accented,Accented,8,5,8,6,9,6,0.563,2
f0:213.28225,201.40134625,192.4492,179.50397875,164.976471111,162.657335,172.114898889,189.63553375,204.89942,218.031095
feature:dong1,2,2,2,1,2,1,0,3,2,4,9,3,2,0,1,1,0,1,126.3335,123,123,126.3335,1,1,1,Accented,NONE,Accented,9,4,9,5,10,5,0.625,1
f0:226.659658571,256.948876667,298.04807,322.894485,325.71611,325.539354286,325.512818333,332.009882857,339.164768333,340.51307
feature:chang1,2,2,2,1,1,3,0,4,1,3,10,4,1,1,0,1,1,0,124.667,126.3335,126.3335,124.667,1,1,1,Accented,Accented,NONE,10,3,10,4,11,4,0.688,1
f0:334.284887143,324.607308571,314.073341429,308.30617,323.082847143,331.564632857,334.379117143,337.818518571,339.729457143,326.367018571
feature:fu3,2,2,2,3,1,1,0,5,1,2,11,5,1,0,0,0,1,1,119,124.667,124.667,119,1,1,1,NONE,Accented,Accented,11,2,11,3,12,3,0.75,3
f0:243.695188333,214.412733333,210.255632,203.257905,195.305941667,186.861418333,170.664761667,139.133256,110.09635,93.3336383333
feature:fen1,2,2,2,1,3,2,0,5,0,1,12,5,0,1,1,1,0,0,122,119,119,122,1,1,4,Accented,NONE,NONE,12,1,12,2,13,2,0.813,1
f0:95.4393471429,126.419031667,173.997977143,226.033685714,273.167941429,289.450875,291.457322857,298.545565714,307.51078,292.365575714
feature:ju2,2,2,0,2,1,0,0,6,0,0,13,6,0,0,0,0,1,0,110,122,122,0,4,1,0,NONE,Accented,0,13,0,13,1,14,1,0.875,2
f0:226.095573333,219.08998,213.147175556,174.76221125,141.269177778,133.40772,134.046242222,136.2600425,162.470412222,194.29955625
