feature:jia1,2,0,2,1,0,2,0,0,2,8,0,0,2,4,0,1,0,0,137.592,139.592,0,137.592,1,0,1,Accented,0,NONE,0,8,0,9,1,9,0.091,1
f0:361.12201,361.12201,360.52745,358.2061075,356.139746,357.381795,359.418905,359.6582375,356.072614,341.76764
feature:na2,2,2,2,2,1,4,0,0,2,7,1,0,2,3,0,0,1,0,0,137.592,137.592,0,1,1,1,NONE,Accented,NONE,1,7,1,8,2,8,0.182,2
f0:328.3760375,316.665448,302.8225325,287.258155,255.61061,234.3116625,231.4746025,234.6862275,246.203658,250.60576
feature:da4,2,2,2,4,2,2,0,0,2,6,2,0,2,2,1,0,0,0,0,0,0,0,1,1,1,NONE,NONE,NONE,2,6,2,7,3,7,0.273,4
f0:249.950168333,261.007723333,282.539731667,277.399031667,259.121801429,241.041015,220.993323333,206.03175,200.35251,196.905313333
feature:duan2,2,2,2,2,4,3,0,0,2,5,3,0,2,1,2,0,0,0,0,0,0,0,1,1,1,NONE,NONE,NONE,3,5,3,6,4,6,0.364,2
f0:192.328154286,204.709507143,216.530127143,202.157298571,185.361895714,182.63306,202.801982857,240.181735714,282.60819,293.363887143
feature:pao3,2,2,2,3,2,1,0,0,2,4,4,0,2,0,3,0,0,1,130.50999,0,0,130.50999,1,1,1,NONE,NONE,Accented,4,4,4,5,5,5,0.455,3
f0:284.948936,274.030415,263.24457,253.798726,244.104113333,223.534422,177.937136,146.339904,130.918866667,137.808062
feature:jia1,2,2,2,1,3,1,0,0,1,3,5,0,1,0,4,1,0,1,134.10199,130.50999,130.50999,134.10199,1,1,1,Accented,NONE,Accented,5,3,5,4,6,4,0.545,1
f0:155.866984286,182.812227143,207.326617143,228.748007143,231.63895,227.338872857,226.64015,228.798951429,234.192694286,247.535551429
feature:yue1,2,2,2,1,1,4,0,1,0,2,6,1,0,5,0,1,1,0,132.694,134.10199,134.10199,132.694,1,1,1,Accented,Accented,NONE,6,2,6,3,7,3,0.636,1
f0:250.721006667,251.0058,260.850378333,279.65482,301.910095,318.234154,320.999095,325.190336667,331.057544,327.950721667
feature:han4,2,2,2,4,1,4,0,2,0,1,7,2,0,4,0,0,1,0,0,132.694,132.694,0,1,1,3,NONE,Accented,NONE,7,1,7,2,8,2,0.727,4
f0:299.137122,267.432004,237.651614,211.08557,228.308748333,313.875184,331.910476,317.376152,282.66894,249.235428
feature:xun4,2,2,2,4,4,2,0,2,0,0,8,2,0,3,1,0,0,0,0,0,0,0,3,1,1,NONE,NONE,NONE,8,0,8,1,9,1,0.818,4
f0:225.355101818,238.717377273,279.582025,318.557148182,324.783722727,279.240761818,211.245004545,148.54453,75.2372318182,190.29009
feature:yi2,2,2,2,2,4,2,0,0,2,13,0,0,2,2,2,0,0,0,0,0,0,0,1,3,1,NONE,NONE,NONE,0,13,0,14,1,12,0.071,2
f0:230.944862857,230.649656667,228.773545714,225.736003333,221.513272857,218.859225,216.682741429,215.999323333,210.161652857,197.402025
feature:jiu2,2,2,2,2,2,3,0,0,2,12,1,0,2,1,3,0,0,0,0,0,0,0,1,1,1,NONE,NONE,NONE,1,12,1,13,2,11,0.143,2
f0:200.614591667,210.652175,220.310413333,222.13802,218.38433,216.616565,223.329911667,249.122441667,282.134141667,306.785808333
feature:miao3,2,2,2,3,2,1,0,0,2,11,2,0,2,0,4,0,0,1,124.79601,0,0,124.79601,1,1,1,NONE,NONE,Accented,2,11,2,12,3,10,0.214,3
f0:322.220588571,326.476053333,314.145162857,288.396631429,258.125617143,208.997613333,169.771005714,145.905128571,141.51353,146.824611429
feature:ba1,2,2,2,1,3,2,0,0,1,10,3,0,1,1,5,1,0,0,127.796,124.79601,124.79601,127.796,1,1,1,Accented,NONE,NONE,3,10,3,11,4,9,0.286,1
f0:161.921585,189.93902,220.959701667,251.980376667,278.771575714,288.208801667,294.650043333,304.904618333,310.95613,305.02863
feature:shi2,2,2,2,2,1,1,0,1,1,9,4,1,1,0,0,0,1,1,123.16299,127.796,127.796,123.16299,1,1,1,NONE,Accented,Accented,4,9,4,10,5,8,0.357,2
f0:289.31713,281.38376,274.0122525,266.6407475,259.2692425,251.8977475,244.526245,237.7999225,233.1548975,227.8560525
feature:san1,2,2,2,1,2,5,0,1,0,8,5,1,0,8,1,1,0,0,126.163,123.16299,123.16299,126.163,1,1,1,Accented,NONE,NONE,5,8,5,9,6,7,0.429,1
f0:224.923067143,239.435648571,264.67903125,291.171997143,299.261661429,300.487142857,303.019932857,304.99507875,305.338211429,299.377147143
feature:de5,2,2,2,5,1,4,0,2,0,7,6,2,0,7,0,0,1,0,0,126.163,126.163,0,1,1,1,NONE,Accented,NONE,6,7,6,8,7,6,0.5,5
f0:288.899113333,284.62993,247.20515,202.69025,159.667057143,139.12178,131.671583333,123.49085,120.547015,134.221595
feature:jin4,2,2,2,4,5,5,0,2,0,6,7,2,0,6,1,0,0,0,0,0,0,0,1,1,1,NONE,NONE,NONE,7,6,7,7,8,5,0.571,4
f0:156.326996,177.414901667,198.502796,217.2476,234.004501667,237.33918,233.397828,221.504216,213.342203333,207.218124
feature:hu5,2,2,2,5,4,2,0,2,0,5,8,2,0,5,2,0,0,0,0,0,0,0,1,1,1,NONE,NONE,NONE,8,5,8,6,9,4,0.643,5
f0:200.838381667,206.515391429,222.7839,239.582262857,249.469763333,249.42557,248.817818571,251.884583333,256.842684286,254.911625
feature:shen2,2,2,2,2,5,2,0,2,0,4,9,2,0,4,3,0,0,0,0,0,0,0,1,1,1,NONE,NONE,NONE,9,4,9,5,10,3,0.714,2
f0:242.56154,231.083977778,219.85420125,209.37307375,196.4947,165.4477825,160.9991875,171.06744375,213.177581111,246.257165
feature:qi2,2,2,2,2,2,5,0,2,0,3,10,2,0,3,4,0,0,0,0,0,0,0,1,1,1,NONE,NONE,NONE,10,3,10,4,11,2,0.786,2
f0:243.552022,234.80976,225.843324,216.876892,207.910468,198.944032,190.08068,179.933928,158.682046,147.293528
feature:de5,2,2,2,5,2,2,0,2,0,2,11,2,0,2,5,0,0,0,0,0,0,0,1,1,1,NONE,NONE,NONE,11,2,11,3,12,1,0.857,5
f0:146.309673333,146.285233333,146.271335,146.384926667,146.99329,147.617033333,148.247413333,148.4456275,146.632946667,142.316776667
feature:cheng2,2,2,2,2,5,4,0,2,0,1,12,2,0,1,6,0,0,0,0,0,0,0,1,1,4,NONE,NONE,NONE,12,1,12,2,1,2,0.25,2
f0:195.59399,195.59399,195.59399,195.59399,178.4470625,138.465401429,131.981694286,131.60443,136.268525714,155.33175
feature:ji4,2,2,0,4,2,0,0,2,0,0,13,2,0,0,7,0,0,0,110,0,0,0,4,1,0,NONE,NONE,0,13,0,13,1,2,1,0.5,4
f0:172.992136667,186.71475,198.9239,201.464913333,194.462974286,170.877236667,148.707086667,129.115958333,118.89643,119.147886667
