feature:dao4,2,0,2,4,0,5,0,0,5,16,0,0,5,2,0,0,0,0,0,130,0,0,1,0,1,NONE,0,NONE,0,16,0,17,1,17,0.053,4
f0:376.10101,375.245238,370.891425,364.96342,354.708814,339.387116,316.48913,292.489395,269.240118,240.784638
feature:guo5,2,2,2,5,4,4,0,0,5,15,1,0,5,1,1,0,0,0,0,0,0,0,1,1,1,NONE,NONE,NONE,1,15,1,16,2,16,0.105,5
f0:229.384437143,244.8040725,250.061684286,234.56627625,213.699421429,201.52346,194.46694125,190.803874286,189.0465775,190.722657143
feature:di4,2,2,2,4,5,1,0,0,5,14,2,0,5,0,2,0,0,1,131.216,0,0,131.216,1,1,1,NONE,NONE,Accented,2,14,2,15,3,15,0.158,4
f0:199.187976667,214.089878,235.705745,259.808896667,281.56125,289.8217,290.019516667,282.792388333,269.904724,262.22132
feature:yi1,2,2,2,1,4,1,0,0,4,13,3,0,4,0,3,1,0,1,134.67551,131.216,131.216,134.67551,1,1,1,Accented,NONE,Accented,3,13,3,14,4,14,0.211,1
f0:263.25475,270.44526,281.64423,292.852801667,303.495666667,311.554296667,316.775091667,318.342133333,314.770666667,308.05871
feature:jun1,2,2,2,1,1,1,0,1,3,12,4,1,3,0,0,1,1,1,133.5945,134.67551,134.67551,133.5945,1,1,1,Accented,Accented,Accented,4,12,4,13,5,13,0.263,1
f0:307.526886,309.983282,312.60179,314.68412,315.756456,318.402094,320.968586,321.011965,318.821688,316.245502
feature:yi1,2,2,2,1,1,4,0,2,2,11,5,2,2,3,0,1,1,0,132.054,133.5945,133.5945,132.054,1,1,1,Accented,Accented,NONE,5,11,5,12,6,12,0.316,1
f0:315.54097,316.43505,317.721485,318.487292,319.582808333,320.008616667,320.127504,320.356455,320.561114,318.818308333
feature:da4,2,2,2,4,1,2,0,3,2,10,6,3,2,2,0,0,1,0,0,132.054,132.054,0,1,1,1,NONE,Accented,NONE,6,10,6,11,7,11,0.368,4
f0:319.037336,329.981396,333.099168,322.235358,294.696156667,267.857254,242.778608,213.14508,193.030222,189.099006
feature:xue2,2,2,2,2,4,2,0,3,2,9,7,3,2,1,1,0,0,0,0,0,0,0,1,1,1,NONE,NONE,NONE,7,9,7,10,8,10,0.421,2
f0:187.917163,189.158653333,191.619083,193.915692,187.974319,172.65203,168.181186,169.99428,176.016612222,183.011239
feature:nan2,2,2,2,2,2,1,0,3,2,8,8,3,2,0,2,0,0,1,124.73,0,0,124.73,1,1,1,NONE,NONE,Accented,8,8,8,9,9,9,0.474,2
f0:188.235672857,201.981142857,209.23031,196.013678571,181.638248571,176.506596667,177.297211429,191.206518571,220.223458571,243.829902857
feature:fang1,2,2,2,1,2,1,0,3,1,7,9,3,1,0,3,1,0,1,128.1895,124.73,124.73,128.1895,1,1,1,Accented,NONE,Accented,9,7,9,8,10,8,0.526,1
f0:249.84656,257.535148,287.90633,313.1681,315.208764,313.253762,312.450054,310.608845,308.965506,309.243208
feature:yi1,2,2,2,1,1,4,0,4,0,6,10,4,0,6,0,1,1,0,126.649,128.1895,128.1895,126.649,1,1,1,Accented,Accented,NONE,10,6,10,7,11,7,0.579,1
f0:309.238452857,296.959761429,293.012638571,299.83759,303.760704286,311.45098,315.199184286,315.033787143,313.405924286,305.687504286
feature:yuan4,2,2,2,4,1,4,0,5,0,5,11,5,0,5,0,0,1,0,0,126.649,126.649,0,1,1,1,NONE,Accented,NONE,11,5,11,6,12,6,0.632,4
f0:299.302768,296.152346667,284.374884,263.174655,231.357832,211.60439,196.399378333,186.233108,180.802355,179.943562
feature:hui4,2,2,2,4,4,2,0,5,0,4,12,5,0,4,1,0,0,0,0,0,0,0,1,1,1,NONE,NONE,NONE,12,4,12,5,13,5,0.684,4
f0:184.9920375,194.1638925,174.09416625,146.02061875,196.6265625,302.889361429,346.57178625,332.619625,292.52559375,239.9273625
feature:qiao2,2,2,2,2,4,2,0,5,0,3,13,5,0,3,2,0,0,0,0,0,0,0,1,1,1,NONE,NONE,NONE,13,3,13,4,14,4,0.737,2
f0:205.11403,203.124801429,201.0908,198.853398571,196.198157143,175.398807143,142.134881429,144.94042,167.709881429,210.165138571
feature:lou2,2,2,2,2,2,5,0,5,0,2,14,5,0,2,3,0,0,0,0,0,0,0,1,1,1,NONE,NONE,NONE,14,2,14,3,15,3,0.789,2
f0:233.527824,234.494658,233.642122,228.85272,208.223234,185.3263075,170.190186,161.606436,159.107978,165.190656
feature:de5,2,2,2,5,2,2,0,5,0,1,15,5,0,1,4,0,0,0,0,0,0,0,1,1,4,NONE,NONE,NONE,15,1,15,2,16,2,0.842,5
f0:177.146766667,183.85076,189.40912,196.111206667,199.773606667,200.384,200.202483333,199.33066,198.398605,196.174346667
feature:ren2,2,2,0,2,5,0,0,5,0,0,16,5,0,0,5,0,0,0,110,0,0,0,4,1,0,NONE,NONE,0,16,0,16,1,17,1,0.895,2
f0:180.473366,151.520801111,137.253171,124.262252222,121.562396,119.948987778,116.738091,107.900205556,112.748477,184.473712222
