feature:xiang1,2,0,2,1,0,5,0,0,1,10,0,0,1,2,0,1,0,0,137.375,139.375,0,137.375,1,0,1,Accented,0,NONE,0,10,0,11,1,7,0.111,1
f0:401.44299,401.44299,401.44299,401.44299,397.713948571,375.440525,366.887278333,365.724485,368.365927143,376.607646667
feature:xia5,2,2,2,5,1,2,0,0,1,9,1,0,1,1,0,0,1,0,0,137.375,137.375,0,1,1,1,NONE,Accented,NONE,1,9,1,10,2,6,0.222,5
f0:369.872022,356.433256,355.610352,357.25752,352.220868,313.518956,265.108532,233.834084,212.764254,198.126806
feature:ren2,2,2,2,2,5,1,0,0,1,8,2,0,1,0,1,0,0,1,130.625,0,0,130.625,1,1,1,NONE,NONE,Accented,2,8,2,9,3,5,0.333,2
f0:190.638263333,181.851384286,174.044106667,170.343505,169.706848571,170.415841667,172.12104,178.024323333,195.682002857,213.27368
feature:kai1,2,2,2,1,2,3,0,0,0,7,3,0,0,11,2,1,0,0,133.625,130.625,130.625,133.625,1,1,1,Accented,NONE,NONE,3,7,3,8,4,4,0.444,1
f0:225.386658333,246.945221667,280.785077143,314.710623333,345.455395,364.964215,365.635496667,365.674341429,367.92516,347.733576667
feature:kou3,2,2,2,3,1,4,0,1,0,6,4,1,0,10,0,0,1,0,0,133.625,133.625,0,1,1,1,NONE,Accented,NONE,4,6,4,7,5,3,0.556,3
f0:317.808436667,302.031595714,286.432113333,272.329106667,259.547894286,234.500028333,183.809751667,158.479778333,153.444288571,157.820208333
feature:jiu4,2,2,2,4,3,4,0,1,0,5,5,1,0,9,1,0,0,0,0,0,0,0,1,1,1,NONE,NONE,NONE,5,5,5,6,6,2,0.667,4
f0:181.50866,210.634923333,237.526884,256.159394,258.937781667,250.296914,229.939012,210.89989,202.526608333,204.42652
feature:shi4,2,2,2,4,4,3,0,1,0,4,6,1,0,8,2,0,0,0,0,0,0,0,1,1,1,NONE,NONE,NONE,6,4,6,5,7,1,0.778,4
f0:209.264514545,224.334961818,244.174940909,227.837916364,195.802761818,186.7235,184.798218182,166.50646,133.394336364,247.952193636
feature:li3,2,2,2,3,4,4,0,1,0,3,7,1,0,7,3,0,0,0,0,0,0,0,1,1,1,NONE,NONE,NONE,7,3,7,4,1,4,0.167,3
f0:203.33575,215.532888333,218.234443333,215.565088333,201.574942857,182.613986667,164.7367,160.758918333,172.875323333,211.607595
feature:da4,2,2,1,4,3,3,0,1,0,2,8,1,0,6,4,0,0,0,0,0,0,0,1,1,1,NONE,NONE,NONE,8,2,8,3,2,3,0.333,4
f0:255.818932,288.702325,303.504394,307.356074,309.485866,308.7891525,300.716272,283.001878,265.351485,248.745822
feature:er3,1,2,2,3,4,5,0,1,0,1,9,1,0,5,5,0,0,0,0,0,0,0,1,1,3,NONE,NONE,NONE,9,1,9,2,3,2,0.5,3
f0:230.718831667,206.90782,182.26228,162.628446667,149.802071429,136.53534,115.20264,70.390435,69.0334833333,74.6107366667
feature:duo5,2,1,2,5,3,4,0,1,0,0,10,1,0,4,6,0,0,0,0,0,0,0,3,1,1,NONE,NONE,NONE,10,0,10,1,4,1,0.667,5
f0:81.6423428571,137.31883125,189.568667143,189.260258571,188.778655,188.985395,190.061581429,191.729807143,199.2610875,204.136054286
feature:zhao4,2,2,2,4,5,3,0,0,0,3,0,0,0,3,7,0,0,0,0,0,0,0,1,3,1,NONE,NONE,NONE,0,3,0,4,1,4,0.167,4
f0:393.786016,393.40695,390.992648,385.835754,373.879862,340.883404,294.58834,255.95127,233.610988,219.416928
feature:xiao3,2,2,2,3,4,4,0,0,0,2,1,0,0,2,8,0,0,0,0,0,0,0,1,1,1,NONE,NONE,NONE,1,2,1,3,2,3,0.333,3
f0:203.076525,201.636731667,213.1035,223.504416667,218.936963333,192.616125,167.736343333,145.413032857,130.308098333,140.75065
feature:ge4,2,2,2,4,3,5,0,0,0,1,2,0,0,1,9,0,0,0,0,0,0,0,1,1,4,NONE,NONE,NONE,2,1,2,2,3,2,0.5,4
f0:161.287135714,205.059595,252.502687143,285.184618571,305.9302675,299.71683,260.214797143,210.345261429,169.89504375,148.087461429
feature:zi5,2,2,0,5,4,0,0,0,0,0,3,0,0,0,10,0,0,0,110,0,0,0,4,1,0,NONE,NONE,0,3,0,3,1,4,1,0.667,5
f0:141.616324,146.885676667,154.114456,157.369688,152.782643333,139.3635,118.029368,106.810888,96.3373866667,73.79419
