feature:nan2,2,0,2,2,0,1,0,0,3,8,0,0,3,0,0,0,0,1,133.46201,0,0,133.46201,1,0,1,NONE,0,Accented,0,8,0,9,1,9,0.091,2
f0:227.31834,223.915312,213.709612,206.44975,204.916858333,206.057914,215.73424,234.805108,257.42892,274.465224
feature:fang1,2,2,2,1,2,2,0,0,2,7,1,0,2,3,1,1,0,0,136.46201,133.46201,133.46201,136.46201,1,1,1,Accented,NONE,NONE,1,7,1,8,2,8,0.182,1
f0:284.68575,302.941064,327.346623333,348.273361667,351.293203333,350.794696,350.768018333,350.801243333,348.736694,340.16836
feature:tan2,2,2,2,2,1,4,0,1,2,6,2,1,2,2,0,0,1,0,0,136.46201,136.46201,0,1,1,1,NONE,Accented,NONE,2,6,2,7,3,7,0.273,2
f0:325.53447,303.566962,279.985635,253.784185,228.472623333,207.545648,185.342128333,178.986628333,178.730262,186.761118333
feature:hua4,2,2,2,4,2,5,0,1,2,5,3,1,2,1,1,0,0,0,0,0,0,0,1,1,1,NONE,NONE,NONE,3,5,3,6,4,6,0.364,4
f0:208.583951429,226.527864286,253.263323333,288.015367143,319.947132857,321.959151429,301.539607143,279.111721667,249.641234286,217.278317143
feature:de5,2,2,2,5,4,1,0,1,2,4,4,1,2,0,2,0,0,1,129.35899,0,0,129.35899,1,1,1,NONE,NONE,Accented,4,4,4,5,5,5,0.455,5
f0:194.833926,193.78617,196.938743333,195.827306,191.18684,188.573282,186.536968,186.420531667,190.541198,204.636216
feature:si1,2,2,2,1,5,3,0,1,1,3,5,1,1,1,3,1,0,0,132.35899,129.35899,129.35899,132.35899,1,1,1,Accented,NONE,NONE,5,3,5,4,6,4,0.545,1
f0:215.115066667,230.094542,249.00044,270.006993333,291.01355,309.91944,331.143533333,349.338975,351.17981,340.650701667
feature:xiang3,2,2,2,3,1,1,0,2,1,2,6,2,1,0,0,0,1,1,127.308,132.35899,132.35899,127.308,1,1,1,NONE,Accented,Accented,6,2,6,3,7,3,0.636,3
f0:319.50151,310.440612,302.733841667,293.866125,244.592426667,184.840322,150.074005,136.234183333,137.438354,153.522718333
feature:jing1,2,2,2,1,3,3,0,2,0,1,7,2,0,10,1,1,0,0,130.308,127.308,127.308,130.308,1,1,3,Accented,NONE,NONE,7,1,7,2,8,2,0.727,1
f0:172.352716667,197.390911667,223.839005,250.260505,271.538838333,279.022474,285.170278333,291.327591667,299.74404,304.225111667
feature:sui3,2,2,2,3,1,2,0,3,0,0,8,3,0,9,0,0,1,0,0,130.308,130.308,0,3,1,1,NONE,Accented,NONE,8,0,8,1,9,1,0.818,3
f0:288.019531111,271.735852,258.834642222,214.304794,172.109568889,153.71931,150.808403,154.72907,173.827326,202.525297778
feature:ke2,2,2,2,2,3,3,0,0,0,8,0,0,0,8,1,0,0,0,0,0,0,0,1,3,1,NONE,NONE,NONE,0,8,0,9,1,5,0.143,2
f0:260.77702,260.7770175,260.77701,260.77701,257.00414,248.23358,232.93115,228.176093333,226.93737,225.791513333
feature:yi3,2,2,2,3,2,4,0,0,0,7,1,0,0,7,2,0,0,0,0,0,0,0,1,1,1,NONE,NONE,NONE,1,7,1,8,2,4,0.286,3
f0:217.785842,206.8243525,200.58173,191.48402,176.672372,161.4474,153.39215,150.446634,149.57572,152.361398
feature:gai4,2,2,2,4,3,4,0,0,0,6,2,0,0,6,3,0,0,0,0,0,0,0,1,1,1,NONE,NONE,NONE,2,6,2,7,3,3,0.429,4
f0:171.476348,198.151006,224.877132,245.712414,249.729698,245.302198,234.28696,220.383222,206.030032,195.647624
feature:kuo4,2,2,2,4,4,2,0,0,0,5,3,0,0,5,4,0,0,0,0,0,0,0,1,1,1,NONE,NONE,NONE,3,5,3,6,4,2,0.571,4
f0:196.44663,205.421653333,214.946526,224.448001667,233.914292,239.615186,235.44822,208.375102,184.775823333,174.985702
feature:wei2,2,2,2,2,4,2,0,0,0,4,4,0,0,4,5,0,0,0,0,0,0,0,1,1,1,NONE,NONE,NONE,4,4,4,5,5,1,0.714,2
f0:165.54422375,166.42012875,163.819435714,153.226195,150.1628225,158.27365875,163.86481875,169.301321429,170.12601875,168.30102625
feature:ru2,2,2,2,2,2,4,0,0,0,3,5,0,0,3,6,0,0,0,0,0,0,0,1,1,1,NONE,NONE,NONE,5,3,5,4,1,4,0.167,2
f0:185.017241667,184.607664,185.027141667,185.702634,183.64479,179.799604,180.774216667,193.140726,219.08502,236.246244
feature:xia4,2,2,2,4,2,2,0,0,0,2,6,0,0,2,7,0,0,0,0,0,0,0,1,1,1,NONE,NONE,NONE,6,2,6,3,2,3,0.333,4
f0:258.066675714,284.195876667,309.811125714,333.828581667,340.724252857,329.454336667,304.55993,271.656255,234.44034,203.909363333
feature:ji2,2,2,2,2,4,3,0,0,0,1,7,0,0,1,8,0,0,0,0,0,0,0,1,1,4,NONE,NONE,NONE,7,1,7,2,3,2,0.5,2
f0:194.84168,197.136318,191.911285,177.004,161.806011667,155.12871,156.10309,161.83936,165.607318,168.787915
feature:dian3,2,2,0,3,2,0,0,0,0,0,8,0,0,0,9,0,0,0,110,0,0,0,4,1,0,NONE,NONE,0,8,0,8,1,4,1,0.667,3
f0:174.71009,178.135032857,167.637234286,155.053892857,140.485344286,72.79471,73.8710971429,112.650095714,179.488788571,224.230318571
