feature:shi2,2,0,2,2,0,3,0,0,3,11,0,0,3,1,0,0,0,0,0,0,0,0,1,0,1,NONE,0,NONE,0,11,0,12,1,12,0.071,2
f0:272.81602875,272.81604,272.81604,272.66449,257.23682375,253.68139875,264.749534286,283.068705,303.245535714,311.30042
feature:xi3,2,2,2,3,2,1,0,0,3,10,1,0,3,0,1,0,0,1,131.15401,0,0,131.15401,1,1,1,NONE,NONE,Accented,1,10,1,11,2,11,0.143,3
f0:296.981608333,284.613566667,273.725094286,262.836628333,253.60074,236.45144,210.867881667,187.414041429,173.333443333,175.128683333
feature:guang1,2,2,2,1,3,5,0,0,2,9,2,0,2,7,2,1,0,0,134.15401,131.15401,131.15401,134.15401,1,1,1,Accented,NONE,NONE,2,9,2,10,3,10,0.214,1
f0:190.74942,227.757352857,270.167665,303.562347143,315.581704286,322.644551429,330.797805714,332.86408,332.867134286,326.990387143
feature:de5,2,2,2,5,1,2,0,1,2,8,3,1,2,6,0,0,1,0,0,134.15401,134.15401,0,1,1,1,NONE,Accented,NONE,3,8,3,9,4,9,0.286,5
f0:318.022876,309.144325,289.396264,258.09744,238.463106,224.646255,215.895894,213.2213225,211.76119,206.05458
feature:cao2,2,2,2,2,5,3,0,1,2,7,4,1,2,5,1,0,0,0,0,0,0,0,1,1,1,NONE,NONE,NONE,4,7,4,8,5,8,0.357,2
f0:197.659528333,197.90687,199.627198333,201.370164286,203.108736667,204.131636667,203.926955714,207.92242,228.858937143,245.941251667
feature:ben3,2,2,2,3,2,2,0,1,2,6,5,1,2,4,2,0,0,0,0,0,0,0,1,1,1,NONE,NONE,NONE,5,6,5,7,6,7,0.429,3
f0:253.620396,260.544913333,260.177652,235.163586,189.858075,149.591232,120.138344,106.191786,110.82866,122.363884
feature:zhi2,2,2,2,2,3,4,0,1,2,5,6,1,2,3,3,0,0,0,0,0,0,0,1,1,1,NONE,NONE,NONE,6,5,6,6,7,6,0.5,2
f0:130.501638,137.567375,144.659644,151.751905,158.202492,160.419778,157.635015,155.942996,156.18541,157.7106
feature:wu4,2,2,2,4,2,2,0,1,2,4,7,1,2,2,4,0,0,0,0,0,0,0,1,1,1,NONE,NONE,NONE,7,4,7,5,8,5,0.571,4
f0:164.43581,196.009145,220.315501429,227.99317125,225.494014286,211.3481,185.207305,167.247561429,140.295205,131.600782857
feature:neng2,2,2,2,2,4,4,0,1,2,3,8,1,2,1,5,0,0,0,0,0,0,0,1,1,1,NONE,NONE,NONE,8,3,8,4,9,4,0.643,2
f0:148.4574,172.450402,176.652486,171.64413,165.777585,164.914184,168.101398,179.887568,197.943078,209.384298
feature:gou4,2,2,1,4,2,1,0,1,2,2,9,1,2,0,6,0,0,1,118.846,0,0,118.846,1,1,1,NONE,NONE,Accented,9,2,9,3,10,3,0.714,4
f0:214.775458,223.737254,227.329644,222.24977,208.05922,192.4255625,176.86715,146.551414,114.020352,122.306294
feature:an1,1,2,2,1,4,1,0,1,1,1,10,1,1,0,7,1,0,1,123.4615,118.846,118.846,123.4615,1,1,4,Accented,NONE,Accented,10,1,10,2,11,2,0.786,1
f0:147.717055,174.246846,208.0117525,232.610168,246.584155,253.52959,257.975636,259.92469,261.524306,261.8412475
feature:shen1,2,1,0,1,1,0,0,2,0,0,11,2,0,0,0,1,1,0,121.077,123.4615,123.4615,0,4,1,0,Accented,Accented,0,11,0,11,1,12,1,0.857,1
f0:262.375611,276.090416364,294.449696,293.26289,277.590358,273.558756,273.398625455,277.140356,284.83222,292.062507
