feature:ran2,2,0,1,2,0,2,0,0,4,18,0,0,4,1,0,0,0,0,128,130,0,128,1,0,1,NONE,0,NONE,0,18,0,19,1,19,0.048,2
f0:129.85347,146.447685,174.37262,189.23333,190.38002,190.28164,189.825845,189.063063333,187.625045,186.60184
feature:er2,1,2,2,2,2,1,0,0,4,17,1,0,4,0,1,0,0,1,133,128,128,133,1,1,1,NONE,NONE,Accented,1,17,1,18,2,18,0.095,2
f0:187.194784444,204.768784444,230.150215556,223.242601111,192.845873333,173.38727125,166.11152,164.716485556,171.009265556,190.850136667
feature:ta1,2,1,2,1,2,2,0,0,3,16,2,0,3,2,2,1,0,0,136,133,133,136,1,1,1,Accented,NONE,NONE,2,16,2,17,3,17,0.143,1
f0:201.4702,202.78338,215.55461,234.090103333,249.489441429,250.09759,242.117446667,239.235215714,239.102466667,242.937182857
feature:reng2,2,2,2,2,1,2,0,1,3,15,3,1,3,1,0,0,1,0,0,136,136,0,1,1,1,NONE,Accented,NONE,3,15,3,16,4,16,0.19,2
f0:246.885707143,235.539374286,216.98578,208.549534286,185.264694286,176.033198571,185.217812857,216.615266667,251.104515714,269.02581
feature:ran2,2,2,2,2,2,1,0,1,3,14,4,1,3,0,1,0,0,1,130,0,0,130,1,1,1,NONE,NONE,Accented,4,14,4,15,5,15,0.238,2
f0:258.600845714,212.612048571,167.548445,152.115988571,154.814822857,158.055858571,163.319375714,179.432421667,194.045115714,209.614434286
feature:chong1,2,2,2,1,2,4,0,1,2,13,5,1,2,9,2,1,0,0,133,130,130,133,1,1,1,Accented,NONE,NONE,5,13,5,14,6,14,0.286,1
f0:229.991438333,251.396111429,272.800785,292.259591667,315.387968571,337.057571667,340.81399,344.333271667,346.321498571,339.551316667
feature:fen4,2,2,2,4,1,3,0,2,2,12,6,2,2,8,0,0,1,0,0,133,133,0,1,1,1,NONE,Accented,NONE,6,12,6,13,7,13,0.333,4
f0:331.258865,329.43571,327.825775,326.683704,317.68691,285.213044,254.964655,233.189572,213.13514,200.58485
feature:xian3,2,2,2,3,4,4,0,2,2,11,7,2,2,7,1,0,0,0,0,0,0,0,1,1,1,NONE,NONE,NONE,7,11,7,12,8,12,0.381,3
f0:198.061437143,201.211921429,206.982831429,211.8888,204.289475,176.046694286,149.680505714,138.341814286,133.415407143,146.446622857
feature:shi4,2,2,2,4,3,5,0,2,2,10,8,2,2,6,2,0,0,0,0,0,0,0,1,1,1,NONE,NONE,NONE,8,10,8,11,9,11,0.429,4
f0:169.963757143,186.121766667,200.496872857,214.871985,229.247101429,242.47095,240.728726667,218.191388571,194.676248333,183.28084
feature:le5,2,2,2,5,4,2,0,2,2,9,9,2,2,5,3,0,0,0,0,0,0,0,1,1,1,NONE,NONE,NONE,9,9,9,10,10,10,0.476,5
f0:179.06379,175.93862,173.982206667,171.828583333,167.74767,163.298976667,160.31928,159.352286667,159.282646667,159.97434
feature:yuan2,2,2,2,2,5,4,0,2,2,8,10,2,2,4,4,0,0,0,0,0,0,0,1,1,1,NONE,NONE,NONE,10,8,10,9,11,9,0.524,2
f0:165.743275714,169.75358,172.900282857,171.512241429,159.76445,153.731695714,156.699112857,168.387434286,188.605968571,211.229595714
feature:zhu4,2,2,2,4,2,2,0,2,2,7,11,2,2,3,5,0,0,0,0,0,0,0,1,1,1,NONE,NONE,NONE,11,7,11,8,12,8,0.571,4
f0:230.046722857,261.106405,275.818137143,260.885654286,221.994478571,188.120085,169.022174286,138.013608571,122.852645,133.462775714
feature:qiang2,2,2,2,2,4,4,0,2,2,6,12,2,2,2,6,0,0,0,0,0,0,0,1,1,1,NONE,NONE,NONE,12,6,12,7,13,7,0.619,2
f0:187.0773475,200.011078889,211.61996875,222.70118,230.169314444,206.93376625,178.50402875,176.78133375,190.855467778,233.0089025
feature:lie4,2,2,2,4,2,5,0,2,2,5,13,2,2,1,7,0,0,0,0,0,0,0,1,1,1,NONE,NONE,NONE,13,5,13,6,14,6,0.667,4
f0:267.367624,291.668172,317.16146,324.082672,317.113938333,294.69688,266.921532,236.495402,210.7972,194.80154
feature:de5,2,2,2,5,4,1,0,2,2,4,14,2,2,0,8,0,0,1,120,0,0,120,1,1,1,NONE,NONE,Accented,14,4,14,5,15,5,0.714,5
f0:179.673254,174.424533333,168.835686,159.02785,150.743133333,143.833752,135.76954,96.36015,70.9441666667,79.630994
feature:bei1,2,2,2,1,5,4,0,2,1,3,15,2,1,1,9,1,0,0,123,120,120,123,1,1,1,Accented,NONE,NONE,15,3,15,4,16,4,0.762,1
f0:100.671568571,131.30914625,184.413394286,238.249255,288.162764286,303.966241429,306.7357175,307.983722857,314.189575,313.342868571
feature:ju4,2,2,2,4,1,1,0,3,1,2,16,3,1,0,0,0,1,1,118,123,123,118,1,1,1,NONE,Accented,Accented,16,2,16,3,17,3,0.81,4
f0:302.315216667,300.80453,299.554131667,298.657783333,288.47978,256.511492,219.393046667,176.116833333,147.728886667,144.883465
feature:jing1,2,2,2,1,4,5,0,3,0,1,17,3,0,1,1,1,0,0,121,118,118,121,1,1,4,Accented,NONE,NONE,17,1,17,2,18,2,0.857,1
f0:154.17535,168.430828333,182.726036667,197.021245,208.422408571,209.443715,206.121431667,204.59387,207.497665,210.549946667
feature:shen5,2,2,0,5,1,0,0,4,0,0,18,4,0,0,0,0,1,0,110,121,121,0,4,1,0,NONE,Accented,0,18,0,18,1,19,1,0.905,5
f0:208.71521875,205.79350375,203.057005714,190.25589875,153.02851875,122.86582375,108.01829625,114.875727143,174.573015,211.62325
