feature:xue2,2,0,2,2,0,5,0,0,4,16,0,0,4,5,0,0,0,0,0,0,0,0,1,0,1,NONE,0,NONE,0,16,0,17,1,11,0.077,2
f0:231.30702,231.30702,231.30702,231.30702,231.266213333,225.379776667,213.580372,209.634051667,214.109978,231.8192
feature:sheng5,2,2,2,5,2,2,0,0,4,15,1,0,4,4,1,0,0,0,0,0,0,0,1,1,1,NONE,NONE,NONE,1,15,1,16,2,10,0.154,5
f0:248.33206,272.40927875,284.564567143,261.4398,229.68836625,213.1947175,202.125595,195.224147143,196.03482875,200.5314525
feature:ke2,2,2,2,2,5,3,0,0,4,14,2,0,4,3,2,0,0,0,0,0,0,0,1,1,1,NONE,NONE,NONE,2,14,2,15,3,9,0.231,2
f0:192.600618,194.2351025,202.6432,213.477804,224.267264,231.39441,233.477254,237.694316,247.20389,269.11643
feature:yi3,2,2,2,3,2,4,0,0,4,13,3,0,4,2,3,0,0,0,0,0,0,0,1,1,1,NONE,NONE,NONE,3,13,3,14,4,8,0.308,3
f0:282.508992,285.57919,281.999593333,266.303608,244.85452,219.330206,197.144838,189.01695,191.751718,201.216964
feature:yong4,2,2,2,4,3,3,0,0,4,12,4,0,4,1,4,0,0,0,0,0,0,0,1,1,1,NONE,NONE,NONE,4,12,4,13,5,7,0.385,4
f0:221.310914,250.115916,270.1751575,278.510744,279.913668,276.787174,264.841438,248.2136325,233.751202,221.983276
feature:shu3,2,2,2,3,4,1,0,0,4,11,5,0,4,0,5,0,0,1,127.97301,0,0,127.97301,1,1,1,NONE,NONE,Accented,5,11,5,12,6,6,0.462,3
f0:210.10987625,206.407897143,206.19654625,205.985205714,205.78603625,202.2111425,176.335384286,151.856345,140.731211429,139.5260625
feature:biao1,2,2,2,1,3,1,0,0,3,10,6,0,3,0,6,1,0,1,131.4325,127.97301,127.97301,131.4325,1,1,1,Accented,NONE,Accented,6,10,6,11,7,5,0.538,1
f0:165.19991125,221.3743375,256.04608125,267.02992,276.96749375,277.466152857,276.99779125,278.71133875,281.83018875,284.2873575
feature:tuo1,2,2,2,1,1,4,0,1,2,9,7,1,2,4,0,1,1,0,129.892,131.4325,131.4325,129.892,1,1,1,Accented,Accented,NONE,7,9,7,10,8,4,0.615,1
f0:286.323015,294.263045,305.324544286,316.38604,326.441945,336.537526667,345.719416667,350.752354286,352.043971667,351.013295
feature:dong4,2,2,2,4,1,3,0,2,2,8,8,2,2,3,0,0,1,0,0,129.892,129.892,0,1,1,1,NONE,Accented,NONE,8,8,8,9,9,3,0.692,4
f0:351.859422,354.77557,348.083038333,322.560584,294.17517,269.04463,242.409938,212.856368333,196.650768,192.4207
feature:dao3,2,2,2,3,4,4,0,2,2,7,9,2,2,2,1,0,0,0,0,0,0,0,1,1,1,NONE,NONE,NONE,9,7,9,8,10,2,0.769,3
f0:189.56646,189.529871667,192.087692,187.749985,168.57619,155.243036,142.934586667,128.795852,127.846838333,144.800782
feature:xian4,2,2,2,4,3,2,0,2,2,6,10,2,2,1,2,0,0,0,0,0,0,0,1,1,1,NONE,NONE,NONE,10,6,10,7,11,1,0.846,4
f0:172.499247,209.288192,245.625432222,281.914188,305.250477,286.041602,223.107764,168.190083333,131.758188,124.621008
feature:lai2,2,2,2,2,4,1,0,2,2,5,11,2,2,0,3,0,0,1,121.486,0,0,121.486,1,1,1,NONE,NONE,Accented,11,5,11,6,1,2,0.25,2
f0:190.809015,190.802296667,190.246396,185.638403333,179.699666667,173.189178333,171.045295,173.647568,180.358906667,188.166435
feature:qie1,2,2,2,1,2,1,0,2,1,4,12,2,1,0,4,1,0,1,124.486,121.486,121.486,125.405,1,1,1,Accented,NONE,Accented,12,4,12,5,2,1,0.5,1
f0:194.362237143,205.336176667,219.66,233.983835,248.307667143,264.952795714,275.717136667,276.26715,274.388888333,256.193848571
feature:ge1,2,2,2,1,1,2,0,3,0,3,13,3,0,3,0,1,1,0,123.405,125.405,124.486,123.405,1,1,1,Accented,Accented,NONE,13,3,13,4,1,4,0.167,1
f0:283.984968,290.99705,285.695728,282.169788,282.015065,282.000164,281.773952,281.62897,281.37528,276.461198
feature:ci2,2,2,2,2,1,4,0,4,0,2,14,4,0,2,0,0,1,0,0,123.405,123.405,0,1,1,1,NONE,Accented,NONE,14,2,14,3,2,3,0.333,2
f0:263.298685,247.490536667,233.263206,219.03588,203.22774,187.419595,172.336703333,161.907316,148.265933333,144.694208333
feature:li4,2,2,2,4,2,4,0,4,0,1,15,4,0,1,1,0,0,0,0,0,0,0,1,1,4,NONE,NONE,NONE,15,1,15,2,3,2,0.5,4
f0:157.41977,178.913132,185.978225,186.3613525,181.641358,166.9330475,151.409005,142.49955,140.856032,144.53937
feature:xian4,2,2,0,4,4,0,0,4,0,0,16,4,0,0,2,0,0,0,110,0,0,0,4,1,0,NONE,NONE,0,16,0,16,1,4,1,0.667,4
f0:158.285202222,177.834,196.126495,208.285537778,194.233244444,160.489828889,92.62451,63.39427375,85.9020488889,209.952187778
