feature:dong1,2,0,2,1,0,5,0,0,1,5,0,0,1,4,0,1,0,0,137.487,134.487,0,137.487,1,0,1,Accented,0,NONE,0,5,0,6,1,6,0.125,1
f0:367.007931667,356.09908,348.32285,347.04948,344.492028333,346.173224,353.457665,357.811313333,356.467272,335.70457
feature:zi5,2,2,2,5,1,2,0,0,1,4,1,0,1,3,0,0,1,0,0,137.487,137.487,0,1,1,1,NONE,Accented,NONE,1,4,1,5,2,5,0.25,5
f0:319.360944286,312.491633333,302.175365714,264.840676667,229.101942857,195.623843333,179.999398571,169.06702,165.88843,170.743771667
feature:he2,2,2,2,2,5,2,0,0,1,3,2,0,1,2,1,0,0,0,0,0,0,0,1,1,1,NONE,NONE,NONE,2,3,2,4,3,4,0.375,2
f0:186.925275714,193.551795714,197.240011429,200.909797143,202.665087143,195.822745714,188.297051429,188.916481429,197.531072857,211.986732857
feature:hu2,2,2,2,2,2,4,0,0,1,2,3,0,1,1,2,0,0,0,0,0,0,0,1,1,1,NONE,NONE,NONE,3,2,3,3,4,3,0.5,2
f0:230.330816667,229.529957143,221.41165,213.281436667,204.338204286,197.005725,191.660736667,189.434351667,199.166961429,235.319035
feature:han4,2,2,2,4,2,1,0,0,1,1,4,0,1,0,3,0,0,1,129.35899,0,0,129.35899,1,1,3,NONE,NONE,Accented,4,1,4,2,5,2,0.625,4
f0:261.551488333,286.682093333,311.830143333,333.480228333,338.035328333,322.243711667,288.303155,241.87122,216.397293333,212.098893333
feature:san1,2,2,2,1,4,3,0,0,0,0,5,0,0,4,4,1,0,0,132.35899,129.35899,129.35899,0,3,1,1,Accented,NONE,NONE,5,0,5,1,6,1,0.75,1
f0:222.330696,259.934552222,296.642646,302.833533333,296.400615,294.271916667,296.198102,297.218603333,289.565448,261.76982
feature:yi3,2,2,2,3,1,4,0,0,1,11,0,0,1,3,0,0,1,0,0,0,132.35899,0,1,3,1,NONE,Accented,NONE,0,11,0,12,1,12,0.071,3
f0:232.644651667,229.71823,218.360886667,203.384306667,186.791736667,169.457531667,156.977031667,153.937136667,157.241218333,162.209483333
feature:ruo4,2,2,2,4,3,3,0,0,1,10,1,0,1,2,1,0,0,0,0,0,0,0,1,1,1,NONE,NONE,NONE,1,10,1,11,2,11,0.143,4
f0:167.556964286,186.958384286,224.821645,277.519461429,308.1794,310.992095714,292.717947143,255.864565,224.558511429,213.441202857
feature:dou3,2,2,2,3,4,2,0,0,1,9,2,0,1,1,2,0,0,0,0,0,0,0,1,1,1,NONE,NONE,NONE,2,9,2,10,3,10,0.214,3
f0:221.499246,255.815063333,293.879692,305.960686667,303.69446,292.14798,268.155535,238.3513,205.40329,185.068476
feature:qiang2,2,2,2,2,3,1,0,0,1,8,3,0,1,0,3,0,0,1,124.231,0,0,124.231,1,1,1,NONE,NONE,Accented,3,8,3,9,4,9,0.286,2
f0:182.626022727,196.0051175,205.983057273,185.024134167,162.095956364,155.171781818,159.81793,169.748333636,192.292980833,236.078185455
feature:zhuo1,2,2,2,1,2,2,0,0,0,7,4,0,0,7,4,1,0,0,127.231,124.231,124.231,127.231,1,1,1,Accented,NONE,NONE,4,7,4,8,5,8,0.357,1
f0:257.690021429,271.93695,289.841638571,307.799431429,327.19401375,340.639861429,344.841434286,347.532874286,351.429218571,347.877175714
feature:mi2,2,2,2,2,1,2,0,1,0,6,5,1,0,6,0,0,1,0,0,127.231,127.231,0,1,1,1,NONE,Accented,NONE,5,6,5,7,6,7,0.429,2
f0:331.672516,327.331018,311.347032,285.838482,249.815726667,220.004026,210.345002,212.274624,224.73967,233.974936
feature:cang2,2,2,2,2,2,4,0,1,0,5,6,1,0,5,1,0,0,0,0,0,0,0,1,1,1,NONE,NONE,NONE,6,5,6,6,7,6,0.5,2
f0:232.523507143,225.825232857,217.82679125,209.828364286,202.445185714,190.263252857,167.288717143,161.74721625,169.555628571,198.277645714
feature:shi4,2,2,2,4,2,5,0,1,0,4,7,1,0,4,2,0,0,0,0,0,0,0,1,1,1,NONE,NONE,NONE,7,4,7,5,8,5,0.571,4
f0:233.07838,251.236831667,264.237268333,276.94746,290.928658571,304.239038333,308.541078333,297.883601667,270.396363333,231.046111667
feature:de5,2,2,2,5,4,2,0,1,0,3,8,1,0,3,3,0,0,0,0,0,0,0,1,1,1,NONE,NONE,NONE,8,3,8,4,9,4,0.643,5
f0:199.29708,198.238926,196.7158425,188.989752,178.9296325,169.9601675,164.738582,163.8850375,164.692706,166.6299475
feature:qing2,2,2,2,2,5,2,0,1,0,2,9,1,0,2,4,0,0,0,0,0,0,0,1,1,1,NONE,NONE,NONE,9,2,9,3,10,3,0.714,2
f0:175.30836125,182.028165,187.10783125,192.18749875,197.12354,196.81045875,187.084815,194.02899125,230.3220025,253.70338125
feature:jie2,2,2,2,2,2,3,0,1,0,1,10,1,0,1,5,0,0,0,0,0,0,0,1,1,4,NONE,NONE,NONE,10,1,10,2,11,2,0.786,2
f0:253.172652,256.579474,261.368995,261.912122,246.470638,213.59325,192.664352,185.0599,186.99948,198.381794
feature:wu3,2,2,0,3,2,0,0,1,0,0,11,1,0,0,6,0,0,0,110,0,0,0,4,1,0,NONE,NONE,0,11,0,11,1,12,1,0.857,3
f0:229.713858889,239.29615,221.429092222,198.7940025,159.65399,141.02245125,132.687573333,135.63064875,114.05804,71.08273625
