feature:ta1,2,0,2,1,0,4,0,0,4,10,0,0,4,2,0,1,0,0,137.459,139.459,0,137.459,1,0,1,Accented,0,NONE,0,10,0,11,1,11,0.077,1
f0:273.32501,273.32501,271.485802857,255.358078333,243.902062857,241.991598333,244.798208571,249.381121667,254.671572857,259.983958333
feature:nu4,2,2,2,4,1,4,0,0,4,9,1,0,4,1,0,0,1,0,0,137.459,137.459,0,1,1,1,NONE,Accented,NONE,1,9,1,10,2,10,0.154,4
f0:267.058343333,282.181295,301.895708333,325.802978333,352.294494286,348.666285,329.800531667,294.729051667,244.0276,206.011923333
feature:chi4,2,2,2,4,4,1,0,0,4,8,2,0,4,0,1,0,0,1,131.216,0,0,131.216,1,1,1,NONE,NONE,Accented,2,8,2,9,3,9,0.231,4
f0:196.62142375,202.323697143,217.610095,233.26243,239.24254625,217.02464625,194.278347143,179.39617125,171.487418571,170.973845
feature:jiang1,2,2,2,1,4,1,0,0,3,7,3,0,3,0,2,1,0,1,134.67551,131.216,131.216,134.67551,1,1,1,Accented,NONE,Accented,3,7,3,8,4,8,0.308,1
f0:197.318381429,227.170238571,259.03089,277.002294286,278.52282,278.621721429,276.941128571,276.61904,278.142304286,276.358565714
feature:qing1,2,2,2,1,1,2,0,1,2,6,4,1,2,3,0,1,1,0,133.13499,134.67551,134.67551,133.13499,1,1,1,Accented,Accented,NONE,4,6,4,7,5,7,0.385,1
f0:270.608535,278.052005,287.34920125,294.84514625,289.07375,276.0972825,272.44609125,273.939505,277.4095575,272.52602375
feature:chen2,2,2,2,2,1,2,0,2,2,5,5,2,2,2,0,0,1,0,0,133.13499,133.13499,0,1,1,1,NONE,Accented,NONE,5,5,5,6,6,6,0.462,2
f0:254.30915,249.3564125,244.577005714,239.79758875,235.383565714,224.492514286,181.03115375,175.562251429,202.44917375,227.083225714
feature:bo2,2,2,2,2,2,2,0,2,2,4,6,2,2,1,1,0,0,0,0,0,0,0,1,1,1,NONE,NONE,NONE,6,4,6,5,7,5,0.538,2
f0:233.676584,240.076825,248.25197,250.473395,247.620294,245.08751,245.556788,248.7949025,250.033574,237.481325
feature:da2,2,2,2,2,2,1,0,2,2,3,7,2,2,0,2,0,0,1,125.811,0,0,125.811,1,1,1,NONE,NONE,Accented,7,3,7,4,8,4,0.615,2
f0:225.590004286,229.262816667,217.45094,182.390945,156.085785714,143.46658,141.861488333,151.566905714,162.711731667,181.672175714
feature:kang1,2,2,2,1,2,1,0,2,1,2,8,2,1,0,3,1,0,1,129.27051,125.811,125.811,129.27051,1,1,1,Accented,NONE,Accented,8,2,8,3,9,3,0.692,1
f0:196.947848333,218.544578571,243.306115,265.816585,290.578115714,314.631195,324.522845,324.039301667,321.885905714,320.918101667
feature:sheng1,2,2,2,1,1,3,0,3,0,1,9,3,0,7,0,1,1,0,127.73,129.27051,129.27051,127.73,1,1,3,Accented,Accented,NONE,9,1,9,2,10,2,0.769,1
f0:313.790375714,314.109325,319.215905714,324.923433333,332.110937143,330.963008333,325.550484286,325.429541667,325.508658571,311.605505
feature:deng3,2,2,2,3,1,4,0,4,0,0,10,4,0,6,0,0,1,0,0,127.73,127.73,0,3,1,1,NONE,Accented,NONE,10,0,10,1,11,1,0.846,3
f0:285.596,278.308707143,241.341075,185.737597143,153.076251429,136.669425714,129.339738571,126.122433333,115.542915714,102.183454286
feature:wang4,2,2,2,4,3,2,0,0,0,5,0,0,0,5,1,0,0,0,0,0,0,0,1,3,1,NONE,NONE,NONE,0,5,0,6,1,6,0.125,4
f0:253.051638,257.435138333,256.200504,244.126103333,226.8268,216.206594,201.646243333,188.079222,180.880158333,181.511536
feature:tu2,2,2,2,2,4,4,0,0,0,4,1,0,0,4,2,0,0,0,0,0,0,0,1,1,1,NONE,NONE,NONE,1,4,1,5,2,5,0.25,2
f0:190.82185,196.412454286,201.01644375,201.580952857,180.796312857,180.628642857,185.656771429,186.42513125,197.151077143,205.354221429
feature:cuan4,2,2,2,4,2,3,0,0,0,3,2,0,0,3,3,0,0,0,0,0,0,0,1,1,1,NONE,NONE,NONE,2,3,2,4,3,4,0.375,4
f0:210.9260025,239.04599875,269.521827143,299.99765,332.5017425,348.3817775,338.48453375,303.778075714,251.46325375,209.33253
feature:dang3,2,2,2,3,4,2,0,0,0,2,3,0,0,2,4,0,0,0,0,0,0,0,1,1,1,NONE,NONE,NONE,3,2,3,3,4,3,0.5,3
f0:196.65941,192.526776,184.157655,174.056441667,154.824735,133.49773,125.296333333,111.665218333,89.698632,79.4390366667
feature:duo2,2,2,2,2,3,2,0,0,0,1,4,0,0,1,5,0,0,0,0,0,0,0,1,1,4,NONE,NONE,NONE,4,1,4,2,5,2,0.625,2
f0:94.5021866667,116.96117,139.551251667,156.699142,159.091013333,156.5712,155.85897,163.84839,186.791236667,203.03964
feature:quan2,2,2,0,2,2,0,0,0,0,0,5,0,0,0,6,0,0,0,110,0,0,0,4,1,0,NONE,NONE,0,5,0,5,1,6,1,0.75,2
f0:203.413495455,195.590425455,186.118150833,169.773171818,128.221616364,125.170293636,126.926632727,139.261689167,175.080834545,208.128476364
