feature:bo1,2,0,2,1,0,1,0,0,5,12,0,0,5,0,0,1,0,1,137.6205,134.31,0,137.6205,1,0,1,Accented,0,Accented,0,12,0,13,1,13,0.067,1
f0:377.659018,377.485415,368.918342,350.409124,349.393854,352.400355,356.270986,359.506282,360.92132,359.865884
feature:hei1,2,2,2,1,1,4,0,0,4,11,1,0,4,2,0,1,1,0,135.931,137.6205,137.6205,135.931,1,1,1,Accented,Accented,NONE,1,11,1,12,2,12,0.133,1
f0:345.841246667,341.502568,344.792495,348.70564,352.625091667,354.59107,353.770136,354.156425,355.560292,351.408686667
feature:sai4,2,2,2,4,1,2,0,1,4,10,2,1,4,1,0,0,1,0,0,135.931,135.931,0,1,1,1,NONE,Accented,NONE,2,10,2,11,3,11,0.2,4
f0:338.32688,340.775241667,350.093065,356.393416667,347.15278,308.6862,273.158705,245.198231667,223.226536667,201.335956667
feature:zu2,2,2,2,2,4,1,0,1,4,9,3,1,4,0,1,0,0,1,128.793,0,0,128.793,1,1,1,NONE,NONE,Accented,3,9,3,10,4,10,0.267,2
f0:182.946248333,181.904082,180.654945,178.468755,175.450903333,173.127492,175.343048333,187.227996667,195.385348,199.20344
feature:qiang1,2,2,2,1,2,3,0,1,3,8,4,1,3,1,2,1,0,0,131.793,128.793,128.793,131.793,1,1,1,Accented,NONE,NONE,4,8,4,9,5,9,0.333,1
f0:210.011868571,238.0419925,267.395287143,294.490647143,317.43495375,320.27263,319.058484286,320.279152857,328.78074375,334.504495714
feature:shou3,2,2,2,3,1,1,0,2,3,7,5,2,3,0,0,0,1,1,126.034,131.793,131.793,126.034,1,1,1,NONE,Accented,Accented,5,7,5,8,6,8,0.4,3
f0:326.81353375,300.793117778,269.47149125,238.091961111,203.68978375,160.1461375,130.721516667,97.09172125,77.2879377778,93.69556625
feature:bao1,2,2,2,1,3,2,0,2,2,6,6,2,2,3,1,1,0,0,129.034,126.034,126.034,129.034,1,1,1,Accented,NONE,NONE,6,6,6,7,7,7,0.467,1
f0:123.919716667,150.223206667,176.52669,202.83017,227.088392857,237.11717,242.880575,255.137936667,263.789226667,259.589216667
feature:wei2,2,2,2,2,1,5,0,3,2,5,7,3,2,2,0,0,1,0,0,129.034,129.034,0,1,1,1,NONE,Accented,NONE,7,5,7,6,8,6,0.533,2
f0:238.38149,225.384865,217.727814,201.731085,184.639672,162.222542,145.7614575,138.159952,137.329085,138.963772
feature:le5,2,2,2,5,2,4,0,3,2,4,8,3,2,1,1,0,0,0,0,0,0,0,1,1,1,NONE,NONE,NONE,8,4,8,5,9,5,0.6,5
f0:147.029665,164.601836667,174.811616667,171.029113333,159.409511667,151.255584,145.850195,142.629053333,142.879125,156.829795
feature:sa4,2,2,2,4,5,1,0,3,2,3,9,3,2,0,2,0,0,1,120.517,0,0,120.517,1,1,1,NONE,NONE,Accented,9,3,9,4,10,4,0.667,4
f0:178.87672,205.073028571,236.531035714,267.809147143,285.423962857,269.360151667,233.913278571,199.233892857,170.56176,170.663554286
feature:la1,2,2,2,1,4,4,0,3,1,2,10,3,1,1,3,1,0,0,123.517,120.517,120.517,123.517,1,1,1,Accented,NONE,NONE,10,2,10,3,11,3,0.733,1
f0:181.2347775,186.47397,194.374736,200.316315,203.069925,204.67474,205.72011,207.79874,215.3266825,223.9112975
feature:re4,2,2,2,4,1,1,0,4,1,1,11,4,1,0,0,0,1,1,117.759,123.517,123.517,117.759,1,1,4,NONE,Accented,Accented,11,1,11,2,12,2,0.8,4
f0:229.4492175,230.3732575,231.451805,231.88769,228.70548,227.2490875,222.420655,208.0794375,193.215565,174.2849025
feature:wo1,2,2,0,1,4,0,0,4,0,0,12,4,0,0,1,1,0,0,120.759,117.759,117.759,0,4,1,0,Accented,NONE,0,12,0,12,1,13,1,0.867,1
f0:146.021911111,126.41602,139.142032222,174.012414444,202.172687778,223.581575,238.876714444,245.775197778,251.236825556,246.687218889
