feature:ji1,2,0,2,1,0,2,0,0,2,11,0,0,2,4,0,1,0,0,137.535,139.535,0,0,1,0,1,Accented,0,NONE,0,11,0,12,1,1,0.333,1
f0:373.290028,373.29004,373.287152,373.186216,373.788533333,376.34113,376.86452,373.13409,353.264814,331.553504
feature:ji2,2,2,2,2,1,4,0,0,2,10,1,0,2,3,0,0,1,0,0,0,137.535,0,1,1,1,NONE,Accented,NONE,1,10,1,11,1,4,0.167,2
f0:249.20599,249.20599,249.20599,241.171566,223.773011667,212.603268,207.638032,207.512308,213.1555,222.129174
feature:wei4,2,2,2,4,2,2,0,0,2,9,2,0,2,2,1,0,0,0,0,0,0,0,1,1,1,NONE,NONE,NONE,2,9,2,10,2,3,0.333,4
f0:224.42908375,221.46531375,247.69965,249.489215,223.212021111,202.72732125,194.30071625,188.52829125,186.3073825,186.74882625
feature:guo2,2,2,2,2,4,3,0,0,2,8,3,0,2,1,2,0,0,0,0,0,0,0,1,1,1,NONE,NONE,NONE,3,8,3,9,3,2,0.5,2
f0:189.777338571,197.126131667,208.421188571,214.395434286,201.326008571,197.838425,207.052202857,245.197448571,287.945521667,304.738364286
feature:tu3,2,2,2,3,2,1,0,0,2,7,4,0,2,0,3,0,0,1,124.884,0,0,134.884,1,1,1,NONE,NONE,Accented,4,7,4,8,4,1,0.667,3
f0:293.911245,271.37674,248.460293333,225.543835,200.339085714,179.587043333,166.354876667,157.383496667,158.677673333,161.371008333
feature:zi1,2,2,2,1,3,2,0,0,1,6,5,0,1,2,4,1,0,0,132.884,134.884,124.884,132.884,1,1,1,Accented,NONE,NONE,5,6,5,7,1,7,0.111,1
f0:270.88,270.88,270.88,270.88,270.88,270.88,272.0795575,278.4049075,283.0517425,283.3272775
feature:yuan2,2,2,2,2,1,4,0,1,1,5,6,1,1,1,0,0,1,0,0,132.884,132.884,0,1,1,1,NONE,Accented,NONE,6,5,6,6,2,6,0.222,2
f0:280.590973333,274.965255,261.534322,245.438143333,218.450206667,186.843158333,169.1422,165.75442,171.967088333,184.994763333
feature:xin4,2,2,2,4,2,1,0,1,1,4,7,1,1,0,1,0,0,1,127.093,0,0,127.093,1,1,1,NONE,NONE,Accented,7,4,7,5,3,5,0.333,4
f0:194.730977143,205.30879875,231.328884286,254.887855714,281.56804,306.19589625,330.774888571,336.154055714,319.50615,294.187704286
feature:xi1,2,2,2,1,4,4,0,1,0,3,8,1,0,7,2,1,0,0,130.093,127.093,127.093,130.093,1,1,1,Accented,NONE,NONE,8,3,8,4,4,4,0.444,1
f0:273.028466,269.1838825,271.978062,278.8672625,286.441808,294.0163275,304.052412,316.44154,323.353642,324.9706575
feature:hua4,2,2,2,4,1,4,0,2,0,2,9,2,0,6,0,0,1,0,0,130.093,130.093,0,1,1,1,NONE,Accented,NONE,9,2,9,3,5,3,0.556,4
f0:316.683098333,302.508321667,296.506815,296.777258333,307.272495,305.003236,282.183283333,242.093478333,203.366611667,182.008123333
feature:jian4,2,2,2,4,4,4,0,2,0,1,10,2,0,5,1,0,0,0,0,0,0,0,1,1,3,NONE,NONE,NONE,10,1,10,2,6,2,0.667,4
f0:187.265978333,200.993104,217.528635,234.641462,243.860976667,243.22082,230.651215,207.581116,182.676818333,159.713372
feature:she4,2,2,2,4,4,2,0,2,0,0,11,2,0,4,2,0,0,0,0,0,0,0,3,1,1,NONE,NONE,NONE,11,0,11,1,7,1,0.778,4
f0:147.405336667,163.3252475,175.980013333,187.71650375,198.508885556,195.346985556,175.66636,151.552088889,153.608505,156.822288889
feature:ti2,2,2,2,2,4,4,0,0,1,7,0,0,1,3,3,0,0,0,0,0,0,0,1,3,1,NONE,NONE,NONE,0,7,0,8,1,8,0.1,2
f0:213.060004,213.06001,213.06001,213.06001,212.643608,208.091158,204.7669125,204.60402,204.9195375,203.847104
feature:gong4,2,2,2,4,2,3,0,0,1,6,1,0,1,2,4,0,0,0,0,0,0,0,1,1,1,NONE,NONE,NONE,1,6,1,7,2,7,0.2,4
f0:202.486582857,233.753468333,274.729567143,282.365813333,284.190642857,285.939941667,286.46129,287.647166667,290.461781429,287.679646667
feature:ke3,2,2,2,3,4,4,0,0,1,5,2,0,1,1,5,0,0,0,0,0,0,0,1,1,1,NONE,NONE,NONE,2,5,2,6,3,6,0.3,3
f0:276.936021429,262.007794286,248.187401667,234.366991429,219.290202857,204.55788,186.532308571,162.55793,142.78667,132.931742857
feature:kao4,2,2,2,4,3,1,0,0,1,4,3,0,1,0,6,0,0,1,119.651,0,0,119.651,1,1,1,NONE,NONE,Accented,3,4,3,5,4,5,0.4,4
f0:152.8624925,181.7554325,210.69143875,239.62744625,268.29013,279.30640375,262.94523625,238.91977375,208.73572625,202.64089625
feature:jing1,2,2,2,1,4,4,0,0,0,3,4,0,0,3,7,1,0,0,122.651,119.651,119.651,122.651,1,1,1,Accented,NONE,NONE,4,3,4,4,5,4,0.5,1
f0:210.056141667,227.404481667,257.523496667,286.841705,300.436907143,303.271098333,307.025028333,313.494345,316.10381,309.194456667
feature:fei4,2,2,2,4,1,3,0,1,0,2,5,1,0,2,0,0,1,0,0,122.651,122.651,0,1,1,1,NONE,Accented,NONE,5,2,5,3,6,3,0.6,4
f0:305.338812,306.573956,308.35045,308.99751,295.262126667,256.86718,228.604788,199.689932,171.882798,163.039644
feature:bao3,2,2,2,3,4,4,0,1,0,1,6,1,0,1,1,0,0,0,0,0,0,0,1,1,4,NONE,NONE,NONE,6,1,6,2,7,2,0.7,3
f0:161.684726,158.866725,150.247406,141.41336,132.579328,123.745286,113.80699,103.868702,93.9304016667,85.26727
feature:zhang4,2,2,0,4,3,0,0,1,0,0,7,1,0,0,2,0,0,0,110,0,0,0,4,1,0,NONE,NONE,0,7,0,7,1,8,1,0.8,4
f0:87.8300071429,132.168542857,195.70827875,219.894502857,212.344591429,184.535128571,138.847761429,129.52993625,128.4163,105.479895714
