feature:bu2,2,0,2,2,0,4,0,0,2,12,0,0,2,5,0,0,0,0,0,130,0,0,1,0,1,NONE,0,NONE,0,12,0,13,1,13,0.067,2
f0:237.02801,236.641245,234.9394425,233.4165025,234.585708,239.50778,250.1928425,264.3972625,278.0942525,288.9820925
feature:lun4,2,2,2,4,2,4,0,0,2,11,1,0,2,4,1,0,0,0,0,0,0,0,1,1,1,NONE,NONE,NONE,1,11,1,12,2,12,0.133,4
f0:313.191588,342.444158,356.661155,360.84632,357.413716,341.608336,314.791918,288.2612525,267.025556,251.948324
feature:shi4,2,2,2,4,4,4,0,0,2,10,2,0,2,3,2,0,0,0,0,0,0,0,1,1,1,NONE,NONE,NONE,2,10,2,11,3,11,0.2,4
f0:245.762611111,249.955392222,264.834003,279.315405556,270.789658889,249.197307778,235.857476667,228.299852,225.964423333,215.458315556
feature:jiang4,2,2,2,4,4,4,0,0,2,9,3,0,2,2,3,0,0,0,0,0,0,0,1,1,1,NONE,NONE,NONE,3,9,3,10,4,10,0.267,4
f0:228.20563,268.458812857,309.97613125,350.29245125,360.98540625,350.348725714,312.283775,259.9433475,225.186735714,219.74374375
feature:jia4,2,2,2,4,4,4,0,0,2,8,4,0,2,1,4,0,0,0,0,0,0,0,1,1,1,NONE,NONE,NONE,4,8,4,9,5,9,0.333,4
f0:231.254375,262.904366667,289.715476667,292.629746667,276.892993333,256.178764,236.612616667,209.027708333,187.398326667,179.118311667
feature:cu4,2,2,2,4,4,1,0,0,2,7,5,0,2,0,5,0,0,1,126.034,0,0,126.034,1,1,1,NONE,NONE,Accented,5,7,5,8,6,8,0.4,4
f0:194.875121429,218.155741429,237.198141667,256.240517143,277.014018571,294.926548571,296.80006,278.870401667,250.327215714,220.776917143
feature:xiao1,2,2,2,1,4,2,0,0,1,6,6,0,1,5,6,1,0,0,129.034,126.034,126.034,129.034,1,1,1,Accented,NONE,NONE,6,6,6,7,7,7,0.467,1
f0:220.465384444,247.8271475,278.257526667,304.9698325,311.013091111,312.281613333,313.3543325,315.395844444,318.9199375,319.62814
feature:huan2,2,2,2,2,1,5,0,1,1,5,7,1,1,4,0,0,1,0,0,129.034,129.034,0,1,1,1,NONE,Accented,NONE,7,5,7,6,8,6,0.533,2
f0:301.300298333,288.676722,278.667038333,268.631446,258.59585,247.884605,234.071974,199.164178333,177.284396,178.420421667
feature:shi5,2,2,2,5,2,3,0,1,1,4,8,1,1,3,1,0,0,0,0,0,0,0,1,1,1,NONE,NONE,NONE,8,4,8,5,9,5,0.6,5
f0:202.53504375,214.208427143,222.67083125,232.71767,241.492555,239.048745714,218.18966,199.797977143,186.273965,180.112965714
feature:wen3,2,2,2,3,5,4,0,1,1,3,9,1,1,2,2,0,0,0,0,0,0,0,1,1,1,NONE,NONE,NONE,9,3,9,4,10,4,0.667,3
f0:161.749438889,115.171955556,144.48393,184.686642222,188.35644,169.354201111,147.841902222,127.788592,104.785881111,105.340427778
feature:jia4,2,2,2,4,3,4,0,1,1,2,10,1,1,1,3,0,0,0,0,0,0,0,1,1,1,NONE,NONE,NONE,10,2,10,3,11,3,0.733,4
f0:118.074217143,168.492985714,233.034597143,276.672237143,283.4469525,263.188524286,233.991621429,191.747667143,155.651184286,146.532737143
feature:re4,2,2,2,4,4,1,0,1,1,1,11,1,1,0,4,0,0,1,117.759,0,0,117.759,1,1,4,NONE,NONE,Accented,11,1,11,2,12,2,0.8,4
f0:159.071405,181.959306667,214.3116,250.08218,284.488848333,296.021915,289.699121667,267.522485,226.790073333,180.54435
feature:xiao1,2,2,0,1,4,0,0,1,0,0,12,1,0,0,5,1,0,0,120.759,117.759,117.759,0,4,1,0,Accented,NONE,0,12,0,12,1,13,1,0.867,1
f0:172.119153,193.617896,216.333951,209.815745,200.066247,195.077446667,192.245857,194.243293,197.742977,208.438564
