feature:ji2,2,0,2,2,0,3,0,0,4,14,0,0,4,1,0,0,0,0,0,0,0,0,1,0,1,NONE,0,NONE,0,14,0,15,1,15,0.059,2
f0:264.543005,264.543,264.543,265.465073333,273.864986667,290.611974,319.772618333,358.25271,375.14201,370.165395
feature:shi3,2,2,2,3,2,1,0,0,4,13,1,0,4,0,1,0,0,1,131.97,0,0,131.97,1,1,1,NONE,NONE,Accented,1,13,1,14,2,14,0.118,3
f0:346.668151667,317.672,288.720001667,262.4,236.205398571,211.368778333,186.960915,177.352098333,176.685587143,188.481461667
feature:kong1,2,2,2,1,3,1,0,0,3,12,2,0,3,0,2,1,0,1,135.364,131.97,131.97,135.364,1,1,1,Accented,NONE,Accented,2,12,2,13,3,13,0.176,1
f0:204.565651667,214.960943333,226.847815,238.734691667,254.572581429,278.515853333,284.304026667,284.744341667,284.941568333,281.416978333
feature:zhong1,2,2,2,1,1,3,0,1,2,11,3,1,2,3,0,1,1,0,133.758,135.364,135.364,133.758,1,1,1,Accented,Accented,NONE,3,11,3,12,4,12,0.235,1
f0:273.198167143,290.801247143,300.281981429,297.484942857,292.65046,288.424026667,287.484227143,287.434377143,288.278881429,288.676081429
feature:you3,2,2,2,3,1,4,0,2,2,10,4,2,2,2,0,0,1,0,0,133.758,133.758,0,1,1,1,NONE,Accented,NONE,4,10,4,11,5,11,0.294,3
f0:281.421497143,263.720591429,247.125917143,223.898587143,202.998671429,185.131284286,172.948388571,167.380022857,166.222457143,169.715758571
feature:yi4,2,2,2,4,3,3,0,2,2,9,5,2,2,1,1,0,0,0,0,0,0,0,1,1,1,NONE,NONE,NONE,5,9,5,10,6,10,0.353,4
f0:182.01922,187.609396,196.804956,214.446506,232.857506,249.209672,254.046318,248.483684,236.073968,221.639342
feature:liang3,2,2,2,3,4,1,0,2,2,8,6,2,2,0,2,0,0,1,125.909,0,0,125.909,1,1,1,NONE,NONE,Accented,6,8,6,9,7,9,0.412,3
f0:211.07516,206.435873333,200.21349,188.486651667,159.087967143,142.003791667,136.49035,134.647861667,138.633988333,148.943005
feature:zhi1,2,2,2,1,3,2,0,2,1,7,7,2,1,5,3,1,0,0,128.909,125.909,125.909,128.909,1,1,1,Accented,NONE,NONE,7,7,7,8,8,8,0.471,1
f0:179.9796425,193.2371425,203.2471975,207.16310625,204.986838889,201.1729325,197.32328625,192.0057225,215.08396,239.85526375
feature:lai2,2,2,2,2,1,4,0,3,1,6,8,3,1,4,0,0,1,0,0,128.909,128.909,0,1,1,1,NONE,Accented,NONE,8,6,8,7,9,7,0.529,2
f0:215.99234,208.982216,195.409838333,185.950906,179.898984,175.467876,177.04058,186.80697,206.7228,231.050552
feature:li4,2,2,2,4,2,4,0,3,1,5,9,3,1,3,1,0,0,0,0,0,0,0,1,1,1,NONE,NONE,NONE,9,5,9,6,10,6,0.588,4
f0:259.633478333,281.976771667,306.656371667,311.115945,303.681245,285.872802,259.9979,239.174066667,234.107653333,243.783225
feature:bu4,2,2,2,4,4,2,0,3,1,4,10,3,1,2,2,0,0,0,0,0,0,0,1,1,1,NONE,NONE,NONE,10,4,10,5,11,5,0.647,4
f0:265.20551,282.696755,299.96858,312.0112325,313.444362,309.97055,295.721022,277.484155,255.650132,226.5863275
feature:ming2,2,2,2,2,4,5,0,3,1,3,11,3,1,1,3,0,0,0,0,0,0,0,1,1,1,NONE,NONE,NONE,11,3,11,4,12,4,0.706,2
f0:208.330633333,194.22025,177.669855,163.25129,149.42564,145.672876667,151.93478,169.858441667,192.304334,205.613296667
feature:de5,2,2,2,5,2,1,0,3,1,2,12,3,1,0,4,0,0,1,118.636,0,0,118.636,1,1,1,NONE,NONE,Accented,12,2,12,3,13,3,0.765,5
f0:214.443756667,219.273453333,220.01003,218.792116667,215.3328975,209.841533333,206.67362,205.03462,203.443533333,200.2297
feature:fei1,2,2,2,1,5,3,0,3,0,1,13,3,0,1,5,1,0,0,121.636,118.636,118.636,121.636,1,1,4,Accented,NONE,NONE,13,1,13,2,14,2,0.824,1
f0:197.267118333,212.07454,241.457176667,271.463354286,298.056091667,304.224813333,306.76702,314.880101667,322.738647143,324.513093333
feature:niao3,2,2,0,3,1,0,0,4,0,0,14,4,0,0,0,0,1,0,110,121.636,121.636,0,4,1,0,NONE,Accented,0,14,0,14,1,15,1,0.882,3
f0:315.424654444,288.730457778,245.72317375,195.310694444,147.552944444,128.09765,113.905168889,101.65236375,96.6103,96.6102988889
