feature:cai3,2,0,2,3,0,4,0,0,7,16,0,0,7,2,0,0,0,0,0,0,0,0,1,0,1,NONE,0,NONE,0,16,0,17,1,17,0.053,3
f0:267.642,267.642,267.642,266.314966,253.69806,227.230972,211.76725,210.25362,211.753884,221.19209
feature:yong4,2,2,2,4,3,4,0,0,7,15,1,0,7,1,1,0,0,0,0,0,0,0,1,1,1,NONE,NONE,NONE,1,15,1,16,2,16,0.105,4
f0:240.38175875,271.663404444,311.8558375,317.439507778,303.344285,287.2757075,274.241033333,262.71620125,257.421087778,260.44245875
feature:yu4,2,2,2,4,4,1,0,0,7,14,2,0,7,0,2,0,0,1,131.216,0,0,131.216,1,1,1,NONE,NONE,Accented,2,14,2,15,3,15,0.158,4
f0:285.301706667,317.251973333,338.875954286,345.567738333,342.824716667,327.314463333,303.255056667,278.294604286,264.813153333,262.747213333
feature:yue1,2,2,2,1,4,4,0,0,6,13,3,0,6,4,3,1,0,0,134.216,131.216,131.216,134.216,1,1,1,Accented,NONE,NONE,3,13,3,14,4,14,0.211,1
f0:265.899535,289.67883,313.705396667,329.066905,343.53589,349.000544,351.734201667,356.410365,358.782972,349.002801667
feature:zuo4,2,2,2,4,1,4,0,1,6,12,4,1,6,3,0,0,1,0,0,134.216,134.216,0,1,1,1,NONE,Accented,NONE,4,12,4,13,5,13,0.263,4
f0:331.066948,332.844866667,338.972732,342.893946,340.864878333,318.558534,286.946984,262.036796,224.318558333,196.559852
feature:ye4,2,2,2,4,4,4,0,1,6,11,5,1,6,2,1,0,0,0,0,0,0,0,1,1,1,NONE,NONE,NONE,5,11,5,12,6,12,0.316,4
f0:187.754035,184.00898,190.376468571,206.533715,209.7063225,189.38093375,171.88669125,159.864868571,157.54498875,151.21260125
feature:ying4,2,2,2,4,4,2,0,1,6,10,6,1,6,1,2,0,0,0,0,0,0,0,1,1,1,NONE,NONE,NONE,6,10,6,11,7,11,0.368,4
f0:135.0235775,133.79293,224.015355,287.6048225,326.29396125,329.248117143,305.089195,257.6989425,219.388147143,200.06845125
feature:ji2,2,2,2,2,4,1,0,1,6,9,7,1,6,0,3,0,0,1,125.811,0,0,125.811,1,1,1,NONE,NONE,Accented,7,9,7,10,8,10,0.421,2
f0:193.242806,189.696658,183.584002,176.989796,172.253998333,171.852262,175.480818,184.3019,191.645604,195.063376
feature:tong1,2,2,2,1,2,1,0,1,5,8,8,1,5,0,4,1,0,1,129.27051,125.811,125.811,129.27051,1,1,1,Accented,NONE,Accented,8,8,8,9,9,9,0.474,1
f0:204.505263333,224.548882857,244.900856667,264.461115714,272.83423,269.19726,264.754961429,265.487785,268.279511429,259.498195
feature:guan1,2,2,2,1,1,1,0,2,4,7,9,2,4,0,0,1,1,1,128.1895,129.27051,129.27051,128.1895,1,1,1,Accented,Accented,Accented,9,7,9,8,10,8,0.526,1
f0:254.464291111,279.11567125,278.424387778,267.063184444,263.445391111,261.7816525,262.210575556,263.923831111,267.33258875,264.672233333
feature:jia1,2,2,2,1,1,1,0,3,3,6,10,3,3,0,0,1,1,1,127.10851,128.1895,128.1895,127.10851,1,1,1,Accented,Accented,Accented,10,6,10,7,11,7,0.579,1
f0:223.546681667,220.424111667,259.397865,305.02741,330.576777143,328.878921667,322.7488,323.072748333,325.983088333,320.18247
feature:ban1,2,2,2,1,1,1,0,4,2,5,11,4,2,0,0,1,1,1,126.027,127.10851,127.10851,126.027,1,1,1,Accented,Accented,Accented,11,5,11,6,12,6,0.632,1
f0:293.816597143,304.921645,323.543357143,328.001771667,328.02535,328.829535,329.475421429,328.262161667,327.131131429,319.690165
feature:jia1,2,2,2,1,1,3,0,5,1,4,12,5,1,3,0,1,1,0,124.486,126.027,126.027,124.486,1,1,1,Accented,Accented,NONE,12,4,12,5,13,5,0.684,1
f0:316.479461667,322.302074,330.962925,345.466778,349.378488333,347.048602,348.143188333,354.792058,360.945041667,327.687726
feature:dian3,2,2,2,3,1,3,0,6,1,3,13,6,1,2,0,0,1,0,0,124.486,124.486,0,1,1,1,NONE,Accented,NONE,13,3,13,4,14,4,0.737,3
f0:226.755175,214.341255714,209.832906667,191.450751667,155.610027143,145.179868333,146.776031667,151.110058333,177.959847143,203.231953333
feature:deng3,2,2,2,3,3,4,0,6,1,2,14,6,1,1,1,0,0,0,0,0,0,0,1,1,1,NONE,NONE,NONE,14,2,14,3,15,3,0.789,3
f0:205.224705,201.491408,198.368975,187.949452,165.3846125,141.94024,112.869422,85.54664,65.91082,63.54648
feature:cuo4,2,2,2,4,3,1,0,6,1,1,15,6,1,0,2,0,0,1,117.162,0,0,117.162,1,1,4,NONE,NONE,Accented,15,1,15,2,16,2,0.842,4
f0:82.5082766667,112.83027,143.236718333,173.643165,204.049618333,227.783538333,229.218336667,208.01948,174.848588333,145.997603333
feature:shi1,2,2,0,1,4,0,0,6,0,0,16,6,0,0,3,1,0,0,120.162,117.162,117.162,0,4,1,0,Accented,NONE,0,16,0,16,1,17,1,0.895,1
f0:158.3381475,175.02686,189.85139875,204.675944444,217.17442125,219.91584375,220.756591111,227.83433375,231.783956667,218.75658625
