feature:dai4,2,0,2,4,0,3,0,0,3,15,0,0,3,6,0,0,0,0,0,130,0,0,1,0,1,NONE,0,NONE,0,15,0,16,1,16,0.056,4
f0:209.36924,217.99263,319.747406,392.293285,387.390538,378.3452675,365.700006,351.38855,332.819468,298.646895
feature:bu3,2,2,2,3,4,5,0,0,3,14,1,0,3,5,1,0,0,0,0,0,0,0,1,1,1,NONE,NONE,NONE,1,14,1,15,2,15,0.111,3
f0:268.264514,252.446288,237.525728333,225.511208,217.127444,201.2248,185.502036,174.713258333,168.22119,168.865296
feature:le5,2,2,2,5,3,4,0,0,3,13,2,0,3,4,2,0,0,0,0,0,0,0,1,1,1,NONE,NONE,NONE,2,13,2,14,3,14,0.167,5
f0:173.30575,175.020916667,175.1545625,174.708755,174.2119275,174.378533333,178.2096925,185.79088,191.032786667,196.9119675
feature:jiao4,2,2,2,4,5,3,0,0,3,12,3,0,3,3,3,0,0,0,0,0,0,0,1,1,1,NONE,NONE,NONE,3,12,3,13,4,13,0.222,4
f0:209.059066667,246.175997143,288.69374,320.611368333,326.852364286,319.782335,302.011428333,285.568468333,261.449621429,233.650828333
feature:zhu3,2,2,2,3,4,2,0,0,3,11,4,0,3,2,4,0,0,0,0,0,0,0,1,1,1,NONE,NONE,NONE,4,11,4,12,5,12,0.278,3
f0:212.918211429,216.14769625,222.007674286,209.02016,189.041461429,172.585292857,164.89387,163.933331429,165.3810275,164.930352857
feature:ma2,2,2,2,2,3,2,0,0,3,10,5,0,3,1,5,0,0,0,0,0,0,0,1,1,1,NONE,NONE,NONE,5,10,5,11,6,11,0.333,2
f0:173.479696667,182.192486,189.902488333,192.133006667,187.123558333,178.163866,177.956816667,189.711108333,217.94027,261.308016667
feature:yuan2,2,2,2,2,2,1,0,0,3,9,6,0,3,0,6,0,0,1,126.429,0,0,126.429,1,1,1,NONE,NONE,Accented,6,9,6,10,7,10,0.389,2
f0:283.651937143,276.37683,269.277516667,257.237725714,234.080482857,219.791084286,220.244687143,226.224321667,243.104312857,253.21619
feature:zhang1,2,2,2,1,2,3,0,0,2,8,7,0,2,3,7,1,0,0,129.429,126.429,126.429,129.429,1,1,1,Accented,NONE,NONE,7,8,7,9,8,9,0.444,1
f0:256.022568333,284.859992,327.69547,341.748126,343.03957,344.284972,344.962611667,348.365954,357.173236667,360.02329
feature:huang3,2,2,2,3,1,2,0,1,2,7,8,1,2,2,0,0,1,0,0,129.429,129.429,0,1,1,1,NONE,Accented,NONE,8,7,8,8,9,8,0.5,3
f0:330.756547778,298.391668889,272.162342,251.496606667,213.998418889,172.115884444,152.525372222,143.915391,134.361678889,139.292065556
feature:he2,2,2,2,2,3,4,0,1,2,6,9,1,2,1,1,0,0,0,0,0,0,0,1,1,1,NONE,NONE,NONE,9,6,9,7,10,7,0.556,2
f0:165.900634,176.383958333,177.633514,179.12742,182.282025,185.508318,188.364468,190.384002,194.985108333,205.669512
feature:yi4,2,2,2,4,2,1,0,1,2,5,10,1,2,0,2,0,0,1,121.857,0,0,121.857,1,1,1,NONE,NONE,Accented,10,5,10,6,11,6,0.611,4
f0:222.83511,234.491545,237.504632,237.5315,235.46788,228.4185075,217.227145,203.68097,190.22909,186.80987
feature:xie1,2,2,2,1,4,3,0,1,1,4,11,1,1,2,3,1,0,0,124.857,121.857,121.857,124.857,1,1,1,Accented,NONE,NONE,11,4,11,5,12,5,0.667,1
f0:193.597718571,214.150935,235.63223,255.459274286,270.93540875,274.38776125,277.927394286,284.453547143,289.00505875,285.09331
feature:gu3,2,2,2,3,1,4,0,2,1,3,12,2,1,1,0,0,1,0,0,124.857,124.857,0,1,1,1,NONE,Accented,NONE,12,3,12,4,13,4,0.722,3
f0:274.001355714,262.211325714,251.4357,242.205377143,228.716942857,202.783511429,173.260774286,155.90328,152.041345714,177.349998571
feature:gan4,2,2,2,4,3,1,0,2,1,2,13,2,1,0,1,0,0,1,118.429,0,0,118.429,1,1,1,NONE,NONE,Accented,13,2,13,3,14,3,0.778,4
f0:226.048608333,273.257335,296.33249,305.521896667,313.489087143,302.545978333,263.05489,218.311975,198.736056667,197.972745
feature:fen1,2,2,2,1,4,3,0,2,0,1,14,2,0,1,2,1,0,0,121.429,118.429,118.429,121.429,1,1,4,Accented,NONE,NONE,14,1,14,2,15,2,0.833,1
f0:207.545033333,224.311748333,229.869933333,232.442101667,226.00322,207.824575,186.474113333,170.887683333,156.765326667,149.78553
feature:zi3,2,2,0,3,1,0,0,3,0,0,15,3,0,0,0,0,1,0,110,121.429,121.429,0,4,1,0,NONE,Accented,0,15,0,15,1,16,1,0.889,3
f0:160.35761,172.470004286,182.487215,174.031991429,151.12514625,130.124348571,109.00072125,130.111838571,230.54016875,237.634985714
