feature:gao2,2,0,2,2,0,3,0,0,2,5,0,0,2,1,0,0,0,0,0,0,0,0,1,0,1,NONE,0,NONE,0,5,0,6,1,6,0.125,2
f0:239.795006,239.129572,230.493526,223.592834,231.045723333,263.188662,296.33606,323.082002,343.1872,346.47253
feature:hao3,2,2,2,3,2,1,0,0,2,4,1,0,2,0,1,0,0,1,132.14301,0,0,132.14301,1,1,1,NONE,NONE,Accented,1,4,1,5,2,5,0.25,3
f0:335.208988571,317.881002857,300.328011429,280.857272857,234.829342857,190.67126,171.996647143,165.561735714,164.993174286,170.537674286
feature:zhong1,2,2,2,1,3,3,0,0,1,3,2,0,1,1,2,1,0,0,135.14301,132.14301,132.14301,135.14301,1,1,1,Accented,NONE,NONE,2,3,2,4,3,4,0.375,1
f0:179.903198,196.558928,221.425136667,253.194484,281.554718,307.595036,318.35943,322.209868333,326.833326,331.799176
feature:mei3,2,2,2,3,1,1,0,1,1,2,3,1,1,0,0,0,1,1,129.85699,135.14301,135.14301,129.85699,1,1,1,NONE,Accented,Accented,3,2,3,3,4,3,0.5,3
f0:331.966524,328.71399,318.085552,305.165138,283.39172,240.99112,196.30409,164.165748,142.969092,140.443318
feature:guan1,2,2,2,1,3,4,0,1,0,1,4,1,0,11,1,1,0,0,132.85699,129.85699,129.85699,132.85699,1,1,3,Accented,NONE,NONE,4,1,4,2,5,2,0.625,1
f0:157.017216667,186.517812,216.575026667,245.9643,259.372428333,258.568434,256.813166667,256.85908,259.706195,264.78883
feature:xi4,2,2,2,4,1,4,0,2,0,0,5,2,0,10,0,0,1,0,0,132.85699,132.85699,0,3,1,1,NONE,Accented,NONE,5,0,5,1,6,1,0.75,4
f0:269.1716725,263.112108889,260.4021525,262.9303625,260.923374444,215.69197625,169.06012125,142.7047925,117.902707778,119.5370075
feature:shi4,2,2,2,4,4,3,0,0,0,9,0,0,0,9,1,0,0,0,0,0,0,0,1,3,1,NONE,NONE,NONE,0,9,0,10,1,10,0.083,4
f0:253.720002222,253.72,253.72,253.087375,226.945381111,203.696438889,189.93641625,182.088095556,178.56699125,178.401745556
feature:liang3,2,2,2,3,4,2,0,0,0,8,1,0,0,8,2,0,0,0,0,0,0,0,1,1,1,NONE,NONE,NONE,1,8,1,9,2,9,0.167,3
f0:176.611353333,185.63289,188.96304,178.346723333,157.152076667,141.100804,133.918886667,134.855306667,137.42725,144.435545
feature:guo2,2,2,2,2,3,2,0,0,0,7,2,0,0,7,3,0,0,0,0,0,0,0,1,1,1,NONE,NONE,NONE,2,7,2,8,3,8,0.25,2
f0:164.17242,169.356052,168.88532,168.900448,170.91476,177.12359,188.197246,204.3949225,223.140644,232.567635
feature:ren2,2,2,2,2,2,2,0,0,0,6,3,0,0,6,4,0,0,0,0,0,0,0,1,1,1,NONE,NONE,NONE,3,6,3,7,4,7,0.333,2
f0:234.235345,230.306195,219.630856,213.370405,206.143585,195.22335,186.20376,181.754966,181.523865,186.4413475
feature:min2,2,2,2,2,2,5,0,0,0,5,4,0,0,5,5,0,0,0,0,0,0,0,1,1,1,NONE,NONE,NONE,4,5,4,6,5,6,0.417,2
f0:198.631153333,208.890761429,209.499433333,199.451702857,177.388123333,150.585316667,139.062154286,142.296911667,157.707578571,172.425461667
feature:de5,2,2,2,5,2,4,0,0,0,4,5,0,0,4,6,0,0,0,0,0,0,0,1,1,1,NONE,NONE,NONE,5,4,5,5,6,5,0.5,5
f0:184.393386,195.332315,195.193582,187.851406,176.366398,166.7099775,159.399618,155.93349,157.80079,164.94199
feature:gong4,2,2,2,4,5,2,0,0,0,3,6,0,0,3,7,0,0,0,0,0,0,0,1,1,1,NONE,NONE,NONE,6,3,6,4,7,4,0.583,4
f0:187.094965714,214.029645714,262.637515714,313.272252857,341.920684286,338.574855714,314.338247143,273.893474286,233.184827143,208.603848571
feature:tong2,2,2,2,2,4,4,0,0,0,2,7,0,0,2,8,0,0,0,0,0,0,0,1,1,1,NONE,NONE,NONE,7,2,7,3,8,3,0.667,2
f0:195.805524286,185.8825225,173.423672857,161.848855714,149.1324325,140.31573125,145.849365714,156.504658571,180.6230875,213.964607143
feature:yuan4,2,2,2,4,2,4,0,0,0,1,8,0,0,1,9,0,0,0,0,0,0,0,1,1,4,NONE,NONE,NONE,8,1,8,2,9,2,0.75,4
f0:238.2050025,258.97269,270.8810925,272.7978475,271.3245975,262.5424725,247.2267325,229.21759,209.68905,188.775585
feature:wang4,2,2,0,4,4,0,0,0,0,0,9,0,0,0,10,0,0,0,110,0,0,0,4,1,0,NONE,NONE,0,9,0,9,1,10,1,0.833,4
f0:166.225821667,153.098466667,152.653902,155.272826667,153.61795,148.143748333,138.181806667,129.830856,148.146333333,172.825863333
