feature:zai4,2,0,2,4,0,2,0,0,1,5,0,0,1,4,0,0,0,0,0,0,0,0,1,0,1,NONE,0,NONE,0,5,0,6,1,6,0.125,4
f0:396.121018,396.12103,396.12103,395.78523,391.172224,380.39692,370.43382,354.633528,329.160438,296.179896
feature:hua2,2,2,2,2,4,2,0,0,1,4,1,0,1,3,1,0,0,0,0,0,0,0,1,1,1,NONE,NONE,NONE,1,4,1,5,2,5,0.25,2
f0:256.9061,233.142047143,221.655293333,213.706134286,206.869311667,195.40106,182.199642857,185.315316667,201.452612857,211.39559
feature:ting2,2,2,2,2,2,2,0,0,1,3,2,0,1,2,2,0,0,0,0,0,0,0,1,1,1,NONE,NONE,NONE,2,3,2,4,3,4,0.375,2
f0:209.365686667,209.262611667,209.446688333,209.633875,209.83133,209.861565,206.912113333,205.35,209.249205,217.520546667
feature:liu2,2,2,2,2,2,2,0,0,1,2,3,0,1,1,3,0,0,0,0,0,0,0,1,1,1,NONE,NONE,NONE,3,2,3,3,4,3,0.5,2
f0:224.6701625,228.16404,230.562898,233.244085,234.761045,236.1748775,240.109165,244.420318,245.439715,241.1125125
feature:shi2,2,2,2,2,2,1,0,0,1,1,4,0,1,0,4,0,0,1,127.903,0,0,127.903,1,1,3,NONE,NONE,Accented,4,1,4,2,5,2,0.625,2
f0:231.37304,224.63056,218.45556,212.280566667,206.105556,200.559362,194.509235,188.495918,189.225836667,194.362104
feature:jian1,2,2,2,1,2,4,0,0,0,0,5,0,0,3,5,1,0,0,130.903,127.903,127.903,0,3,1,1,Accented,NONE,NONE,5,0,5,1,6,1,0.75,1
f0:205.802671429,229.80837,255.282905714,265.012561429,265.527275,263.6256775,264.194924286,267.194344286,257.75684,215.792612857
feature:zui4,2,2,2,4,1,2,0,0,2,7,0,0,2,2,0,0,1,0,0,0,130.903,0,1,3,1,NONE,Accented,NONE,0,7,0,8,1,8,0.1,4
f0:381.99799,381.99799,381.99799,381.99799,377.572388,369.369606,360.461998,341.306988,313.881708,268.192488
feature:chang2,2,2,2,2,4,4,0,0,2,6,1,0,2,1,1,0,0,0,0,0,0,0,1,1,1,NONE,NONE,NONE,1,6,1,7,2,7,0.2,2
f0:212.36543,205.289782222,199.719536,194.477841111,175.463126667,155.941498889,157.141427778,166.727048,189.47464,223.139874444
feature:bu4,2,2,2,4,2,1,0,0,2,5,2,0,2,0,2,0,0,1,122.742,0,0,122.742,1,1,1,NONE,NONE,Accented,2,5,2,6,3,6,0.3,4
f0:230.9516975,234.50218,246.2898525,268.81779,283.2789775,284.419795,276.018868,258.42194,238.956724,217.183605
feature:chao1,2,2,2,1,4,4,0,0,1,4,3,0,1,1,3,1,0,0,125.742,122.742,122.742,125.742,1,1,1,Accented,NONE,NONE,3,4,3,5,4,5,0.4,1
f0:216.888001667,226.088113333,236.536196667,246.984271667,257.258213333,262.412586,261.54036,260.447871667,262.610451667,258.136331667
feature:guo4,2,2,2,4,1,1,0,1,1,3,4,1,1,0,0,0,1,1,120.161,125.742,125.742,120.161,1,1,1,NONE,Accented,Accented,4,3,4,4,5,4,0.5,4
f0:251.68297,254.499448333,257.947928333,252.887028333,226.479188333,185.114505,161.222813333,162.90071,168.161915,171.397995
feature:san1,2,2,2,1,4,5,0,1,0,2,5,1,0,2,1,1,0,0,123.161,120.161,120.161,123.161,1,1,1,Accented,NONE,NONE,5,2,5,3,6,3,0.6,1
f0:186.67934,208.350327143,230.41858,252.486824286,277.549535714,288.125044286,290.863651429,294.346112857,302.870552857,293.305968571
feature:ge5,2,2,2,5,1,4,0,2,0,1,6,2,0,1,0,0,1,0,0,123.161,123.161,0,1,1,4,NONE,Accented,NONE,6,1,6,2,7,2,0.7,5
f0:273.805683333,270.9053975,267.634633333,264.7974675,255.872556667,234.963916667,204.93299,178.623303333,154.1346425,140.22381
feature:yue4,2,2,0,4,5,0,0,2,0,0,7,2,0,0,1,0,0,0,110,0,0,0,4,1,0,NONE,NONE,0,7,0,7,1,8,1,0.8,4
f0:138.14832,142.667075,158.602447143,171.090778333,178.457355,173.3009,154.946755,136.378175714,138.863658333,148.379463333
