feature:tie3,2,0,2,3,0,4,0,0,2,10,0,0,2,7,0,0,0,0,0,0,0,0,1,0,1,NONE,0,NONE,0,10,0,11,1,9,0.091,3
f0:261.473002,261.47302,261.47302,261.47302,252.613356667,226.074388,211.682816,209.1644,213.472322,216.934906
feature:dao4,2,2,2,4,3,4,0,0,2,9,1,0,2,6,1,0,0,0,0,0,0,0,1,1,1,NONE,NONE,NONE,1,9,1,10,2,8,0.182,4
f0:224.243542,284.096104,330.1137925,337.368428,345.767248,348.03664,345.234242,337.818765,328.415592,317.55434
feature:bu4,2,2,2,4,4,2,0,0,2,8,2,0,2,5,2,0,0,0,0,0,0,0,1,1,1,NONE,NONE,NONE,2,8,2,9,3,7,0.273,4
f0:314.407418333,320.23649,329.362235,342.154043333,347.125008333,337.298768,320.631993333,300.723088333,275.59148,242.211156667
feature:jue2,2,2,2,2,4,4,0,0,2,7,3,0,2,4,3,0,0,0,0,0,0,0,1,1,1,NONE,NONE,NONE,3,7,3,8,4,6,0.364,2
f0:219.024185,223.925026,232.496366667,238.627892,228.995091667,201.317168,193.92688,198.613712,204.312945,210.16069
feature:ding4,2,2,2,4,2,4,0,0,2,6,4,0,2,3,4,0,0,0,0,0,0,0,1,1,1,NONE,NONE,NONE,4,6,4,7,5,5,0.455,4
f0:212.2067875,249.6800525,261.101035,245.00328125,223.21143125,208.86641125,201.60659625,202.69436375,209.82166125,215.5514275
feature:fu4,2,2,2,4,4,4,0,0,2,5,5,0,2,2,5,0,0,0,0,0,0,0,1,1,1,NONE,NONE,NONE,5,5,5,6,6,4,0.545,4
f0:219.192695714,239.535658571,266.669062857,293.802468571,320.935891429,346.908185714,355.884262857,344.051548571,319.171192857,276.422977143
feature:xian4,2,2,2,4,4,4,0,0,2,4,6,0,2,1,6,0,0,0,0,0,0,0,1,1,1,NONE,NONE,NONE,6,4,6,5,7,3,0.636,4
f0:254.2029575,257.36409,263.79030625,270.42718,277.38838375,270.09321875,243.07715125,216.41145375,196.43645875,178.7237825
feature:rao4,2,2,2,4,4,1,0,0,2,3,7,0,2,0,7,0,0,1,121.4,0,0,121.4,1,1,1,NONE,NONE,Accented,7,3,7,4,8,2,0.727,4
f0:172.019061429,170.309645714,190.567045714,245.48967,309.056262857,325.132464286,319.121604286,292.21312,243.27028,209.98992
feature:kai1,2,2,2,1,4,2,0,0,1,2,8,0,1,1,8,1,0,0,124.4,121.4,121.4,0,1,1,1,Accented,NONE,NONE,8,2,8,3,9,1,0.818,1
f0:198.683825714,207.342415,227.747008571,248.465505,269.184017143,290.764293333,305.23682,306.843516667,309.95554,311.691246667
feature:cheng2,2,2,2,2,1,1,0,1,1,1,9,1,1,0,0,0,1,1,118.2,0,124.4,118.2,1,1,4,NONE,Accented,Accented,9,1,9,2,1,2,0.25,2
f0:191.612,191.612,191.612,191.612,184.200338333,157.71667,148.82389,149.496191667,160.619483333,180.473241667
feature:qu1,2,2,0,1,2,0,0,1,0,0,10,1,0,0,1,1,0,0,121.2,118.2,118.2,0,4,1,0,Accented,NONE,0,10,0,10,1,2,1,0.5,1
f0:196.611884444,211.485128889,226.022127778,240.239455556,244.628423333,242.316912222,242.008888889,242.970533333,250.100602222,274.897613333
