feature:dang1,2,0,2,1,0,2,0,0,1,8,0,0,1,5,0,1,0,0,137.57401,139.57401,0,137.57401,1,0,1,Accented,0,NONE,0,8,0,9,1,9,0.091,1
f0:390.446022,390.44604,389.821658,370.465752,353.831283333,356.321508,360.178454,363.316874,368.1721,371.121582
feature:shi2,2,2,2,2,1,2,0,0,1,7,1,0,1,4,0,0,1,0,0,137.57401,137.57401,0,1,1,1,NONE,Accented,NONE,1,7,1,8,2,8,0.182,2
f0:355.551937143,331.843586667,316.248255714,299.301748571,281.637088571,253.957258333,238.309068571,239.656078571,248.244158333,242.668127143
feature:de2,2,2,2,2,2,2,0,0,1,6,2,0,1,3,1,0,0,0,0,0,0,0,1,1,1,NONE,NONE,NONE,2,6,2,7,3,7,0.273,2
f0:228.375706,228.79646,229.842078,224.63825,205.43526,194.350152,199.136125,212.66289,221.724033333,220.249744
feature:guo2,2,2,2,2,2,5,0,0,1,5,3,0,1,2,2,0,0,0,0,0,0,0,1,1,1,NONE,NONE,NONE,3,5,3,6,4,6,0.364,2
f0:209.900496,211.876816,217.64623,217.552482,203.296368,187.961132,181.966516,181.906835,184.637786,187.788236
feature:de5,2,2,2,5,2,4,0,0,1,4,4,0,1,1,3,0,0,0,0,0,0,0,1,1,1,NONE,NONE,NONE,4,4,4,5,5,5,0.455,5
f0:192.633606,203.294868,206.104226667,202.222474,193.667768,187.358264,185.040368,183.647471667,182.283586,181.877634
feature:wai4,2,2,2,4,5,1,0,0,1,3,5,0,1,0,4,0,0,1,129.468,0,0,129.468,1,1,1,NONE,NONE,Accented,5,3,5,4,6,4,0.545,4
f0:186.812743333,215.254345,252.201138,284.605716667,294.99099,294.305688333,284.774383333,268.618268,247.527501667,225.76021
feature:jiao1,2,2,2,1,4,4,0,0,0,2,6,0,0,3,5,1,0,0,132.468,129.468,129.468,132.468,1,1,1,Accented,NONE,NONE,6,2,6,3,7,3,0.636,1
f0:208.503502,212.67728,248.235868333,287.196698,300.028156,302.113194,303.45566,306.467576667,310.567582,310.41311
feature:zheng4,2,2,2,4,1,4,0,1,0,1,7,1,0,2,0,0,1,0,0,132.468,132.468,0,1,1,3,NONE,Accented,NONE,7,1,7,2,8,2,0.727,4
f0:309.000211667,317.404343333,330.351204,331.905026667,316.143871667,279.96641,239.3352,205.976934,186.279986667,182.554116667
feature:ce4,2,2,2,4,4,2,0,1,0,0,8,1,0,1,1,0,0,0,0,0,0,0,3,1,1,NONE,NONE,NONE,8,0,8,1,9,1,0.818,4
f0:191.39947375,205.65291875,219.57898,223.8855225,197.8736675,172.923992857,145.81888,131.1107475,137.44068875,143.52908625
feature:hai2,2,2,2,2,4,1,0,0,2,5,0,0,2,0,2,0,0,1,126.064,0,0,126.064,1,3,1,NONE,NONE,Accented,0,5,0,6,1,6,0.125,2
f0:213.947012857,213.94702,213.94702,209.35408,195.0653175,193.45039875,194.152635714,195.002648571,200.7085875,215.97816
feature:shen1,2,2,2,1,2,1,0,0,1,4,1,0,1,0,3,1,0,1,129.63849,126.064,126.064,129.63849,1,1,1,Accented,NONE,Accented,1,4,1,5,2,5,0.25,1
f0:227.686586667,244.41412,261.398195,278.382275,295.113596667,303.860728,304.29501,305.023558333,307.975681667,309.689926667
feature:shen1,2,2,2,1,1,5,0,1,0,3,2,1,0,10,0,1,1,0,128.213,129.63849,129.63849,128.213,1,1,1,Accented,Accented,NONE,2,3,2,4,3,4,0.375,1
f0:304.175251667,300.32929,306.148163333,313.602941667,321.465968571,324.507213333,321.184858333,316.421771667,300.186503333,291.384201667
feature:de5,2,2,2,5,1,3,0,2,0,2,3,2,0,9,0,0,1,0,0,128.213,128.213,0,1,1,1,NONE,Accented,NONE,3,2,3,3,4,3,0.5,5
f0:288.252256667,283.612863333,279.29271,276.70736,269.66214,259.291846667,249.965863333,243.39559,234.258416667,216.961583333
feature:da3,2,2,2,3,5,5,0,2,0,1,4,2,0,8,1,0,0,0,0,0,0,0,1,1,3,NONE,NONE,NONE,4,1,4,2,5,2,0.625,3
f0:201.297348333,198.643762,202.086335,195.06793,164.650351667,142.120732,128.122006667,103.218513333,78.364716,75.8630566667
feature:zhe5,2,2,2,5,3,4,0,2,0,0,5,2,0,7,2,0,0,0,0,0,0,0,3,1,1,NONE,NONE,NONE,5,0,5,1,6,1,0.75,5
f0:89.7586083333,122.266226667,153.174426667,162.111693333,160.526806667,167.771722,176.80502,177.99589,184.326956667,188.175445
feature:zhan4,2,2,2,4,5,4,0,0,0,6,0,0,0,6,3,0,0,0,0,0,0,0,1,3,1,NONE,NONE,NONE,0,6,0,7,1,7,0.111,4
f0:357.833022,357.615975,351.3927,345.230602,342.280234,337.22898,326.107232,303.493534,277.7511525,252.90907
feature:hou4,2,2,2,4,4,2,0,0,0,5,1,0,0,5,4,0,0,0,0,0,0,0,1,1,1,NONE,NONE,NONE,1,5,1,6,2,6,0.222,4
f0:228.917691429,206.614885,200.029007143,210.552004286,250.637205,282.86172875,285.88188,264.393427143,223.79330375,185.011038571
feature:shi2,2,2,2,2,4,4,0,0,0,4,2,0,0,4,5,0,0,0,0,0,0,0,1,1,1,NONE,NONE,NONE,2,4,2,5,3,5,0.333,2
f0:176.023528333,174.306872,173.039575,171.64864,170.25771,168.86678,167.482415,166.477538,165.168448333,168.41007
feature:dai4,2,2,2,4,2,5,0,0,0,3,3,0,0,3,6,0,0,0,0,0,0,0,1,1,1,NONE,NONE,NONE,3,3,3,4,4,4,0.444,4
f0:184.2307,201.8057525,213.366552,214.360916,205.96409,190.733545,178.470536,168.34878,159.46997,146.870362
feature:de5,2,2,2,5,4,4,0,0,0,2,4,0,0,2,7,0,0,0,0,0,0,0,1,1,1,NONE,NONE,NONE,4,2,4,3,5,3,0.556,5
f0:142.13019,140.255643333,138.38109,136.662763333,135.6864325,135.887293333,136.61593,138.075146667,140.35901,143.888336667
feature:lao4,2,2,2,4,5,4,0,0,0,1,5,0,0,1,8,0,0,0,0,0,0,0,1,1,4,NONE,NONE,NONE,5,1,5,2,6,2,0.667,4
f0:155.20554,172.591018,188.044911667,192.42616,189.584895,176.606488,151.630331667,131.041856,131.548573333,154.598442
feature:yin4,2,2,0,4,4,0,0,0,0,0,6,0,0,0,9,0,0,0,110,0,0,0,4,1,0,NONE,NONE,0,6,0,6,1,7,1,0.778,4
f0:159.960192857,168.014781429,180.776694286,186.884334286,179.07389125,164.577658571,107.39564,64.1523185714,61.47397,60.8080942857
