feature:ke4,2,0,2,4,0,1,0,0,4,17,0,0,4,0,0,0,0,1,133.46201,130,0,133.46201,1,0,1,NONE,0,Accented,0,17,0,18,1,5,0.143,4
f0:372.47,372.47,372.47,372.47,372.116576,365.2874275,346.282094,330.660296,323.524194,322.439024
feature:la1,2,2,2,1,4,1,0,0,3,16,1,0,3,0,1,1,0,1,136.94901,133.46201,133.46201,136.94901,1,1,1,Accented,NONE,Accented,1,16,1,17,2,4,0.286,1
f0:323.7134925,325.1200275,326.2555225,329.176145,333.5319975,335.5058275,335.68797,334.6186975,332.8916625,331.56672
feature:ke1,2,2,2,1,1,1,0,1,2,15,2,1,2,0,0,1,1,1,135.923,136.94901,136.94901,135.923,1,1,1,Accented,Accented,Accented,2,15,2,16,3,3,0.429,1
f0:331.703973333,333.845255,336.58852,339.331786667,342.030818333,343.408522,342.893783333,341.27571,340.479176667,330.93513
feature:fu1,2,2,2,1,1,4,0,2,1,14,3,2,1,11,0,1,1,0,134.41,135.923,135.923,134.41,1,1,1,Accented,Accented,NONE,3,14,3,15,4,2,0.571,1
f0:312.504916667,313.164773333,319.082738333,325.330428333,332.238041429,336.795206667,336.474746667,334.302155,333.345076667,321.577286667
feature:jiu4,2,2,2,4,1,2,0,3,1,13,4,3,1,10,0,0,1,0,0,134.41,134.41,0,1,1,1,NONE,Accented,NONE,4,13,4,14,5,1,0.714,4
f0:307.427978333,317.607931667,335.179268571,350.882241667,353.977993333,347.924071667,332.426521667,297.094422857,251.92338,207.358558333
feature:guang2,2,2,2,2,4,3,0,3,1,12,5,3,1,9,1,0,0,0,0,0,0,0,1,1,1,NONE,NONE,NONE,5,12,5,13,1,9,0.091,2
f0:187.605,187.563818333,182.633388333,162.653005,143.505448571,151.384763333,170.72011,190.744941667,217.803281667,243.327791667
feature:chang3,2,2,2,3,2,4,0,3,1,11,6,3,1,8,2,0,0,0,0,0,0,0,1,1,1,NONE,NONE,NONE,6,11,6,12,2,8,0.182,3
f0:246.201477778,239.248895,231.641657778,222.922725556,187.472652,138.623617778,129.321408889,123.923768889,95.044393,125.34178
feature:sheng4,2,2,2,4,3,3,0,3,1,10,7,3,1,7,3,0,0,0,0,0,0,0,1,1,1,NONE,NONE,NONE,7,10,7,11,3,7,0.273,4
f0:198.430818571,214.88425,246.218444286,279.54207,315.64267375,351.225381429,367.032101429,359.926711429,334.136361429,297.371725714
feature:ma3,2,2,2,3,4,4,0,3,1,9,8,3,1,6,4,0,0,0,0,0,0,0,1,1,1,NONE,NONE,NONE,8,9,8,10,4,6,0.364,3
f0:265.232383333,243.181626667,229.033153333,223.309498333,202.577626667,166.061975,137.977198333,122.404903333,121.984435,135.159841667
feature:li4,2,2,2,4,3,4,0,3,1,8,9,3,1,5,5,0,0,0,0,0,0,0,1,1,1,NONE,NONE,NONE,9,8,9,9,5,5,0.455,4
f0:150.474236,161.898222,183.6139825,192.796264,192.617342,189.136556,183.507862,179.87365,178.714552,181.093198
feature:jiao4,2,2,2,4,4,2,0,3,1,7,10,3,1,4,6,0,0,0,0,0,0,0,1,1,1,NONE,NONE,NONE,10,7,10,8,6,4,0.545,4
f0:205.332536667,242.646152,279.44602,298.137834,297.631785,289.842732,270.839425,251.661272,234.931698333,215.90556
feature:tang2,2,2,2,2,4,3,0,3,1,6,11,3,1,3,7,0,0,0,0,0,0,0,1,1,1,NONE,NONE,NONE,11,6,11,7,7,3,0.636,2
f0:200.356692857,194.354988571,185.7204225,176.989924286,169.800491429,167.787425714,171.623241429,190.09350625,229.352708571,247.623082857
feature:ding3,2,2,2,3,2,5,0,3,1,5,12,3,1,2,8,0,0,0,0,0,0,0,1,1,1,NONE,NONE,NONE,12,5,12,6,8,2,0.727,3
f0:248.267104286,249.492825714,236.153065714,205.238412857,175.791588571,155.420425,133.835122857,122.617738571,109.538978571,77.6557814286
feature:de5,2,2,2,5,3,3,0,3,1,4,13,3,1,1,9,0,0,0,0,0,0,0,1,1,1,NONE,NONE,NONE,13,4,13,5,9,1,0.818,5
f0:68.99043,113.933415,155.266118571,163.734116667,169.409236667,171.656718333,175.263041667,178.687414286,172.409121667,169.117816667
feature:la3,2,2,2,3,5,1,0,3,1,3,14,3,1,0,10,0,0,1,119.103,0,0,119.103,1,1,1,NONE,NONE,Accented,14,3,14,4,1,4,0.167,3
f0:84.703178,159.958715,191.501968,186.827656667,173.642688,154.420888,137.184171667,127.114804,124.331748333,131.430748
feature:ba1,2,2,2,1,3,4,0,3,0,2,15,3,0,2,11,1,0,0,122.103,119.103,119.103,122.103,1,1,1,Accented,NONE,NONE,15,2,15,3,2,3,0.333,1
f0:142.13417,152.789504,163.444838,172.96975,178.90255,180.877466,180.49078,178.02013,178.34236,185.473548
feature:bao4,2,2,2,4,1,2,0,4,0,1,16,4,0,1,0,0,1,0,0,122.103,122.103,0,1,1,4,NONE,Accented,NONE,16,1,16,2,3,2,0.5,4
f0:193.65975,211.415391667,255.839456667,288.732258333,294.0917,286.826163333,266.004708333,229.55127,186.205396667,165.251443333
feature:shi2,2,2,0,2,4,0,0,4,0,0,17,4,0,0,1,0,0,0,110,0,0,0,4,1,0,NONE,NONE,0,17,0,17,1,4,1,0.667,2
f0:163.561352727,162.622201818,161.620756,160.638485455,158.780252727,154.609481818,152.007082727,159.638966,200.234005455,229.902925455
