feature:wu2,2,0,2,2,0,2,0,0,0,10,0,0,0,10,0,0,0,0,0,0,0,0,1,0,1,NONE,0,NONE,0,10,0,11,1,8,0.1,2
f0:233.523504,237.74775,241.35764,251.281465,274.023298,302.983986,328.1775525,351.02699,368.7029,374.721348
feature:lei2,2,2,2,2,2,2,0,0,0,9,1,0,0,9,1,0,0,0,0,0,0,0,1,1,1,NONE,NONE,NONE,1,9,1,10,2,7,0.2,2
f0:368.632158,352.698778,342.590782,324.550256,296.650694,289.270512,293.754436,305.845362,313.853966,307.613224
feature:ting2,2,2,2,2,2,5,0,0,0,8,2,0,0,8,2,0,0,0,0,0,0,0,1,1,1,NONE,NONE,NONE,2,8,2,9,3,6,0.3,2
f0:294.865176667,290.010791667,285.838914,281.667041667,275.150701667,244.535026667,214.620368333,211.32502,216.73417,220.727111667
feature:de5,2,2,2,5,2,3,0,0,0,7,3,0,0,7,3,0,0,0,0,0,0,0,1,1,1,NONE,NONE,NONE,3,7,3,8,4,5,0.4,5
f0:226.6033775,244.0005725,254.934455,254.0218375,247.4903125,241.09808,231.33871,224.130705,220.51482,210.507385
feature:kou3,2,2,2,3,5,2,0,0,0,6,4,0,0,6,4,0,0,0,0,0,0,0,1,1,1,NONE,NONE,NONE,4,6,4,7,5,4,0.5,3
f0:203.087181429,208.733991667,217.062004286,225.394516667,232.95147,234.350625,202.240667143,159.423913333,149.32486,148.70931
feature:tou2,2,2,2,2,3,2,0,0,0,5,5,0,0,5,5,0,0,0,0,0,0,0,1,1,1,NONE,NONE,NONE,5,5,5,6,6,3,0.6,2
f0:148.524282,152.796502,160.84277,167.778234,183.040496,195.90492,198.878892,209.436142,233.21571,249.119328
feature:chan2,2,2,2,2,2,4,0,0,0,4,6,0,0,4,6,0,0,0,0,0,0,0,1,1,1,NONE,NONE,NONE,6,4,6,5,7,2,0.7,2
f0:247.06783,236.569128333,224.992998571,213.470596667,203.622848571,187.70427,161.260481667,154.813648571,158.488683333,169.577964286
feature:shi4,2,2,2,4,2,4,0,0,0,3,7,0,0,3,7,0,0,0,0,0,0,0,1,1,1,NONE,NONE,NONE,7,3,7,4,8,1,0.8,4
f0:199.800953333,217.012057778,223.296755556,229.823836667,236.350921111,241.3757075,230.392817778,193.657802222,172.063227778,168.07953
feature:zuo4,2,2,2,4,4,2,0,0,0,2,8,0,0,2,8,0,0,0,0,0,0,0,1,1,1,NONE,NONE,NONE,8,2,8,3,1,3,0.2,4
f0:316.730016,316.73001,316.73001,316.720478,313.822031667,300.398734,277.10306,255.179672,228.175206667,193.121458
feature:ling2,2,2,2,2,4,3,0,0,0,1,9,0,0,1,9,0,0,0,0,0,0,0,1,1,4,NONE,NONE,NONE,9,1,9,2,2,2,0.4,2
f0:169.837618333,158.982808333,145.067358571,134.769776667,132.119176667,138.545793333,151.656271667,177.836064286,217.814436667,237.369646667
feature:dao3,2,2,0,3,2,0,0,0,0,0,10,0,0,0,10,0,0,0,110,0,0,0,4,1,0,NONE,NONE,0,10,0,10,1,3,1,0.6,3
f0:239.002126667,236.809298571,204.2085,150.515395,127.28463,122.89048,103.436581667,65.1606533333,93.5643914286,164.516926667
