feature:bu4,2,0,2,4,0,2,0,0,2,5,0,0,2,3,0,0,0,0,0,0,0,0,1,0,1,NONE,0,NONE,0,5,0,6,1,6,0.125,4
f0:384.113022,384.11304,384.11304,384.11304,383.433376,375.08824,359.964222,350.408418,347.6334825,344.733734
feature:tong2,2,2,2,2,4,2,0,0,2,4,1,0,2,2,1,0,0,0,0,0,0,0,1,1,1,NONE,NONE,NONE,1,4,1,5,2,5,0.25,2
f0:327.862542,299.862008333,271.757372,247.122256,221.587153333,199.039352,194.045944,197.008458,207.599975,218.252452
feature:ren2,2,2,2,2,2,3,0,0,2,3,2,0,2,1,2,0,0,0,0,0,0,0,1,1,1,NONE,NONE,NONE,2,3,2,4,3,4,0.375,2
f0:224.725255,221.2382,211.638508333,202.143581667,190.127461667,189.313495,198.492588333,215.950565,239.282145,246.757015
feature:zhong3,2,2,2,3,2,1,0,0,2,2,3,0,2,0,3,0,0,1,130.38499,0,0,130.38499,1,1,1,NONE,NONE,Accented,3,2,3,3,4,3,0.5,3
f0:249.375242,255.42952,261.414608,249.759858,212.762538,175.3565225,147.046638,122.147054,102.592496,85.900324
feature:zhi1,2,2,2,1,3,1,0,0,1,1,4,0,1,0,4,1,0,1,133.87199,130.38499,130.38499,133.87199,1,1,3,Accented,NONE,Accented,4,1,4,2,5,2,0.625,1
f0:87.880638,112.765366,154.148843333,195.582846,222.535116,229.065348,230.888726,231.617425,214.234772,200.762706
feature:jian1,2,2,2,1,1,2,0,1,0,0,5,1,0,2,0,1,1,0,132.35899,133.87199,133.87199,0,3,1,1,Accented,Accented,NONE,5,0,5,1,6,1,0.75,1
f0:209.24511625,245.103435,258.60111875,259.51057125,257.5216625,253.809247143,256.10923375,258.551765,258.6720875,249.5583925
feature:tou2,2,2,2,2,1,5,0,0,1,11,0,0,1,1,0,0,1,0,0,0,132.35899,0,1,3,1,NONE,Accented,NONE,0,11,0,12,1,12,0.071,2
f0:217.856003333,217.856,217.856,213.28261,192.840588571,186.678821667,189.288501667,201.591858333,224.347897143,249.365023333
feature:fa5,2,2,2,5,2,1,0,0,1,10,1,0,1,0,1,0,0,1,126.282,0,0,126.282,1,1,1,NONE,NONE,Accented,1,10,1,11,2,11,0.143,5
f0:263.387275714,278.350941429,292.265782857,297.50468,276.32384125,249.523124286,225.656797143,210.11136,212.190581429,215.494887143
feature:fu1,2,2,2,1,5,4,0,0,0,9,2,0,0,9,2,1,0,0,129.282,126.282,126.282,129.282,1,1,1,Accented,NONE,NONE,2,9,2,10,3,10,0.214,1
f0:215.558704286,231.5110425,255.771462857,280.07083125,303.17034,315.44395,322.4855925,330.703717143,340.69684625,338.16353
feature:se4,2,2,2,4,1,3,0,1,0,8,3,1,0,8,0,0,1,0,0,129.282,129.282,0,1,1,1,NONE,Accented,NONE,3,8,3,9,4,9,0.286,4
f0:326.458104444,323.85277,321.58048,319.927222222,290.5568,238.549041111,201.094902222,170.22653,133.699343333,131.703152222
feature:yan3,2,2,2,3,4,5,0,1,0,7,4,1,0,7,1,0,0,0,0,0,0,0,1,1,1,NONE,NONE,NONE,4,7,4,8,5,8,0.357,3
f0:149.6628875,172.3834075,204.695418571,203.219085,188.40656125,163.87457625,138.461605,130.144377143,136.87027375,142.5057725
feature:jing5,2,2,2,5,3,2,0,1,0,6,5,1,0,6,2,0,0,0,0,0,0,0,1,1,1,NONE,NONE,NONE,5,6,5,7,6,7,0.429,5
f0:153.231684286,182.18874875,213.410582857,234.77084375,243.372598571,248.415692857,252.80640125,258.310721429,266.0688025,269.712224286
feature:bi2,2,2,2,2,5,5,0,1,0,5,6,1,0,5,3,0,0,0,0,0,0,0,1,1,1,NONE,NONE,NONE,6,5,6,6,7,6,0.5,2
f0:261.148016667,259.188078571,259.342143333,255.304716667,224.388282857,211.676176667,207.864743333,214.275063333,252.491162857,274.041655
feature:zi5,2,2,2,5,2,3,0,1,0,4,7,1,0,4,4,0,0,0,0,0,0,0,1,1,1,NONE,NONE,NONE,7,4,7,5,8,5,0.571,5
f0:285.31758,305.661638,327.154935,345.013425,355.703992,355.100105,343.6856,324.180075,308.51306,290.35856
feature:deng3,2,2,2,3,5,5,0,1,0,3,8,1,0,3,5,0,0,0,0,0,0,0,1,1,1,NONE,NONE,NONE,8,3,8,4,9,4,0.643,3
f0:270.933172,250.457714,227.3476925,202.146862,176.174144,155.553128,137.986454,128.4874425,127.226656,134.976592
feature:de5,2,2,2,5,3,4,0,1,0,2,9,1,0,2,6,0,0,0,0,0,0,0,1,1,1,NONE,NONE,NONE,9,2,9,3,10,3,0.714,5
f0:137.164195,136.01707,134.19292,133.1267725,134.58101,139.4259925,145.86544,154.621882,157.12669,162.071815
feature:bu4,2,2,2,4,5,2,0,1,0,1,10,1,0,1,7,0,0,0,0,0,0,0,1,1,4,NONE,NONE,NONE,10,1,10,2,11,2,0.786,4
f0:184.110822,192.8072325,197.037292,201.5133825,205.861582,208.360735,206.73244,194.1310925,169.379274,151.370625
feature:tong2,2,2,0,2,4,0,0,1,0,0,11,1,0,0,8,0,0,0,110,0,0,0,4,1,0,NONE,NONE,0,11,0,11,1,12,1,0.857,2
f0:151.291573,153.852248889,156.475829,153.709026667,135.758608,127.508792222,132.473881,144.077827778,158.859395,179.021563333
