feature:gei3,2,0,2,3,0,2,0,0,2,10,0,0,2,1,0,0,0,0,0,130,0,0,1,0,1,NONE,0,NONE,0,10,0,11,1,11,0.077,3
f0:272.868027143,272.86804,261.683584286,222.933907143,210.880215714,206.383363333,199.484342857,195.797971429,197.76284,206.417411429
feature:tang2,2,2,2,2,3,1,0,0,2,9,1,0,2,0,1,0,0,1,132.297,0,0,132.297,1,1,1,NONE,NONE,Accented,1,9,1,10,2,10,0.154,2
f0:227.01839,229.125345714,223.578196667,217.461777143,211.345346667,204.397905,197.552184286,198.636383333,213.065888571,239.733985
feature:shan1,2,2,2,1,2,2,0,0,1,8,2,0,1,6,2,1,0,0,135.297,132.297,132.297,135.297,1,1,1,Accented,NONE,NONE,2,8,2,9,3,9,0.231,1
f0:255.756644286,270.77188125,290.018737143,308.081338571,322.45504625,322.69308375,318.556164286,318.100012857,320.241765,320.421185714
feature:liu2,2,2,2,2,1,4,0,1,1,7,3,1,1,5,0,0,1,0,0,135.297,135.297,0,1,1,1,NONE,Accented,NONE,3,7,3,8,4,8,0.308,2
f0:318.045082857,309.41583,286.00919,265.152923333,247.77418,209.42868,186.091346667,181.585381429,192.901461667,216.203662857
feature:xia4,2,2,2,4,2,5,0,1,1,6,4,1,1,4,1,0,0,0,0,0,0,0,1,1,1,NONE,NONE,NONE,4,6,4,7,5,7,0.385,4
f0:223.067876,231.486566,245.914618333,260.50025,272.094252,275.68277,268.891254,252.034373333,234.658172,215.221852
feature:le5,2,2,2,5,4,2,0,1,1,5,5,1,1,3,2,0,0,0,0,0,0,0,1,1,1,NONE,NONE,NONE,5,5,5,6,6,6,0.462,5
f0:198.43075,191.819,187.905223333,185.46725,183.653426667,182.18038,179.195693333,176.236585,174.201226667,172.821295
feature:yi2,2,2,2,2,5,4,0,1,1,4,6,1,1,2,3,0,0,0,0,0,0,0,1,1,1,NONE,NONE,NONE,6,4,6,5,7,5,0.538,2
f0:167.37468,156.985166,154.559565,157.570246,163.966401667,168.743106,175.433111667,183.988502,189.881488333,197.068244
feature:ge4,2,2,2,4,2,4,0,1,1,3,7,1,1,1,4,0,0,0,0,0,0,0,1,1,1,NONE,NONE,NONE,7,3,7,4,8,4,0.615,4
f0:208.860918333,229.738365,244.014261667,241.31006,221.097403333,203.531806667,192.40345,188.173208333,187.899961667,190.220938333
feature:te4,2,2,2,4,4,1,0,1,1,2,8,1,1,0,5,0,0,1,124.73,0,0,124.73,1,1,1,NONE,NONE,Accented,8,2,8,3,9,3,0.692,4
f0:199.643094286,220.874006667,248.407011429,275.940008333,303.473014286,328.098745,333.443855714,323.394281667,296.007925714,269.51417
feature:shu1,2,2,2,1,4,5,0,1,0,1,9,1,0,1,6,1,0,0,127.73,124.73,124.73,127.73,1,1,3,Accented,NONE,NONE,9,1,9,2,10,2,0.769,1
f0:259.269574286,266.593663333,283.09844,301.380662857,319.5576,329.706943333,330.501881429,329.909741429,329.317911667,314.494197143
feature:de5,2,2,2,5,1,1,0,2,0,0,10,2,0,0,0,0,1,1,117.568,127.73,127.73,127.568,3,1,1,NONE,Accented,Accented,10,0,10,1,11,1,0.846,5
f0:286.633445714,281.128145,247.09656,212.159376667,181.789908571,168.007668571,164.755431667,165.928244286,168.717308333,170.453012857
feature:shang1,2,2,2,1,5,2,0,0,1,5,0,0,1,1,1,1,0,0,125.568,127.568,117.568,125.568,1,3,1,Accented,NONE,NONE,0,5,0,6,1,4,0.167,1
f0:349.90399,349.90399,349.90399,349.90399,343.242661429,333.288708571,332.501455714,338.11883,344.186125714,340.49419
feature:can2,2,2,2,2,1,1,0,0,1,4,1,0,1,0,0,0,1,1,120.405,125.568,125.568,120.405,1,1,1,NONE,Accented,Accented,1,4,1,5,2,3,0.333,2
f0:322.96890875,287.1235,252.41761,227.91495,188.147163333,171.96475375,171.8147725,185.5031825,200.17715625,215.86932875
feature:gu1,2,2,2,1,2,3,0,0,0,3,2,0,0,3,1,1,0,0,123.405,120.405,120.405,123.405,1,1,1,Accented,NONE,NONE,2,3,2,4,3,2,0.5,1
f0:219.296231667,236.75854,277.513785,310.898247143,322.476456667,330.444921667,341.323328571,343.008886667,330.338365714,302.630408333
feature:gua3,2,2,2,3,1,2,0,1,0,2,3,1,0,2,0,0,1,0,0,123.405,123.405,0,1,1,1,NONE,Accented,NONE,3,2,3,3,4,1,0.667,3
f0:285.94613,272.606128,261.584921667,249.374124,226.133756,198.169478,169.887486,140.994903333,107.350556,94.08824
feature:qun2,2,2,2,2,3,3,0,1,0,1,4,1,0,1,1,0,0,0,0,0,0,0,1,1,4,NONE,NONE,NONE,4,1,4,2,1,2,0.25,2
f0:153.00094,178.132397143,182.5828075,187.033212857,190.9202025,184.6429875,177.692342857,184.42352125,210.865491429,228.31127375
feature:ti3,2,2,0,3,2,0,0,1,0,0,5,1,0,0,2,0,0,0,110,0,0,0,4,1,0,NONE,NONE,0,5,0,5,1,2,1,0.5,3
f0:203.180243333,173.849157143,144.703213333,115.682614286,92.6747416667,81.6730016667,71.6855885714,66.9521516667,79.1378385714,82.3291
