feature:zai4,2,0,2,4,0,3,0,0,0,4,0,0,0,8,0,0,0,0,0,130,0,0,1,0,1,NONE,0,NONE,0,4,0,5,1,5,0.143,4
f0:343.651,344.791855714,347.001524286,340.841078571,329.10407375,311.544584286,294.819674286,281.878377143,273.390364286,253.955262857
feature:duan3,2,2,2,3,4,4,0,0,0,3,1,0,0,7,1,0,0,0,0,0,0,0,1,1,1,NONE,NONE,NONE,1,3,1,4,2,4,0.286,3
f0:226.491568571,228.692538571,231.519216667,220.490808571,198.881384286,166.809941429,140.569945714,134.962431667,138.203621429,153.382075714
feature:ku4,2,2,2,4,3,3,0,0,0,2,2,0,0,6,2,0,0,0,0,0,0,0,1,1,1,NONE,NONE,NONE,2,2,2,3,3,3,0.429,4
f0:192.238486667,227.160608571,259.032021667,280.692825,297.121837143,318.900036667,322.258316667,310.782043333,286.700094286,244.678241667
feature:kou3,2,2,2,3,4,4,0,0,0,1,3,0,0,5,3,0,0,0,0,0,0,0,1,1,3,NONE,NONE,NONE,3,1,3,2,4,2,0.571,3
f0:230.533998571,229.206506667,227.583997143,225.859654286,222.924862857,199.635935,163.573645714,162.455284286,173.868688333,187.2667
feature:dai4,2,2,2,4,3,4,0,0,0,0,4,0,0,4,4,0,0,0,0,0,0,0,3,1,1,NONE,NONE,NONE,4,0,4,1,5,1,0.714,4
f0:201.88811,217.70257625,228.140441429,226.384704286,211.14126875,186.85603,157.970444286,147.635375714,167.46849375,173.05499
feature:huo4,2,2,2,4,4,3,0,0,2,7,0,0,2,3,5,0,0,0,0,0,0,0,1,3,1,NONE,NONE,NONE,0,7,0,8,1,5,0.143,4
f0:354.204016,353.9164,351.11787,345.26809,340.178854,334.197334,327.02807,313.32636,293.1238175,261.767138
feature:zhe3,2,2,2,3,4,2,0,0,2,6,1,0,2,2,6,0,0,0,0,0,0,0,1,1,1,NONE,NONE,NONE,1,6,1,7,2,4,0.286,3
f0:226.414062857,220.424963333,215.774838571,200.337747143,183.51148,162.999288333,146.92991,142.588291429,145.238975,151.075714286
feature:feng2,2,2,2,2,3,4,0,0,2,5,2,0,2,1,7,0,0,0,0,0,0,0,1,1,1,NONE,NONE,NONE,2,5,2,6,3,3,0.429,2
f0:166.695351667,171.208438,172.356333333,173.504214,174.372233333,174.176634,169.88632,166.816328,169.262135,182.845994
feature:ren4,2,2,2,4,2,1,0,0,2,4,3,0,2,0,8,0,0,1,126.16299,0,0,126.16299,1,1,1,NONE,NONE,Accented,3,4,3,5,4,2,0.571,4
f0:208.484101667,241.586356667,269.5138,288.443093333,287.278786667,271.453663333,246.911475,222.538903333,213.84927,213.36709
feature:ji1,2,2,2,1,4,1,0,0,1,3,4,0,1,0,9,1,0,1,129.16299,126.16299,126.16299,130.233,1,1,1,Accented,NONE,Accented,4,3,4,4,5,1,0.714,1
f0:221.904446667,237.557148,253.38191,265.153444,268.708923333,271.556176667,275.144354,277.404676667,269.774316,226.9605
feature:chou1,2,2,2,1,1,2,0,1,0,2,5,1,0,9,0,1,1,0,128.233,130.233,129.16299,128.233,1,1,1,Accented,Accented,NONE,5,2,5,3,1,3,0.2,1
f0:312.386523333,325.79504,325.79504,325.79504,328.084134286,344.643555,352.527608333,357.90973,359.148767143,336.901716667
feature:dou2,2,2,2,2,1,3,0,2,0,1,6,2,0,8,0,0,1,0,0,128.233,128.233,0,1,1,3,NONE,Accented,NONE,6,1,6,2,2,2,0.4,2
f0:315.67633,306.100886667,283.844664,232.370496,188.49922,169.762572,167.762374,175.104954,198.056446667,213.568374
feature:li3,2,2,2,3,2,3,0,2,0,0,7,2,0,7,1,0,0,0,0,0,0,0,3,1,1,NONE,NONE,NONE,7,0,7,1,3,1,0.6,3
f0:212.400867143,203.131,195.759954286,181.855341667,148.450171429,120.686208333,106.34655,101.984818333,269.897371429,373.164298333
feature:zhun3,2,2,2,3,3,4,0,0,0,6,0,0,0,6,2,0,0,0,0,0,0,0,1,3,1,NONE,NONE,NONE,0,6,0,7,1,7,0.111,3
f0:230.772008,230.77202,229.455356,219.829026,204.29045,192.7122325,182.905036,172.371122,169.964352,174.067412
feature:hui4,2,2,2,4,3,3,0,0,0,5,1,0,0,5,3,0,0,0,0,0,0,0,1,1,1,NONE,NONE,NONE,1,5,1,6,2,6,0.222,4
f0:185.99737,198.827012,223.33002,251.572344,276.607656667,303.693652,338.977015,350.29107,346.590886667,331.320178
feature:you3,2,2,2,3,4,2,0,0,0,4,2,0,0,4,4,0,0,0,0,0,0,0,1,1,1,NONE,NONE,NONE,2,4,2,5,3,5,0.333,3
f0:300.62934875,249.100178571,218.73803625,202.768354286,173.6032725,148.97728,140.36638875,136.290745714,134.79649875,94.7460371429
feature:mou2,2,2,2,2,3,2,0,0,0,3,3,0,0,3,5,0,0,0,0,0,0,0,1,1,1,NONE,NONE,NONE,3,3,3,4,4,4,0.444,2
f0:87.3283857143,158.209676667,179.34679,186.442755,182.190675714,182.42198,197.769868571,236.569936667,276.536385714,295.04083
feature:zhong2,2,2,2,2,2,2,0,0,0,2,4,0,0,2,6,0,0,0,0,0,0,0,1,1,1,NONE,NONE,NONE,4,2,4,3,5,3,0.556,2
f0:299.468994,301.043322,292.721786667,252.565886,209.461608,175.641966,147.003348,124.366693333,117.39446,119.530818
feature:jiang2,2,2,2,2,2,3,0,0,0,1,5,0,0,1,7,0,0,0,0,0,0,0,1,1,4,NONE,NONE,NONE,5,1,5,2,6,2,0.667,2
f0:130.095251429,144.364748571,157.079735714,157.566645714,144.456012857,135.475528571,148.673695714,166.185748571,198.856201429,218.733085714
feature:pin3,2,2,0,3,2,0,0,0,0,0,6,0,0,0,8,0,0,0,110,0,0,0,4,1,0,NONE,NONE,0,6,0,6,1,7,1,0.778,3
f0:200.617411429,200.126506667,203.128112857,205.18945,194.363871429,137.49914,69.3288366667,65.4893571429,71.264985,71.706
