feature:na4,2,0,2,4,0,3,0,0,0,5,0,0,0,6,0,0,0,0,0,0,0,0,1,0,1,NONE,0,NONE,0,5,0,6,1,6,0.125,4
f0:347.426666667,361.380424,370.948476667,373.29995,369.965983333,354.80716,332.333068,302.231335,274.77968,250.898081667
feature:mi3,2,2,2,3,4,4,0,0,0,4,1,0,0,5,1,0,0,0,0,0,0,0,1,1,1,NONE,NONE,NONE,1,4,1,5,2,5,0.25,3
f0:235.459882,228.768202,220.694423333,211.652626,201.108402,188.658586,173.579886,163.285073333,162.145334,169.979308
feature:ji4,2,2,2,4,3,4,0,0,0,3,2,0,0,4,2,0,0,0,0,0,0,0,1,1,1,NONE,NONE,NONE,2,3,2,4,3,4,0.375,4
f0:188.577552,199.81431,223.913045,251.1826,263.416358,263.804692,259.085248,244.855506667,231.696916,221.422206
feature:shu4,2,2,2,4,4,2,0,0,0,2,3,0,0,3,3,0,0,0,0,0,0,0,1,1,1,NONE,NONE,NONE,3,2,3,3,4,3,0.5,4
f0:216.279482,217.896023333,222.252768,226.6095,227.871156,221.815244,205.697948333,192.671342,189.454158333,189.945196
feature:tou2,2,2,2,2,4,4,0,0,0,1,4,0,0,2,4,0,0,0,0,0,0,0,1,1,3,NONE,NONE,NONE,4,1,4,2,5,2,0.625,2
f0:191.99573,190.85957,188.508605,186.126717143,183.525617143,179.871674286,175.828392857,177.24409,188.11135,217.670602857
feature:ru4,2,2,2,4,2,4,0,0,0,0,5,0,0,1,5,0,0,0,0,0,0,0,3,1,1,NONE,NONE,NONE,5,0,5,1,6,1,0.75,4
f0:239.6220425,257.884465,302.1595975,308.46964875,282.8974725,244.123718571,204.24839125,176.34303625,165.644545,211.38180375
feature:zhan4,2,2,1,4,4,1,0,0,4,11,0,0,4,0,6,0,0,1,121.892,0,0,131.892,1,3,1,NONE,NONE,Accented,0,11,0,12,1,1,0.333,4
f0:272.63199,272.63199,263.54418,237.404818889,218.529027778,204.6135975,201.074503333,198.706767778,191.39095625,175.466286667
feature:ou1,1,2,2,1,4,2,0,0,3,10,1,0,3,1,7,1,0,0,131.892,131.892,121.892,131.892,1,1,1,Accented,NONE,NONE,1,10,1,11,1,11,0.077,1
f0:223.6503825,241.974544,278.1809,307.441668,317.82463,321.17031,321.895418,322.172815,320.62968,314.129965
feature:meng2,2,1,2,2,1,1,0,1,3,9,2,1,3,0,0,0,1,1,125.27,131.892,131.892,125.27,1,1,1,NONE,Accented,Accented,2,9,2,10,2,10,0.154,2
f0:306.23619,276.442815,242.960854286,201.6633425,178.53450875,175.48250625,178.62460375,185.791882857,198.86645875,218.240105
feature:gong1,2,2,2,1,2,4,0,1,2,8,3,1,2,1,1,1,0,0,128.27,125.27,125.27,128.27,1,1,1,Accented,NONE,NONE,3,8,3,9,3,9,0.231,1
f0:228.742582857,252.893163333,291.772051429,317.707651429,322.167484286,324.716975,326.261355714,330.043901429,335.65787,331.286561429
feature:gong4,2,2,2,4,1,1,0,2,2,7,4,2,2,0,0,0,1,1,123.108,128.27,128.27,123.108,1,1,1,NONE,Accented,Accented,4,7,4,8,4,8,0.308,4
f0:323.977756667,325.234528333,324.034551667,304.662078333,269.210495714,238.392536667,216.114448333,204.077805,201.596658333,202.161943333
feature:zi1,2,2,2,1,4,4,0,2,1,6,5,2,1,1,1,1,0,0,126.108,123.108,123.108,126.108,1,1,1,Accented,NONE,NONE,5,6,5,7,5,7,0.385,1
f0:197.874686,199.161896667,220.967112,247.51627,265.88324,273.435596,276.188872,277.737646,274.605213333,260.544498
feature:zhu4,2,2,2,4,1,1,0,3,1,5,6,3,1,0,0,0,1,1,120.946,126.108,126.108,120.946,1,1,1,NONE,Accented,Accented,6,5,6,6,6,6,0.462,4
f0:259.48927,264.427442,269.2442625,267.197814,252.349084,227.625622,204.218006,185.67275,174.756982,173.508722
feature:jing1,2,2,2,1,4,4,0,3,0,4,7,3,0,4,1,1,0,0,123.946,120.946,120.946,123.946,1,1,1,Accented,NONE,NONE,7,4,7,5,7,5,0.538,1
f0:183.65395,199.068886,213.753618333,228.8558,241.756885,243.5599,243.57807,245.729922,251.883158333,252.687892
feature:fei4,2,2,2,4,1,3,0,4,0,3,8,4,0,3,0,0,1,0,0,123.946,123.946,0,1,1,1,NONE,Accented,NONE,8,3,8,4,8,4,0.615,4
f0:215.806558571,205.533121667,222.461011429,237.662546667,234.532577143,209.063476667,185.332661429,170.786213333,162.417887143,159.637178333
feature:zong3,2,2,1,3,4,2,0,4,0,2,9,4,0,2,1,0,0,0,0,0,0,0,1,1,1,NONE,NONE,NONE,9,2,9,3,9,3,0.692,3
f0:181.03556,193.987004444,195.420737,177.359552222,160.792285,155.547961111,146.435612,136.167178889,134.318453,135.06069
feature:e2,1,2,2,2,3,5,0,4,0,1,10,4,0,1,2,0,0,0,0,0,0,0,1,1,4,NONE,NONE,NONE,10,1,10,2,10,2,0.769,2
f0:135.299965,135.402003333,135.520555,135.785073333,137.4212025,141.942496667,148.59454,155.46838,164.59485,173.690226667
feature:de5,2,1,0,5,2,0,0,4,0,0,11,4,0,0,3,0,0,0,110,0,0,0,4,1,0,NONE,NONE,0,11,0,11,1,11,1,0.846,5
f0:189.902808333,207.161215,210.525654,202.524738333,176.248326667,155.939678333,171.452738333,199.23118,202.228783333,196.858485
