feature:ju4,2,0,2,4,0,2,0,0,1,13,0,0,1,4,0,0,0,0,0,0,0,0,1,0,1,NONE,0,NONE,0,13,0,14,1,10,0.083,4
f0:394.786016,394.78601,394.78601,394.78601,392.448284,384.080604,378.51694,364.734846,343.5206775,325.564082
feature:you2,2,2,2,2,4,3,0,0,1,12,1,0,1,3,1,0,0,0,0,0,0,0,1,1,1,NONE,NONE,NONE,1,12,1,13,2,9,0.167,2
f0:287.65627625,251.05131125,227.2768125,193.271395,181.385945556,181.56377625,188.858135,201.47533875,224.659875,249.07527625
feature:zhong3,2,2,2,3,2,4,0,0,1,11,2,0,1,2,2,0,0,0,0,0,0,0,1,1,1,NONE,NONE,NONE,2,11,2,12,3,8,0.25,3
f0:253.17062,252.677934286,252.1487875,251.550285714,237.8518175,204.755587143,175.11105625,160.784254286,149.4651775,147.020417143
feature:lei4,2,2,2,4,3,2,0,0,1,10,3,0,1,1,3,0,0,0,0,0,0,0,1,1,1,NONE,NONE,NONE,3,10,3,11,4,7,0.333,4
f0:150.674668571,165.193648333,193.53538,223.885031667,229.432091429,220.164028571,203.667893333,187.114077143,179.914888333,182.946957143
feature:fan2,2,2,2,2,4,1,0,0,1,9,4,0,1,0,4,0,0,1,130.11099,0,0,130.11099,1,1,1,NONE,NONE,Accented,4,9,4,10,5,6,0.417,2
f0:190.96041625,212.65749,205.100088571,188.00933125,172.54320125,171.58986625,179.9077125,195.384848571,231.3264125,253.55991125
feature:duo1,2,2,2,1,2,3,0,0,0,8,5,0,0,15,5,1,0,0,133.11099,130.11099,130.11099,133.11099,1,1,1,Accented,NONE,NONE,5,8,5,9,6,5,0.5,1
f0:262.54704,307.322084286,315.9335625,316.525472857,319.478328571,321.709015714,323.555677143,325.02170125,326.506128571,323.897102857
feature:shu3,2,2,2,3,1,4,0,1,0,7,6,1,0,14,0,0,1,0,0,133.11099,133.11099,0,1,1,1,NONE,Accented,NONE,6,7,6,8,7,4,0.583,3
f0:307.26883625,289.565538571,274.448875,259.332228571,244.2155675,228.07412125,205.848275714,170.1886125,150.360405714,144.03730625
feature:xing4,2,2,2,4,3,4,0,1,0,6,7,1,0,13,1,0,0,0,0,0,0,0,1,1,1,NONE,NONE,NONE,7,6,7,7,8,3,0.667,4
f0:162.7406475,189.247124286,215.83687125,242.426628571,265.68687375,271.814295714,254.8070025,225.962525714,212.0277225,210.544935714
feature:ge4,2,2,2,4,4,4,0,1,0,5,8,1,0,12,2,0,0,0,0,0,0,0,1,1,1,NONE,NONE,NONE,8,5,8,6,9,2,0.75,4
f0:211.296838,226.945508333,263.69702,293.497664,302.02512,296.860486,281.992738,260.966204,235.747463333,220.163432
feature:yi4,2,2,2,4,4,4,0,1,0,4,9,1,0,11,3,0,0,0,0,0,0,0,1,1,1,NONE,NONE,NONE,9,4,9,5,10,1,0.833,4
f0:213.755678889,227.9213425,264.769985556,275.0074575,249.612583333,209.03081375,170.34235,141.26973,157.713201111,167.18700125
feature:shu4,2,2,2,4,4,4,0,1,0,3,10,1,0,10,4,0,0,0,0,0,0,0,1,1,1,NONE,NONE,NONE,10,3,10,4,1,4,0.167,4
f0:375.02499,375.02499,375.02499,375.02499,375.02499,375.02499,372.43739875,354.451268571,321.86454875,281.442465714
feature:liang4,2,2,2,4,4,4,0,1,0,2,11,1,0,9,5,0,0,0,0,0,0,0,1,1,1,NONE,NONE,NONE,11,2,11,3,2,3,0.333,4
f0:245.976698333,253.71907,264.844932,276.294251667,278.619005,271.84605,251.575876667,229.093052,207.940328333,191.052605
feature:ju4,2,2,2,4,4,4,0,1,0,1,12,1,0,8,6,0,0,0,0,0,0,0,1,1,3,NONE,NONE,NONE,12,1,12,2,3,2,0.5,4
f0:188.214871667,193.568598571,203.86143,229.48189,256.485366667,267.329188333,255.893462857,228.692105,208.462114286,199.00251
feature:da4,2,2,2,4,4,2,0,1,0,0,13,1,0,7,7,0,0,0,0,0,0,0,3,1,1,NONE,NONE,NONE,13,0,13,1,4,1,0.667,4
f0:207.5298375,234.787375714,237.7240275,215.545595714,193.0135025,165.316618571,143.0481275,136.630528571,136.778,136.778
feature:guan2,2,2,2,2,4,3,0,0,0,6,0,0,0,6,8,0,0,0,0,0,0,0,1,3,1,NONE,NONE,NONE,0,6,0,7,1,7,0.111,2
f0:213.7840025,213.392144,208.5878475,203.58319,198.8120425,194.290155,194.04733,197.760295,209.869848,227.0528125
feature:li3,2,2,2,3,2,4,0,0,0,5,1,0,0,5,9,0,0,0,0,0,0,0,1,1,1,NONE,NONE,NONE,1,5,1,6,2,6,0.222,3
f0:255.217651429,286.777023333,297.643258571,301.170755,293.857828571,259.162778333,202.906862857,162.398391667,153.555271429,153.877393333
feature:fu4,2,2,2,4,3,2,0,0,0,4,2,0,0,4,10,0,0,0,0,0,0,0,1,1,1,NONE,NONE,NONE,2,4,2,5,3,5,0.333,4
f0:168.966598333,197.65518,227.068533333,256.481881429,285.895235,312.634655,337.289462857,342.85362,328.854818571,291.172715
feature:za2,2,2,2,2,4,5,0,0,0,3,3,0,0,3,11,0,0,0,0,0,0,0,1,1,1,NONE,NONE,NONE,3,3,3,4,4,4,0.444,2
f0:263.562538333,247.246106,231.157076667,215.338083333,189.436038333,155.313314,144.265766667,140.095796667,148.438016,170.986765
feature:de5,2,2,2,5,2,4,0,0,0,2,4,0,0,2,12,0,0,0,0,0,0,0,1,1,1,NONE,NONE,NONE,4,2,4,3,5,3,0.556,5
f0:185.16408,190.374783333,194.440946667,198.23704,203.2242825,209.265286667,211.48759,211.655,208.887206667,198.51825
feature:te4,2,2,2,4,5,3,0,0,0,1,5,0,0,1,13,0,0,0,0,0,0,0,1,1,4,NONE,NONE,NONE,5,1,5,2,6,2,0.667,4
f0:190.934571667,195.466388,206.210303333,217.198392,227.983015,233.984218,225.811438333,195.668912,169.62332,164.971314
feature:dian3,2,2,0,3,4,0,0,0,0,0,6,0,0,0,14,0,0,0,110,0,0,0,4,1,0,NONE,NONE,0,6,0,6,1,7,1,0.778,3
f0:168.439558333,166.996655714,158.686151667,153.794488571,155.2212,180.88215,182.029867143,128.365766667,88.4853328571,85.7556
