feature:zhi3,2,0,2,3,0,5,0,0,3,18,0,0,3,1,0,0,0,0,0,130,0,0,1,0,1,NONE,0,NONE,0,18,0,19,1,19,0.048,3
f0:233.453994,233.45399,230.954285,220.056188,208.768976,195.307738,186.103254,181.183125,177.504862,181.838986
feature:zhe5,2,2,2,5,3,1,0,0,3,17,1,0,3,0,1,0,0,1,132.561,0,0,132.561,1,1,1,NONE,NONE,Accented,1,17,1,18,2,18,0.095,5
f0:203.46574,230.380021667,238.857796,232.52929,227.2231,222.123454,218.822512,216.37316,215.588306667,215.981788
feature:wu1,2,2,2,1,5,2,0,0,2,16,2,0,2,4,2,1,0,0,135.561,132.561,132.561,135.561,1,1,1,Accented,NONE,NONE,2,16,2,17,3,17,0.143,1
f0:217.032691111,223.204295,220.883832222,201.334875556,253.277908889,307.64697375,334.569367778,343.214985556,343.62617875,314.445298889
feature:pang2,2,2,2,2,1,4,0,1,2,15,3,1,2,3,0,0,1,0,0,135.561,135.561,0,1,1,1,NONE,Accented,NONE,3,15,3,16,4,16,0.19,2
f0:286.976254,259.593313,235.019852222,209.861747,171.093277,165.152191,163.240496,161.69915,181.366264,215.07794
feature:shu4,2,2,2,4,2,2,0,1,2,14,4,1,2,2,1,0,0,0,0,0,0,0,1,1,1,NONE,NONE,NONE,4,14,4,15,5,15,0.238,4
f0:239.454885714,263.114445714,289.568877143,316.023302857,341.2194175,345.6779,323.322797143,281.725115714,248.727318571,209.298698571
feature:pang2,2,2,2,2,4,2,0,1,2,13,5,1,2,1,2,0,0,0,0,0,0,0,1,1,1,NONE,NONE,NONE,5,13,5,14,6,14,0.286,2
f0:186.853771818,187.882141818,188.995549091,176.915002727,153.171902727,154.84469,159.655183636,163.90378,180.595703636,210.441971818
feature:heng2,2,2,2,2,2,1,0,1,2,12,6,1,2,0,3,0,0,1,127.683,0,0,127.683,1,1,1,NONE,NONE,Accented,6,12,6,13,7,13,0.333,2
f0:217.058111429,218.891995714,221.279251429,223.005884286,215.105281429,198.246345,197.630751429,208.547074286,231.64267,248.495002857
feature:qi1,2,2,2,1,2,4,0,1,1,11,7,1,1,1,4,1,0,0,130.683,127.683,127.683,130.683,1,1,1,Accented,NONE,NONE,7,11,7,12,8,12,0.381,1
f0:256.431678333,267.566088,281.308568333,295.05105,308.793538333,322.70545,328.207428,329.470666667,329.12304,324.943705
feature:shu4,2,2,2,4,1,1,0,2,1,10,8,2,1,0,0,0,1,1,125.73199,130.683,130.683,125.73199,1,1,1,NONE,Accented,Accented,8,10,8,11,9,11,0.429,4
f0:321.111505,324.673598333,330.249863333,335.74847,338.224665,320.779276667,283.685278333,259.163693333,243.068566667,230.058985
feature:ba1,2,2,2,1,4,3,0,2,0,9,9,2,0,9,1,1,0,0,128.73199,125.73199,125.73199,128.73199,1,1,1,Accented,NONE,NONE,9,9,9,10,10,10,0.476,1
f0:236.903247143,271.5079625,292.32856,292.486725714,292.43849875,294.8013575,298.061767143,300.784778571,291.38387875,281.846814286
feature:xian3,2,2,2,3,1,5,0,3,0,8,10,3,0,8,0,0,1,0,0,128.73199,128.73199,0,1,1,1,NONE,Accented,NONE,10,8,10,9,11,9,0.524,3
f0:282.343854286,278.0086425,272.940062857,268.261365714,263.19279125,242.096875,191.627241429,163.868995714,151.35168875,157.805692857
feature:de5,2,2,2,5,3,3,0,3,0,7,11,3,0,7,1,0,0,0,0,0,0,0,1,1,1,NONE,NONE,NONE,11,7,11,8,12,8,0.571,5
f0:174.729666667,192.58279,199.901503333,204.9922275,212.261063333,217.909336667,226.01512,234.45903,238.5583475,238.62934
feature:hen3,2,2,2,3,5,2,0,3,0,6,12,3,0,6,2,0,0,0,0,0,0,0,1,1,1,NONE,NONE,NONE,12,6,12,7,13,7,0.619,3
f0:236.538168,236.186018333,237.434208,238.713498,240.1527,241.362684,236.613818,216.462622,185.555605,155.5682
feature:ling2,2,2,2,2,3,4,0,3,0,5,13,3,0,5,3,0,0,0,0,0,0,0,1,1,1,NONE,NONE,NONE,13,5,13,6,14,6,0.667,2
f0:136.551312857,131.783422857,131.021115714,133.670302857,132.191131429,133.251303333,138.297144286,148.575934286,170.63536,209.154338571
feature:luan4,2,2,2,4,2,5,0,3,0,4,14,3,0,4,4,0,0,0,0,0,0,0,1,1,1,NONE,NONE,NONE,14,4,14,5,15,5,0.714,4
f0:245.204548333,275.112435714,294.360176667,290.87012,273.71748,248.467543333,205.758195714,178.845725,164.244418571,157.595783333
feature:de5,2,2,2,5,4,4,0,3,0,3,15,3,0,3,5,0,0,0,0,0,0,0,1,1,1,NONE,NONE,NONE,15,3,15,4,16,4,0.762,5
f0:159.8505,162.334745,159.930196667,156.1527125,153.242755,152.7496525,153.4510675,155.03681,157.3443975,162.121655
feature:dian4,2,2,2,4,5,4,0,3,0,2,16,3,0,2,6,0,0,0,0,0,0,0,1,1,1,NONE,NONE,NONE,16,2,16,3,17,3,0.81,4
f0:175.661046,196.047012,221.570496,247.445002,267.400176667,277.457586,278.922222,268.497286,248.864302,229.457142
feature:hua4,2,2,2,4,4,4,0,3,0,1,17,3,0,1,7,0,0,0,0,0,0,0,1,1,4,NONE,NONE,NONE,17,1,17,2,18,2,0.857,4
f0:205.404174286,188.151105,130.715045714,141.11899375,220.178367143,260.983158571,239.31452125,209.75307,177.2535375,156.264415714
feature:xian4,2,2,0,4,4,0,0,3,0,0,18,3,0,0,8,0,0,0,110,0,0,0,4,1,0,NONE,NONE,0,18,0,18,1,19,1,0.905,4
f0:162.990895556,195.016991,235.272988889,269.161232,268.243748889,229.933737778,166.761534,130.585885556,156.931711,184.911642222
