feature:chu2,2,0,2,2,0,5,0,0,3,16,0,0,3,6,0,0,0,0,0,130,0,0,1,0,1,NONE,0,NONE,0,16,0,17,1,12,0.071,2
f0:285.40302,285.40302,285.40302,285.063066,272.719256667,258.473134,260.784962,276.18418,289.667036,297.16922
feature:le5,2,2,2,5,2,3,0,0,3,15,1,0,3,5,1,0,0,0,0,0,0,0,1,1,1,NONE,NONE,NONE,1,15,1,16,2,11,0.143,5
f0:312.129221667,339.78176,356.586171667,358.115168,352.296275,341.678296,332.117153333,323.462902,313.248421667,299.410468
feature:you3,2,2,2,3,5,2,0,0,3,14,2,0,3,4,2,0,0,0,0,0,0,0,1,1,1,NONE,NONE,NONE,2,14,2,15,3,10,0.214,3
f0:281.103698,250.614583333,232.332586,229.298322,219.924248333,200.671818,180.11305,163.471766,151.272485,145.182116
feature:yi2,2,2,2,2,3,4,0,0,3,13,3,0,3,3,3,0,0,0,0,0,0,0,1,1,1,NONE,NONE,NONE,3,13,3,14,4,9,0.286,2
f0:143.8139,143.251596,142.934185,145.394628,151.049415,158.5141275,169.420188,181.6837925,187.272596,188.64693
feature:ci4,2,2,2,4,2,3,0,0,3,12,4,0,3,2,4,0,0,0,0,0,0,0,1,1,1,NONE,NONE,NONE,4,12,4,13,5,8,0.357,4
f0:192.578963333,209.59750375,232.221815556,254.090795,256.934331111,235.2997,214.066556667,201.91843625,202.477898889,210.4010875
feature:ke3,2,2,2,3,4,2,0,0,3,11,5,0,3,1,5,0,0,0,0,0,0,0,1,1,1,NONE,NONE,NONE,5,11,5,12,6,7,0.429,3
f0:215.358215714,219.497326667,223.636442857,227.775558333,231.914657143,236.421082857,239.213918333,228.044215714,190.450061667,161.970731429
feature:lian2,2,2,2,2,3,1,0,0,3,10,6,0,3,0,6,0,0,1,126.892,0,0,126.892,1,1,1,NONE,NONE,Accented,6,10,6,11,7,6,0.5,2
f0:140.612822,139.994315,143.298906,143.380806,141.318578,142.2397925,145.873354,148.820964,150.1149475,153.25172
feature:ba1,2,2,2,1,2,1,0,0,2,9,7,0,2,0,7,1,0,1,130.3515,126.892,126.892,130.3515,1,1,1,Accented,NONE,Accented,7,9,7,10,8,5,0.571,1
f0:171.32357,192.417478571,205.986248333,230.324254286,273.663538333,285.989263333,285.693401429,287.385191667,291.372231429,287.354075
feature:ba1,2,2,2,1,1,5,0,1,1,8,8,1,1,2,0,1,1,0,128.811,130.3515,130.3515,128.811,1,1,1,Accented,Accented,NONE,8,8,8,9,9,4,0.643,1
f0:267.471573333,275.245295,292.874253333,301.98375,303.540408333,304.422338,306.525471667,309.059896667,308.80215,300.634868333
feature:de5,2,2,2,5,1,4,0,2,1,7,9,2,1,1,0,0,1,0,0,128.811,128.811,0,1,1,1,NONE,Accented,NONE,9,7,9,8,10,3,0.714,5
f0:288.215338,278.71663,267.434338,243.55171,219.691502,199.117166,192.80681,192.25907,190.9905475,189.58386
feature:diao4,2,2,2,4,5,1,0,2,1,6,10,2,1,0,1,0,0,1,122.568,0,0,122.568,1,1,1,NONE,NONE,Accented,10,6,10,7,11,2,0.786,4
f0:191.650211667,206.754786667,237.052864,267.863641667,281.307313333,277.41302,257.209485,236.544692,222.12339,212.113663333
feature:chu1,2,2,2,1,4,3,0,2,0,5,11,2,0,5,2,1,0,0,125.568,122.568,122.568,0,1,1,1,Accented,NONE,NONE,11,5,11,6,12,1,0.857,1
f0:207.909902222,220.65775,235.853995556,251.0454075,261.360921111,263.203141111,266.24174125,268.916544444,254.73569625,201.099501111
feature:wu3,2,2,2,3,1,4,0,3,0,4,12,3,0,4,0,0,1,0,0,0,125.568,0,1,1,1,NONE,Accented,NONE,12,4,12,5,1,1,0.333,3
f0:176.080718333,195.988682,194.34556,172.739182,149.888291667,130.251318,103.781053333,60.647566,58.0036266667,45.6332
feature:ge4,2,2,2,4,3,4,0,3,0,3,13,3,0,3,1,0,0,0,0,0,0,0,1,1,1,NONE,NONE,NONE,13,3,13,4,1,4,0.167,4
f0:150.5364925,161.408,161.408,161.408,161.4290925,161.5284275,161.927385,163.5735925,167.107,172.8486875
feature:ying4,2,2,2,4,4,4,0,3,0,2,14,3,0,2,2,0,0,0,0,0,0,0,1,1,1,NONE,NONE,NONE,14,2,14,3,2,3,0.333,4
f0:191.838837143,211.929158571,236.533385,268.21948,299.25752,300.991097143,278.182538571,240.602605,207.332287143,193.370055714
feature:bi4,2,2,2,4,4,4,0,3,0,1,15,3,0,1,3,0,0,0,0,0,0,0,1,1,4,NONE,NONE,NONE,15,1,15,2,3,2,0.5,4
f0:193.13236,206.095096667,245.10831,271.268186,274.535293333,265.42024,246.134136,225.812422,201.275676667,174.291342
feature:wai4,2,2,0,4,4,0,0,3,0,0,16,3,0,0,4,0,0,0,110,0,0,0,4,1,0,NONE,NONE,0,16,0,16,1,4,1,0.667,4
f0:148.296143333,132.042068,144.467643333,154.769823333,156.874438333,154.62398,143.952223333,125.759533333,119.78201,119.782006667
