feature:gan3,2,0,2,3,0,4,0,0,5,21,0,0,5,8,0,0,0,0,0,0,0,0,1,0,1,NONE,0,NONE,0,21,0,22,1,11,0.077,3
f0:220.717,219.993032,214.140685,204.673088,197.999904,191.744588,189.651408,191.9547725,198.645556,204.569374
feature:dao4,2,2,2,4,3,4,0,0,5,20,1,0,5,7,1,0,0,0,0,0,0,0,1,1,1,NONE,NONE,NONE,1,20,1,21,2,10,0.154,4
f0:215.796527143,248.103504286,254.71178,244.406587143,229.247757143,218.341471429,212.988021429,208.196362857,207.379008571,208.712932857
feature:bu4,2,2,2,4,4,3,0,0,5,19,2,0,5,6,2,0,0,0,0,0,0,0,1,1,1,NONE,NONE,NONE,2,19,2,20,3,9,0.231,4
f0:210.677812,227.920816,261.4417,295.822108,329.57599,339.764454,339.67865,337.135706,322.189522,288.060834
feature:ba3,2,2,2,3,4,4,0,0,5,18,3,0,5,5,3,0,0,0,0,0,0,0,1,1,1,NONE,NONE,NONE,3,18,3,19,4,8,0.308,3
f0:272.16966,259.200471667,245.553708,225.867336,192.557265,166.799244,154.616398,144.224196,139.81329,143.14015
feature:zhe4,2,2,2,4,3,5,0,0,5,17,4,0,5,4,4,0,0,0,0,0,0,0,1,1,1,NONE,NONE,NONE,4,17,4,18,5,7,0.385,4
f0:156.975494,170.098155,186.220602,201.161828,211.455896667,208.72962,198.812536,189.772584,180.725391667,176.36581
feature:ge5,2,2,2,5,4,4,0,0,5,16,5,0,5,3,5,0,0,0,0,0,0,0,1,1,1,NONE,NONE,NONE,5,16,5,17,6,6,0.462,5
f0:184.925328,192.9135825,190.443062,184.657218,180.158034,172.71139,168.964746,168.571316,168.9089675,171.488418
feature:mai4,2,2,2,4,5,2,0,0,5,15,6,0,5,2,6,0,0,0,0,0,0,0,1,1,1,NONE,NONE,NONE,6,15,6,16,7,5,0.538,4
f0:189.681307143,221.657505714,260.903935714,299.696415714,307.95813,299.78058,280.43106,247.603834286,212.641922857,185.346614286
feature:guo2,2,2,2,2,4,5,0,0,5,14,7,0,5,1,7,0,0,0,0,0,0,0,1,1,1,NONE,NONE,NONE,7,14,7,15,8,4,0.615,2
f0:171.235243333,168.708126667,166.752196,164.860163333,162.65706,159.812736667,155.797831667,155.084298,159.170436667,171.786003333
feature:de5,2,2,2,5,2,1,0,0,5,13,8,0,5,0,8,0,0,1,126.91499,0,0,126.91499,1,1,1,NONE,NONE,Accented,8,13,8,14,9,3,0.692,5
f0:190.895311667,201.736803333,200.897346667,190.3015,178.682765,170.301976,165.533641667,164.911623333,166.122878333,169.298321667
feature:zhuan1,2,2,2,1,5,4,0,0,4,12,9,0,4,3,9,1,0,0,129.91499,126.91499,126.91499,129.91499,1,1,1,Accented,NONE,NONE,9,12,9,13,10,2,0.769,1
f0:183.04211625,210.51770875,251.900773333,293.95755625,316.5154225,317.9609825,319.37892125,320.363458889,324.51197875,323.2124675
feature:zhi4,2,2,2,4,1,5,0,1,4,11,10,1,4,2,0,0,1,0,0,129.91499,129.91499,0,1,1,1,NONE,Accented,NONE,10,11,10,12,11,1,0.846,4
f0:318.629355,316.950738,314.996018333,313.034004,303.878495,267.202216,238.730248333,213.147206,185.640228333,170.544308
feature:de5,2,2,2,5,4,2,0,1,4,10,11,1,4,1,1,0,0,0,0,0,0,0,1,1,1,NONE,NONE,NONE,11,10,11,11,1,11,0.077,5
f0:185.722844,185.5209825,175.985872,165.515925,156.59905,151.001686,150.34237,151.6557,154.126625,157.238786
feature:ji2,2,2,2,2,5,1,0,1,4,9,12,1,4,0,2,0,0,1,123.511,0,0,123.511,1,1,1,NONE,NONE,Accented,12,9,12,10,2,10,0.154,2
f0:170.464503333,180.713578333,187.67138,194.629181667,200.755913333,201.855778,200.46727,202.580791667,212.389975,219.19061
feature:duan1,2,2,2,1,2,3,0,1,3,8,13,1,3,3,3,1,0,0,126.511,123.511,123.511,126.511,1,1,1,Accented,NONE,NONE,13,8,13,9,3,9,0.231,1
f0:231.899811667,277.354273333,312.41804,320.44526,322.942003333,322.757776,323.394318333,326.850631667,326.692788333,300.306805
feature:fu3,2,2,2,3,1,4,0,2,3,7,14,2,3,2,0,0,1,0,0,126.511,126.511,0,1,1,1,NONE,Accented,NONE,14,7,14,8,4,8,0.308,3
f0:205.033907143,202.693108571,210.372582857,218.052072857,221.276407143,201.310946667,173.084605714,146.896388571,137.361852857,147.053642857
feature:bai4,2,2,2,4,3,5,0,2,3,6,15,2,3,1,1,0,0,0,0,0,0,0,1,1,1,NONE,NONE,NONE,15,6,15,7,5,7,0.385,4
f0:193.15513,227.991336667,260.486026667,280.714938333,279.65059,263.74786,244.658871667,220.439375,198.845421667,181.956461667
feature:de5,2,2,2,5,4,1,0,2,3,5,16,2,3,0,2,0,0,1,120.106,0,0,120.106,1,1,1,NONE,NONE,Accented,16,5,16,6,6,6,0.462,5
f0:169.246152,171.9054725,174.063822,172.307885,168.378648,166.271775,164.702816,162.683925,161.871384,164.0935375
feature:qing1,2,2,2,1,5,4,0,2,2,4,17,2,2,2,3,1,0,0,123.106,120.106,120.106,123.106,1,1,1,Accented,NONE,NONE,17,4,17,5,7,5,0.538,1
f0:185.532992857,207.647017143,226.77237375,246.087508571,263.916871429,281.73284,294.424365714,297.91452625,299.674882857,300.8373
feature:zheng4,2,2,2,4,1,3,0,3,2,3,18,3,2,1,0,0,1,0,0,123.106,123.106,0,1,1,1,NONE,Accented,NONE,18,3,18,4,8,4,0.615,4
f0:302.317384,304.621618,305.811835,301.058004,281.88442,250.028912,214.525424,189.40582,175.825254,172.194582
feature:fu3,2,2,2,3,4,1,0,3,2,2,19,3,2,0,1,0,0,1,117.553,0,0,117.553,1,1,1,NONE,NONE,Accented,19,2,19,3,9,3,0.692,3
f0:174.261782,174.166096,170.7488,166.585602,162.565424,160.071375,155.565876,147.04713,135.386218,127.03038
feature:tui1,2,2,2,1,3,1,0,3,1,1,20,3,1,0,2,1,0,1,121.1275,117.553,117.553,121.1275,1,1,4,Accented,NONE,Accented,20,1,20,2,10,2,0.769,1
f0:133.647668333,155.316552857,178.154505,198.916286667,221.701017143,236.930915,237.248586667,232.809466667,230.401211429,228.433856667
feature:fan1,2,2,0,1,1,0,0,4,0,0,21,4,0,0,0,1,1,0,119.702,121.1275,121.1275,0,4,1,0,Accented,Accented,0,21,0,21,1,11,1,0.846,1
f0:178.43077375,169.603358889,263.9789125,260.745194444,256.1981075,256.68719875,259.096704444,259.10695625,266.052345556,278.91915375
