feature:jing4,2,0,2,4,0,2,0,0,3,10,0,0,3,1,0,0,0,0,0,130,0,0,1,0,1,NONE,0,NONE,0,10,0,11,1,11,0.077,4
f0:396.005016,396.00504,396.00504,391.37423,379.29185,375.089598,363.124982,332.623966667,297.272998,269.548486
feature:ran2,2,2,2,2,4,1,0,0,3,9,1,0,3,0,1,0,0,1,131,0,0,131,1,1,1,NONE,NONE,Accented,1,9,1,10,2,10,0.154,2
f0:249.116561429,220.413625,201.214721429,193.677618333,192.605078571,192.862118333,196.513315714,209.188961667,227.934371429,245.672425
feature:duan1,2,2,2,1,2,3,0,0,2,8,2,0,2,1,2,1,0,0,134,131,131,134,1,1,1,Accented,NONE,NONE,2,8,2,9,3,9,0.231,1
f0:261.90255,299.350748333,332.903848571,341.00505,341.94753,341.424935,341.444481667,345.348994286,350.676298333,298.418456667
feature:qi3,2,2,2,3,1,1,0,1,2,7,3,1,2,0,0,0,1,1,127.8,134,134,127.8,1,1,1,NONE,Accented,Accented,3,7,3,8,4,8,0.308,3
f0:204.911706667,210.686978333,223.575658571,236.464371667,243.784886667,229.410168333,196.12664,180.680547143,181.198668333,184.005626667
feature:kong1,2,2,2,1,3,3,0,1,1,6,4,1,1,3,1,1,0,0,130.8,127.8,127.8,130.8,1,1,1,Accented,NONE,NONE,4,6,4,7,5,7,0.385,1
f0:164.64512375,134.64182,125.029565,197.29517,304.30807375,348.975878571,358.821475,365.826667143,356.267685,334.287912857
feature:wan3,2,2,2,3,1,4,0,2,1,5,5,2,1,2,0,0,1,0,0,130.8,130.8,0,1,1,1,NONE,Accented,NONE,5,5,5,6,6,6,0.462,3
f0:307.692354286,252.056304286,199.727418571,177.57091,162.684155714,149.053285714,141.842298571,136.25844,136.011324286,122.268511429
feature:xiang4,2,2,2,4,3,3,0,2,1,4,6,2,1,1,1,0,0,0,0,0,0,0,1,1,1,NONE,NONE,NONE,6,4,6,5,7,5,0.538,4
f0:76.2848936364,88.8280736364,173.421835455,253.752129091,253.195715833,215.482298182,196.902731818,190.848135455,187.573333636,193.914725455
feature:zui3,2,2,2,3,4,1,0,2,1,3,7,2,1,0,2,0,0,1,121.4,0,0,121.4,1,1,1,NONE,NONE,Accented,7,3,7,4,8,4,0.615,3
f0:198.04155,201.231266667,204.804275714,207.66448,203.783136667,185.057818333,157.003418333,136.813292857,131.034101667,137.994705
feature:bian1,2,2,2,1,3,4,0,2,0,2,8,2,0,2,3,1,0,0,124.4,121.4,121.4,124.4,1,1,1,Accented,NONE,NONE,8,2,8,3,9,3,0.692,1
f0:162.257074286,195.446217143,223.423701429,242.979765714,268.733227143,282.066508571,287.272635714,292.171421429,295.165361429,300.858437143
feature:song4,2,2,2,4,1,4,0,3,0,1,9,3,0,1,0,0,1,0,0,124.4,124.4,0,1,1,4,NONE,Accented,NONE,9,1,9,2,10,2,0.769,4
f0:303.821747143,313.82783625,331.057107143,345.305742857,345.41849125,319.5646125,271.348544286,222.330002857,167.602285,145.771677143
feature:qu4,2,2,0,4,4,0,0,3,0,0,10,3,0,0,1,0,0,0,110,0,0,0,4,1,0,NONE,NONE,0,10,0,10,1,11,1,0.846,4
f0:151.65040375,163.85219375,175.284875714,186.6076375,192.15994375,177.11851625,141.45467625,118.171181429,114.0,113.7916675
