feature:zai4,2,0,2,4,0,1,0,0,2,11,0,0,2,0,0,0,0,1,132.778,0,0,132.778,1,0,1,NONE,0,Accented,0,11,0,12,1,8,0.1,4
f0:349.01199,348.872738571,336.193101429,314.648178571,298.817761429,292.819315,286.077334286,279.192631429,275.122781429,273.519627143
feature:yi1,2,2,2,1,4,4,0,0,1,10,1,0,1,6,1,1,0,0,135.778,132.778,132.778,135.778,1,1,1,Accented,NONE,NONE,1,10,1,11,2,7,0.2,1
f0:272.635646667,273.254618333,286.552566667,309.571526667,325.846555714,337.198903333,340.029136667,339.89206,339.553305,341.360236667
feature:yuan4,2,2,2,4,1,3,0,1,1,9,2,1,1,5,0,0,1,0,0,135.778,135.778,0,1,1,1,NONE,Accented,NONE,2,9,2,10,3,6,0.3,4
f0:348.0207525,351.7211025,351.4531725,347.60041,338.101568,326.3335325,311.663605,294.6122125,276.231835,259.267415
feature:li3,2,2,2,3,4,4,0,1,1,8,3,1,1,4,1,0,0,0,0,0,0,0,1,1,1,NONE,NONE,NONE,3,8,3,9,4,5,0.4,3
f0:238.6769,220.14091125,205.637142857,201.33456875,196.00059,186.590622857,171.36149625,154.153005714,150.897995,159.251147143
feature:zhuan4,2,2,2,4,3,2,0,1,1,7,4,1,1,3,2,0,0,0,0,0,0,0,1,1,1,NONE,NONE,NONE,4,7,4,8,5,4,0.5,4
f0:187.95767,217.708453333,244.648724,271.589,304.054475,324.39876,322.998586667,310.814686,289.033813333,262.0941
feature:lai2,2,2,2,2,4,4,0,1,1,6,5,1,1,2,3,0,0,0,0,0,0,0,1,1,1,NONE,NONE,NONE,5,6,5,7,6,3,0.6,2
f0:224.690293333,200.612601667,180.418875,163.394701667,149.235306667,140.486578,137.848376667,140.473093333,158.275536667,181.199875
feature:zhuan4,2,2,2,4,2,4,0,1,1,5,6,1,1,1,4,0,0,0,0,0,0,0,1,1,1,NONE,NONE,NONE,6,5,6,6,7,2,0.7,4
f0:189.908683333,221.924538571,268.377385,290.019322857,283.966181667,259.286055,225.982871429,188.044251667,166.779707143,161.961623333
feature:qu4,2,2,2,4,4,1,0,1,1,4,7,1,1,0,5,0,0,1,117.407,0,0,127.407,1,1,1,NONE,NONE,Accented,7,4,7,5,8,1,0.8,4
f0:166.002205556,186.10049,211.972546,237.309123333,241.586751111,218.535392222,182.95023,149.706183,154.182883333,150.375693333
feature:yun1,2,2,2,1,4,2,0,1,0,3,8,1,0,3,6,1,0,0,125.407,127.407,117.407,125.407,1,1,1,Accented,NONE,NONE,8,3,8,4,1,4,0.167,1
f0:126.09567,229.623586667,256.547491429,281.356952857,301.543752857,304.693451667,305.40882,311.152685714,317.827788333,314.193882857
feature:tou2,2,2,2,2,1,4,0,2,0,2,9,2,0,2,0,0,1,0,0,125.407,125.407,0,1,1,1,NONE,Accented,NONE,9,2,9,3,2,3,0.333,2
f0:298.74115,281.39296,264.0,246.60704,228.817211667,202.175612,169.106208333,156.873325,158.658598333,163.419848333
feature:zhuan4,2,2,2,4,2,4,0,2,0,1,10,2,0,1,1,0,0,0,0,0,0,0,1,1,4,NONE,NONE,NONE,10,1,10,2,3,2,0.5,4
f0:177.552448,201.462014,225.916964,238.335152,231.367191667,212.32734,194.267222,175.741222,156.765722,141.719002
feature:xiang4,2,2,0,4,4,0,0,2,0,0,11,2,0,0,2,0,0,0,110,0,0,0,4,1,0,NONE,NONE,0,11,0,11,1,4,1,0.667,4
f0:138.547752,156.992341111,172.758529,191.475507,202.937177,184.804114444,146.649078,125.032867,102.255898889,135.030712
