feature:qing1,2,0,2,1,0,2,0,0,5,12,0,0,5,5,0,1,0,0,137.31,139.31,0,137.31,1,0,1,Accented,0,NONE,0,12,0,13,1,13,0.067,1
f0:359.134004286,359.134,359.134,359.134,359.703214286,366.87832,370.973267143,370.311884286,364.615676667,350.534138571
feature:nian2,2,2,2,2,1,2,0,0,5,11,1,0,5,4,0,0,1,0,0,137.31,137.31,0,1,1,1,NONE,Accented,NONE,1,11,1,12,2,12,0.133,2
f0:334.675836,311.54535,285.761884,262.866022,241.993526,225.5417475,219.659018,219.955246,225.061054,231.920576
feature:nong2,2,2,2,2,2,2,0,0,5,10,2,0,5,3,1,0,0,0,0,0,0,0,1,1,1,NONE,NONE,NONE,2,10,2,11,3,11,0.2,2
f0:237.793845,237.442894,232.941685,228.019492,224.689171667,219.197988,217.742751667,223.164336,236.145263333,250.330656
feature:min2,2,2,2,2,2,3,0,0,5,9,3,0,5,2,2,0,0,0,0,0,0,0,1,1,1,NONE,NONE,NONE,3,9,3,10,4,10,0.267,2
f0:258.846244286,258.66422625,248.005057143,225.743665714,200.80400375,188.13538875,189.231915714,199.912488571,206.9217775,196.265524286
feature:ma3,2,2,2,3,2,4,0,0,5,8,4,0,5,1,3,0,0,0,0,0,0,0,1,1,1,NONE,NONE,NONE,4,8,4,9,5,9,0.333,3
f0:204.9341,222.672843333,222.02752,206.195923333,184.686261667,154.360905,130.853835,124.754888,123.523073333,126.911858333
feature:cui4,2,2,2,4,3,1,0,0,5,7,5,0,5,0,4,0,0,1,126.034,0,0,126.034,1,1,1,NONE,NONE,Accented,5,7,5,8,6,8,0.4,4
f0:151.932261667,173.962833333,194.631168333,215.299505,240.09308,263.047398333,255.00181,226.365548333,205.883475,195.016148333
feature:hua1,2,2,2,1,4,1,0,0,4,6,6,0,4,0,5,1,0,1,129.3445,126.034,126.034,129.3445,1,1,1,Accented,NONE,Accented,6,6,6,7,7,7,0.467,1
f0:200.577641111,232.81768625,268.673306667,285.70724125,281.553234444,276.10936,275.85043,277.409681111,280.27398375,280.620913333
feature:xiu1,2,2,2,1,1,5,0,1,3,5,7,1,3,1,0,1,1,0,127.655,129.3445,129.3445,127.655,1,1,1,Accented,Accented,NONE,7,5,7,6,8,6,0.533,1
f0:280.1920725,288.42742375,301.41198625,314.4158975,327.41982625,339.152198571,345.17084125,347.74139125,350.68255875,342.20304125
feature:xiu5,2,2,2,5,1,1,0,2,3,4,8,2,3,0,0,0,1,1,121.897,127.655,127.655,121.897,1,1,1,NONE,Accented,Accented,8,4,8,5,9,5,0.6,5
f0:312.722943333,297.550768,284.721053333,270.46581,257.843025,250.412396,227.984353333,187.185321667,166.261518,165.061805
feature:da1,2,2,2,1,5,1,0,2,2,3,9,2,2,0,1,1,0,1,125.207,121.897,121.897,125.207,1,1,1,Accented,NONE,Accented,9,3,9,4,10,4,0.667,1
f0:185.065372,209.311308333,234.214758,251.402036667,255.027374,257.039104,260.997811667,264.997082,269.1166,257.802196
feature:da1,2,2,2,1,1,5,0,3,1,2,10,3,1,1,0,1,1,0,123.517,125.207,125.207,123.517,1,1,1,Accented,Accented,NONE,10,2,10,3,11,3,0.733,1
f0:241.247088,263.13161,293.814672,298.190466,295.400812,293.81498,295.508344,296.49611,295.756386,282.273652
feature:de5,2,2,2,5,1,1,0,4,1,1,11,4,1,0,0,0,1,1,117.759,123.517,123.517,117.759,1,1,4,NONE,Accented,Accented,11,1,11,2,12,2,0.8,5
f0:258.609755,246.023013333,233.76314,221.206323333,202.3347175,178.028965,159.115883333,149.2982025,147.135656667,149.4699975
feature:shuo1,2,2,0,1,5,0,0,4,0,0,12,4,0,0,1,1,0,0,120.759,117.759,117.759,0,4,1,0,Accented,NONE,0,12,0,12,1,13,1,0.867,1
f0:159.692981111,173.211002,186.845007778,197.714023333,192.937278,187.493326667,185.342783333,186.53223,190.023145,201.008466667
