feature:kong1,2,0,2,1,0,2,0,0,5,13,0,0,5,3,0,1,0,0,137.355,134.355,0,137.355,1,0,1,Accented,0,NONE,0,13,0,14,1,14,0.063,1
f0:348.824015,348.82401,348.82401,349.129508333,350.705568333,351.312758,352.147361667,354.101831667,351.921618,337.427785
feature:tiao2,2,2,2,2,1,4,0,0,5,12,1,0,5,2,0,0,1,0,0,137.355,137.355,0,1,1,1,NONE,Accented,NONE,1,12,1,13,2,13,0.125,2
f0:319.7013,299.70767,279.778536667,266.230896,235.81255,191.24348,172.40301,174.570533333,185.929882,199.576953333
feature:qi4,2,2,2,4,2,4,0,0,5,11,2,0,5,1,1,0,0,0,0,0,0,0,1,1,1,NONE,NONE,NONE,2,11,2,12,3,12,0.188,4
f0:221.765976364,245.917533,269.810358182,281.723884,252.302498182,210.888629091,179.407267,146.914176364,116.259001,172.346115455
feature:dian4,2,2,2,4,4,1,0,0,5,10,3,0,5,0,2,0,0,1,129.194,0,0,129.194,1,1,1,NONE,NONE,Accented,3,10,3,11,4,11,0.25,4
f0:221.769341429,247.594275,273.419215714,297.423535,308.489505714,307.752034286,288.67142,246.48794,215.54580625,209.525334286
feature:bing1,2,2,2,1,4,1,0,0,4,9,4,0,4,0,3,1,0,1,132.54849,129.194,129.194,132.54849,1,1,1,Accented,NONE,Accented,4,9,4,10,5,10,0.313,1
f0:211.09088,234.057246667,264.511738,272.156714,275.71794,276.460846,277.014076,279.313152,281.107436667,277.907496
feature:xiang1,2,2,2,1,1,1,0,1,3,8,5,1,3,0,0,1,1,1,131.258,132.54849,132.54849,131.258,1,1,1,Accented,Accented,Accented,5,8,5,9,6,9,0.375,1
f0:273.945057,289.148942,293.592831,276.590287,268.606309,267.766412,264.41684,264.216443,255.460178,218.910116
feature:wei1,2,2,2,1,1,1,0,2,2,7,6,2,2,0,0,1,1,1,129.968,131.258,131.258,129.968,1,1,1,Accented,Accented,Accented,6,7,6,8,7,8,0.438,1
f0:223.448503333,230.33351,239.599756667,272.73918,323.780071667,337.625538,338.840085,338.291105,338.23801,330.196533333
feature:bo1,2,2,2,1,1,2,0,3,1,6,7,3,1,2,0,1,1,0,128.323,129.968,129.968,128.323,1,1,1,Accented,Accented,NONE,7,6,7,7,8,7,0.5,1
f0:304.523011667,312.727666,333.881453333,345.978046,347.346436667,347.453504,346.808546667,345.409166,343.706161667,331.50708
feature:lu2,2,2,2,2,1,3,0,4,1,5,8,4,1,1,0,0,1,0,0,128.323,128.323,0,1,1,1,NONE,Accented,NONE,8,5,8,6,9,6,0.563,2
f0:299.449057143,260.702585714,237.126692857,195.206057143,170.911944286,169.701594286,174.871762857,204.229338571,235.441577143,228.223512857
feature:deng3,2,2,2,3,2,1,0,4,1,4,9,4,1,0,1,0,0,1,121.452,0,0,121.452,1,1,1,NONE,NONE,Accented,9,4,9,5,10,5,0.625,3
f0:231.02535375,239.30977,217.62151875,173.44489375,150.76482375,149.294424286,149.1742325,156.60994125,172.45981,193.66628
feature:duo1,2,2,2,1,3,3,0,4,0,3,10,4,0,3,2,1,0,0,124.452,121.452,121.452,124.452,1,1,1,Accented,NONE,NONE,10,3,10,4,11,4,0.688,1
f0:210.981,235.05481,279.876653333,308.808484,315.116975,322.613585,332.841974,340.403616667,345.371478,336.953723333
feature:zhong3,2,2,2,3,1,2,0,5,0,2,11,5,0,2,0,0,1,0,0,124.452,124.452,0,1,1,1,NONE,Accented,NONE,11,2,11,3,12,3,0.75,3
f0:320.698668,308.546716667,287.676586,251.011893333,205.92649,166.781502,131.344498333,111.464074,118.281581667,160.871422
feature:chan2,2,2,2,2,3,3,0,5,0,1,12,5,0,1,1,0,0,0,0,0,0,0,1,1,4,NONE,NONE,NONE,12,1,12,2,13,2,0.813,2
f0:175.016941429,175.047042857,174.424485714,173.800695714,172.790295,166.609605714,167.232484286,178.624527143,209.329215714,230.621168571
feature:pin3,2,2,0,3,2,0,0,5,0,0,13,5,0,0,2,0,0,0,110,0,0,0,4,1,0,NONE,NONE,0,13,0,13,1,14,1,0.875,3
f0:231.123025714,228.840721429,226.553704286,224.840265714,205.06899375,148.614582857,72.7844242857,81.1467614286,107.915728571,107.059062857
