feature:you3,2,0,2,3,0,4,0,0,2,15,0,0,2,4,0,0,0,0,0,130,0,0,1,0,1,NONE,0,NONE,0,15,0,16,1,16,0.056,3
f0:230.00837,234.947848,231.450424,223.981752,213.367606,207.058006,201.430288,199.489728,204.467312,225.185178
feature:li4,2,2,2,4,3,2,0,0,2,14,1,0,2,3,1,0,0,0,0,0,0,0,1,1,1,NONE,NONE,NONE,1,14,1,15,2,15,0.111,4
f0:239.74445,258.521302,285.7976925,309.9504325,326.467434,334.5481575,340.08444,340.8913275,336.920004,323.21269
feature:yu2,2,2,2,2,4,4,0,0,2,13,2,0,2,2,2,0,0,0,0,0,0,0,1,1,1,NONE,NONE,NONE,2,13,2,14,3,14,0.167,2
f0:287.34066625,246.29789,215.062055,202.3663,194.0307425,186.585225714,188.83777875,196.571902857,206.02578375,209.693995714
feature:dui4,2,2,2,4,2,4,0,0,2,12,3,0,2,1,3,0,0,0,0,0,0,0,1,1,1,NONE,NONE,NONE,3,12,3,13,4,13,0.222,4
f0:220.85159875,266.944412857,292.028455,287.648084286,273.57999875,257.502517143,244.4237725,234.829822857,230.0928375,224.379511429
feature:zui4,2,2,2,4,4,1,0,0,2,11,4,0,2,0,4,0,0,1,130.50999,0,0,130.50999,1,1,1,NONE,NONE,Accented,4,11,4,12,5,12,0.278,4
f0:210.827407143,233.508706667,272.537992857,311.587483333,340.096791429,348.106348571,333.879781667,301.494512857,269.941753333,254.210988571
feature:di1,2,2,2,1,4,1,0,0,1,10,5,0,1,0,5,1,0,1,134.10199,130.50999,130.50999,134.10199,1,1,1,Accented,NONE,Accented,5,10,5,11,6,11,0.333,1
f0:257.132925,273.918494,293.058631667,304.978304,310.030098333,314.024336,317.793325,319.88735,319.03759,313.97071
feature:shou1,2,2,2,1,1,4,0,1,0,9,6,1,0,10,0,1,1,0,132.694,134.10199,134.10199,132.694,1,1,1,Accented,Accented,NONE,6,9,6,10,7,10,0.389,1
f0:308.847071667,315.086272857,327.065933333,339.203225714,348.91921,345.479245,336.920721429,338.042338333,342.43429,342.275908333
feature:ru4,2,2,2,4,1,3,0,2,0,8,7,2,0,9,0,0,1,0,0,132.694,132.694,0,1,1,1,NONE,Accented,NONE,7,8,7,9,8,9,0.444,4
f0:328.910892,317.37486,310.465444,306.885348,300.804134,284.548442,255.694056,229.826914,205.323592,197.568386
feature:zhe3,2,2,2,3,4,4,0,2,0,7,8,2,0,8,1,0,0,0,0,0,0,0,1,1,1,NONE,NONE,NONE,8,7,8,8,9,8,0.5,3
f0:199.01873,196.410064286,186.85497375,168.48767,154.88021375,140.80166125,127.719177143,109.3654075,90.10925,83.53182625
feature:zhe4,2,2,2,4,3,2,0,2,0,6,9,2,0,7,2,0,0,0,0,0,0,0,1,1,1,NONE,NONE,NONE,9,6,9,7,10,7,0.556,4
f0:101.12698,132.330748,164.3255575,191.7496875,222.126352,237.97379,237.4853975,231.25284,219.705026,209.91007
feature:yi2,2,2,2,2,4,4,0,2,0,5,10,2,0,6,3,0,0,0,0,0,0,0,1,1,1,NONE,NONE,NONE,10,5,10,6,11,6,0.611,2
f0:199.591144286,182.959381667,171.372101429,169.341535,169.017992857,170.898265714,172.49605,178.60248,192.500576667,198.552914286
feature:dong4,2,2,2,4,2,4,0,2,0,4,11,2,0,5,4,0,0,0,0,0,0,0,1,1,1,NONE,NONE,NONE,11,4,11,5,12,5,0.667,4
f0:208.900941429,261.157352857,321.966257143,352.447768571,351.24739875,328.579855714,304.184018571,262.202301429,226.16424,210.8239
feature:tai4,2,2,2,4,4,4,0,2,0,3,12,2,0,4,5,0,0,0,0,0,0,0,1,1,1,NONE,NONE,NONE,12,3,12,4,13,4,0.722,4
f0:206.557778,210.695093333,218.159446,225.764628333,232.834634,235.029326,228.183916667,206.508524,183.572396667,171.45859
feature:xing4,2,2,2,4,4,2,0,2,0,2,13,2,0,3,6,0,0,0,0,0,0,0,1,1,1,NONE,NONE,NONE,13,2,13,3,14,3,0.778,4
f0:174.452308333,182.877746667,195.323002,208.654993333,221.698958333,222.0175,206.425351667,192.723582,180.841918333,166.96064
feature:ren2,2,2,2,2,4,2,0,2,0,1,14,2,0,2,7,0,0,0,0,0,0,0,1,1,3,NONE,NONE,NONE,14,1,14,2,15,2,0.833,2
f0:150.31935,137.860653333,132.666348333,130.478465,129.642143333,133.999483333,151.014296667,177.721461667,198.953615,209.437238333
feature:qun2,2,2,2,2,2,2,0,2,0,0,15,2,0,1,8,0,0,0,0,0,0,0,3,1,1,NONE,NONE,NONE,15,0,15,1,16,1,0.889,2
f0:205.379645556,196.665722222,187.89086,173.563077778,144.575781111,132.501696667,131.170285556,142.323298889,160.782107778,186.990153333
feature:shi2,2,2,2,2,2,1,0,0,1,6,0,0,1,0,9,0,0,1,120.714,0,0,120.714,1,3,1,NONE,NONE,Accented,0,6,0,7,1,2,0.25,2
f0:200.681,200.681,200.681,200.681,200.681,201.141552,207.809565,210.904474,211.329431667,212.611256
feature:shi1,2,2,2,1,2,2,0,0,0,5,1,0,0,5,10,1,0,0,123.714,120.714,120.714,0,1,1,1,Accented,NONE,NONE,1,5,1,6,2,1,0.5,1
f0:219.25665375,234.367228571,251.0481975,261.98527,255.989085,253.049085,253.068548571,253.7452725,256.829292857,245.03175
feature:chang2,2,2,2,2,1,3,0,1,0,4,2,1,0,4,0,0,1,0,0,0,123.714,0,1,1,1,NONE,Accented,NONE,2,4,2,5,1,4,0.167,2
f0:210.832,210.832,210.832,207.50186125,180.89738,172.676478571,191.43221125,241.2779875,295.8474625,315.5843275
feature:jiu3,2,2,2,3,2,5,0,1,0,3,3,1,0,3,1,0,0,0,0,0,0,0,1,1,1,NONE,NONE,NONE,3,3,3,4,2,3,0.333,3
f0:298.900348,274.59455,250.308364,232.233268,219.978466,193.7140025,161.672752,138.637654,133.67404,134.988844
feature:de5,2,2,2,5,3,3,0,1,0,2,4,1,0,2,2,0,0,0,0,0,0,0,1,1,1,NONE,NONE,NONE,4,2,4,3,3,2,0.5,5
f0:138.467083333,141.891186667,146.220275,150.316566667,152.115913333,155.192733333,161.31404,170.8854025,180.147773333,186.590653333
feature:bao3,2,2,2,3,5,4,0,1,0,1,5,1,0,1,3,0,0,0,0,0,0,0,1,1,4,NONE,NONE,NONE,5,1,5,2,4,1,0.667,3
f0:190.41954,191.305542,191.86041,190.877308,176.734766,158.75273,141.159286,136.2867,136.254,136.254
feature:zhang4,2,2,0,4,3,0,0,1,0,0,6,1,0,0,4,0,0,0,110,0,0,0,4,1,0,NONE,NONE,0,6,0,6,1,1,1,0.333,4
f0:214.12345,218.40199,217.918424286,212.5924575,191.77432375,153.14038625,122.80931375,114.58255,165.8158475,215.20231625
