feature:zi3,2,0,2,3,0,4,0,0,3,12,0,0,3,2,0,0,0,0,0,0,0,0,1,0,1,NONE,0,NONE,0,12,0,13,1,13,0.067,3
f0:280.364028,280.36404,280.36404,277.524115,247.453396,226.548815,219.360036,217.12498,216.947852,220.841035
feature:dan4,2,2,2,4,3,2,0,0,3,11,1,0,3,1,1,0,0,0,0,0,0,0,1,1,1,NONE,NONE,NONE,1,11,1,12,2,12,0.133,4
f0:253.477151429,311.658525714,333.806383333,337.009897143,322.043822857,287.074431429,248.019545714,225.790278333,219.757568571,218.44963
feature:cong2,2,2,2,2,4,1,0,0,3,10,2,0,3,0,2,0,0,1,131.11099,0,0,131.11099,1,1,1,NONE,NONE,Accented,2,10,2,11,3,11,0.2,2
f0:216.882843,218.862477778,221.283778,211.956766,184.78026,181.428603333,182.580002,193.153101,205.284772222,220.068534
feature:zhu1,2,2,2,1,2,3,0,0,2,9,3,0,2,1,3,1,0,0,134.11099,131.11099,131.11099,134.11099,1,1,1,Accented,NONE,NONE,3,9,3,10,4,10,0.267,1
f0:221.247503333,235.919915,276.299995,315.110956667,330.017396667,338.143456667,345.282525,344.563713333,305.893561667,251.305733333
feature:guang3,2,2,2,3,1,1,0,1,2,8,4,1,2,0,0,0,1,1,128.88901,134.11099,134.11099,128.88901,1,1,1,NONE,Accented,Accented,4,8,4,9,5,9,0.333,3
f0:271.014336,281.80797,273.939526,236.85695,191.89109,160.52969,142.089932,131.6284775,126.520134,126.04435
feature:ying1,2,2,2,1,3,2,0,1,1,7,5,1,1,6,1,1,0,0,131.88901,128.88901,128.88901,131.88901,1,1,1,Accented,NONE,NONE,5,7,5,8,6,8,0.4,1
f0:130.933392857,152.30322125,178.46928,201.102345714,211.22893625,216.011735,221.357081429,231.066595714,241.70782875,242.572455714
feature:he2,2,2,2,2,1,4,0,2,1,6,6,2,1,5,0,0,1,0,0,131.88901,131.88901,0,1,1,1,NONE,Accented,NONE,6,6,6,7,7,7,0.467,2
f0:241.858831429,244.45612,247.536191429,250.133477143,236.551035714,203.094037143,194.867262857,194.511464286,196.906074286,202.760957143
feature:zhan4,2,2,2,4,2,4,0,2,1,5,7,2,1,4,1,0,0,0,0,0,0,0,1,1,1,NONE,NONE,NONE,7,5,7,6,8,6,0.533,4
f0:204.85674,224.267311667,260.911998,298.91451,333.829638333,342.025355,340.032618333,327.770264,302.583801667,266.688483333
feature:shi4,2,2,2,4,4,5,0,2,1,4,8,2,1,3,2,0,0,0,0,0,0,0,1,1,1,NONE,NONE,NONE,8,4,8,5,9,5,0.6,4
f0:239.963874,222.2032625,217.65529,217.440422,217.268092,217.11729,216.966498,216.660422,212.3928025,197.1953
feature:men5,2,2,2,5,4,5,0,2,1,3,9,2,1,2,3,0,0,0,0,0,0,0,1,1,1,NONE,NONE,NONE,9,3,9,4,10,4,0.667,5
f0:186.762664,183.176575,179.885724,176.4495325,171.794322,169.425754,168.75805,168.350208,167.70624,167.17651
feature:de5,2,2,1,5,5,3,0,2,1,2,10,2,1,1,4,0,0,0,116.667,0,0,116.667,1,1,1,NONE,NONE,NONE,10,2,10,3,11,3,0.733,5
f0:167.475263333,168.674515,169.95428,170.55208,171.05858,171.82108,174.344253333,184.17968,212.74223,248.90863
feature:er3,1,2,2,3,5,1,0,2,1,1,11,2,1,0,5,0,0,1,121.667,116.667,116.667,121.667,1,1,3,NONE,NONE,Accented,11,1,11,2,12,2,0.8,3
f0:282.29607,271.201106,214.006008333,169.329721667,160.941771667,148.239702,133.012156667,114.58318,106.376322,107.792326667
feature:bian1,2,1,2,1,3,1,0,2,0,0,12,2,0,0,6,1,0,1,124.667,121.667,121.667,125.556,3,1,1,Accented,NONE,Accented,12,0,12,1,13,1,0.867,1
f0:133.46412375,185.644215,229.944376667,248.9747975,262.48495875,266.89839875,264.05578125,264.605651111,265.14730375,248.1980825
feature:sou1,2,2,2,1,1,1,0,0,2,3,0,0,2,0,0,1,1,1,124,125.556,124.667,124,1,3,1,Accented,Accented,Accented,0,3,0,4,1,4,0.167,1
f0:317.32101,317.32101,317.32101,317.32101,316.560548571,311.137092857,308.670524286,306.345436667,305.00598,302.297294286
feature:sou1,2,2,2,1,1,1,0,0,1,2,1,0,1,0,0,1,1,1,122.8885,124,124,122.8885,1,1,1,Accented,Accented,Accented,1,2,1,3,2,3,0.333,1
f0:295.675693333,298.553873333,305.017653333,310.805836667,310.009638571,301.124995,296.860351667,295.12647,293.921731667,288.381338333
feature:fei1,2,2,2,1,1,4,0,1,0,1,2,1,0,1,0,1,1,0,121.333,122.8885,122.8885,121.333,1,1,4,Accented,Accented,NONE,2,1,2,2,3,2,0.5,1
f0:277.568113333,271.484802,265.744598333,260.004394,253.947521667,244.321443333,239.945678,239.967203333,240.710274,237.683061667
feature:guo4,2,2,0,4,1,0,0,2,0,0,3,2,0,0,0,0,1,0,110,121.333,121.333,0,4,1,0,NONE,Accented,0,3,0,3,1,4,1,0.667,4
f0:235.06556125,243.627637778,239.56793,212.22141125,173.419261111,106.031395,66.51855625,65.51511,65.5176,65.51760125
