feature:xue4,2,0,2,4,0,1,0,0,4,8,0,0,4,0,0,0,0,1,133.37801,0,0,133.37801,1,0,1,NONE,0,Accented,0,8,0,9,1,9,0.091,4
f0:376.701015,376.70102,376.70102,376.70102,376.70102,373.620391667,366.815654,360.274293333,340.77776,311.80424
feature:xi1,2,2,2,1,4,2,0,0,3,7,1,0,3,2,1,1,0,0,136.37801,133.37801,133.37801,136.37801,1,1,1,Accented,NONE,NONE,1,7,1,8,2,8,0.182,1
f0:289.842383333,288.268168333,298.063211667,310.612035,323.984557143,331.800326667,337.88706,339.887088333,339.420831667,335.727335
feature:chong2,2,2,2,2,1,2,0,1,3,6,2,1,3,1,0,0,1,0,0,136.37801,136.37801,0,1,1,1,NONE,Accented,NONE,2,6,2,7,3,7,0.273,2
f0:318.475216667,285.816185556,252.051667778,201.60397,170.094286667,167.189118889,170.986772222,175.3544,195.519141111,216.244641111
feature:cang2,2,2,2,2,2,1,0,1,3,5,3,1,3,0,1,0,0,1,130.13499,0,0,130.13499,1,1,1,NONE,NONE,Accented,3,5,3,6,4,6,0.364,2
f0:211.540228333,207.764561667,204.357603333,200.950633333,197.202977143,191.88443,183.424645,179.346433333,182.794565,194.311575
feature:shen1,2,2,2,1,2,1,0,1,2,4,4,1,2,0,2,1,0,1,133.5945,130.13499,130.13499,133.5945,1,1,1,Accented,NONE,Accented,4,4,4,5,5,5,0.455,1
f0:215.327754444,229.2422575,244.914453333,259.812356667,260.242273333,256.17893125,256.361983333,256.106498889,259.16573,264.965236667
feature:di1,2,2,2,1,1,1,0,2,1,3,5,2,1,0,0,1,1,1,132.5135,133.5945,133.5945,132.5135,1,1,1,Accented,Accented,Accented,5,3,5,4,6,4,0.545,1
f0:268.41958,276.803208,295.128655,311.723168,316.027974,315.821954,313.70327,313.367366667,315.282808,313.3943
feature:wa1,2,2,2,1,1,4,0,3,0,2,6,3,0,7,0,1,1,0,130.97301,132.5135,132.5135,130.97301,1,1,1,Accented,Accented,NONE,6,2,6,3,7,3,0.636,1
f0:295.888345,289.541392,308.170013333,315.89552,309.943221667,306.263686,308.28095,311.989832,315.831508333,321.584434
feature:di4,2,2,2,4,1,3,0,4,0,1,7,4,0,6,0,0,1,0,0,130.97301,130.97301,0,1,1,3,NONE,Accented,NONE,7,1,7,2,8,2,0.727,4
f0:329.044236667,328.445948,322.633188333,317.717355,312.534485,296.51637,263.84038,227.338671667,211.633956,197.217101667
feature:li3,2,2,2,3,4,2,0,4,0,0,8,4,0,5,1,0,0,0,0,0,0,0,3,1,1,NONE,NONE,NONE,8,0,8,1,9,1,0.818,3
f0:170.773907143,162.266798571,163.504822857,158.537664286,149.963451429,102.424597143,74.1008071429,67.2372814286,64.2056457143,66.2186342857
feature:za2,2,2,2,2,3,3,0,0,2,7,0,0,2,4,2,0,0,0,0,0,0,0,1,3,1,NONE,NONE,NONE,0,7,0,8,1,8,0.1,2
f0:233.263,233.263,231.925833333,218.281188,202.078296667,200.612671667,213.912006,244.493923333,285.735126,319.207451667
feature:cao3,2,2,2,3,2,2,0,0,2,6,1,0,2,3,3,0,0,0,0,0,0,0,1,1,1,NONE,NONE,NONE,1,6,1,7,2,7,0.2,3
f0:324.560711429,311.516085714,292.172145,272.645572857,251.23832,232.293265714,201.892082857,171.16552,148.979744286,147.369437143
feature:lu2,2,2,2,2,3,3,0,0,2,5,2,0,2,2,4,0,0,0,0,0,0,0,1,1,1,NONE,NONE,NONE,2,5,2,6,3,6,0.3,2
f0:149.509924286,157.531217143,170.77227375,178.790127143,192.652877143,226.829087143,261.929897143,289.1660025,300.10015,280.804978571
feature:wei3,2,2,2,3,2,5,0,0,2,4,3,0,2,1,5,0,0,0,0,0,0,0,1,1,1,NONE,NONE,NONE,3,4,3,5,4,5,0.4,3
f0:267.214838,259.423036,238.585063333,202.57691,170.67445,137.464488,103.024488,82.7793783333,90.951582,111.311628
feature:de5,2,2,2,5,3,1,0,0,2,3,4,0,2,0,6,0,0,1,119.324,0,0,119.324,1,1,1,NONE,NONE,Accented,4,3,4,4,5,4,0.5,5
f0:131.40339,151.337196,161.541252,161.088904,160.303815,162.512724,164.746568,166.164216,170.337022,176.171112
feature:ding1,2,2,2,1,5,2,0,0,1,2,5,0,1,1,7,1,0,0,122.324,119.324,119.324,122.324,1,1,1,Accented,NONE,NONE,5,2,5,3,6,3,0.6,1
f0:188.594114286,218.20693625,251.406538571,279.648307143,289.37546375,291.54009625,293.150874286,298.308174286,295.75816375,275.41084
feature:luo2,2,2,2,2,1,1,0,1,1,1,6,1,1,0,0,0,1,1,117.162,122.324,122.324,117.162,1,1,4,NONE,Accented,Accented,6,1,6,2,7,2,0.7,2
f0:249.975505,233.751426,195.5673425,147.525168,123.0596425,115.488,116.218284,122.1192125,137.750532,153.4905425
feature:zhong1,2,2,0,1,2,0,0,1,0,0,7,1,0,0,1,1,0,0,120.162,117.162,117.162,0,4,1,0,Accented,NONE,0,7,0,7,1,8,1,0.8,1
f0:178.117444286,210.799965,235.315405714,240.297071667,240.337252857,242.102758333,245.509765714,248.388956667,249.550551429,243.14655
