feature:ju4,2,0,2,4,0,2,0,0,0,5,0,0,0,12,0,0,0,0,0,130,0,0,1,0,1,NONE,0,NONE,0,5,0,6,1,6,0.125,4
f0:388.64001,388.64001,388.64001,388.467326667,385.809863333,380.079322,364.183495,330.381163333,288.773138,249.026748333
feature:neng2,2,2,2,2,4,4,0,0,0,4,1,0,0,11,1,0,0,0,0,0,0,0,1,1,1,NONE,NONE,NONE,1,4,1,5,2,5,0.25,2
f0:221.365125,217.552892,213.789488333,205.94892,196.136538333,194.178466,195.104468333,206.290904,234.323558333,256.031538
feature:gai4,2,2,2,4,2,5,0,0,0,3,2,0,0,10,2,0,0,0,0,0,0,0,1,1,1,NONE,NONE,NONE,2,3,2,4,3,4,0.375,4
f0:282.60731,315.021656,333.87674,332.754664,317.695933333,301.214342,280.029313333,258.002318,238.146793333,211.505222
feature:de5,2,2,2,5,4,3,0,0,0,2,3,0,0,9,3,0,0,0,0,0,0,0,1,1,1,NONE,NONE,NONE,3,2,3,3,4,3,0.5,5
f0:192.3816025,193.171373333,195.3668075,195.66713,193.5173325,188.513763333,183.8378375,180.6873,178.1663525,176.889803333
feature:guang3,2,2,2,3,5,4,0,0,0,1,4,0,0,8,4,0,0,0,0,0,0,0,1,1,3,NONE,NONE,NONE,4,1,4,2,5,2,0.625,3
f0:179.206871429,184.391588333,189.209788571,191.775375,185.258815714,157.984051429,142.311006667,123.671382857,75.555695,79.6130885714
feature:gao4,2,2,2,4,3,4,0,0,0,0,5,0,0,7,5,0,0,0,0,0,0,0,3,1,1,NONE,NONE,NONE,5,0,5,1,6,1,0.75,4
f0:89.12868875,154.664853333,277.05387375,289.1300525,269.062414444,234.39001125,192.68219375,170.0918575,234.815058889,310.19678125
feature:zai4,2,2,2,4,4,4,0,0,2,9,0,0,2,6,6,0,0,0,0,0,0,0,1,3,1,NONE,NONE,NONE,0,9,0,10,1,10,0.083,4
f0:274.56,274.56,274.4980875,267.503841429,250.451191429,238.86573,230.857212857,226.04772625,224.948128571,228.505404286
feature:na4,2,2,1,4,4,5,0,0,2,8,1,0,2,5,7,0,0,0,0,0,0,0,1,1,1,NONE,NONE,NONE,1,8,1,9,2,9,0.167,4
f0:243.477895714,271.800737143,298.571335714,299.048537143,286.803134286,266.377828333,242.929922857,221.01685,202.966467143,189.592874286
feature:er5,1,2,2,5,4,3,0,0,2,7,2,0,2,4,8,0,0,0,0,0,0,0,1,1,1,NONE,NONE,NONE,2,7,2,8,3,8,0.25,5
f0:176.028816,167.190275,162.150908,160.0127625,159.277638,159.4048775,163.430898,171.9020575,178.531982,185.2476125
feature:ke3,2,1,2,3,5,5,0,0,2,6,3,0,2,3,9,0,0,0,0,0,0,0,1,1,1,NONE,NONE,NONE,3,6,3,7,4,7,0.333,3
f0:191.15238625,195.69158375,199.0199125,202.3482375,205.67656,208.52375,204.0385225,169.17235625,141.1844925,140.00071
feature:zhe5,2,2,2,5,3,4,0,0,2,5,4,0,2,2,10,0,0,0,0,0,0,0,1,1,1,NONE,NONE,NONE,4,5,4,6,5,6,0.417,5
f0:150.3164275,166.094355,169.371955,169.6419525,169.16839,168.79235,168.8745325,171.9444425,178.8319475,186.6351425
feature:jin4,2,2,2,4,5,5,0,0,2,4,5,0,2,1,11,0,0,0,0,0,0,0,1,1,1,NONE,NONE,NONE,5,4,5,5,6,5,0.5,4
f0:191.306722857,220.3351025,274.74611,321.645242857,332.7959825,313.537705,270.52853,234.082185714,205.83954125,183.163278571
feature:de5,2,2,2,5,4,1,0,0,2,3,6,0,2,0,12,0,0,1,119.706,0,0,119.706,1,1,1,NONE,NONE,Accented,6,3,6,4,7,4,0.583,5
f0:177.4111175,175.6029925,174.79658,172.9549575,165.954775,161.158125,160.5161875,161.105806667,165.2097325,177.3618125
feature:xia1,2,2,2,1,5,1,0,0,1,2,7,0,1,0,13,1,0,1,123.1175,119.706,119.706,123.1175,1,1,1,Accented,NONE,Accented,7,2,7,3,8,3,0.667,1
f0:189.667611429,210.743327143,238.970987143,267.156948571,285.065205,279.629441429,271.835898571,273.784515714,281.516592857,286.57475
feature:rang1,2,2,2,1,1,5,0,1,0,1,8,1,0,1,0,1,1,0,121.529,123.1175,123.1175,121.529,1,1,4,Accented,Accented,NONE,8,1,8,2,9,2,0.75,1
f0:285.331473333,292.776598,299.969075,299.064428333,297.250585,297.476776,297.672715,298.554398333,301.10636,300.389295
feature:rang5,2,2,0,5,1,0,0,2,0,0,9,2,0,0,0,0,1,0,110,121.529,121.529,0,4,1,0,NONE,Accented,0,9,0,9,1,10,1,0.833,5
f0:288.430704286,269.132585,223.079112857,169.89024,147.845215714,144.021175,141.307097143,131.058861667,112.158745714,88.3502983333
