feature:hen3,2,0,2,3,0,4,0,0,1,7,0,0,1,2,0,0,0,0,0,130,0,0,1,0,1,NONE,0,NONE,0,7,0,8,1,3,0.2,3
f0:233.836,233.836,233.836,233.836,233.836,228.984352857,204.228434286,187.982938333,183.766791429,188.545977143
feature:shi4,2,2,2,4,3,4,0,0,1,6,1,0,1,1,1,0,0,0,0,0,0,0,1,1,1,NONE,NONE,NONE,1,6,1,7,2,2,0.4,4
f0:196.363364,207.9408075,225.030038,244.661396,264.292756,281.470185,295.130352,298.40742,294.31291,280.612012
feature:wei4,2,2,2,4,4,1,0,0,1,5,2,0,1,0,2,0,0,1,127.358,0,0,137.358,1,1,1,NONE,NONE,Accented,2,5,2,6,3,1,0.6,4
f0:251.51739625,222.85637875,232.22012625,226.587455,213.7876925,197.910828571,187.69989375,187.356915,198.94659625,195.8504425
feature:zhong1,2,2,2,1,4,2,0,0,0,4,3,0,0,15,3,1,0,0,135.358,137.358,127.358,135.358,1,1,1,Accented,NONE,NONE,3,4,3,5,1,5,0.143,1
f0:341.56,341.56,337.864404,330.820992,330.55689,331.447504,332.649956,335.579198,336.106634,326.932776
feature:cheng2,2,2,2,2,1,4,0,1,0,3,4,1,0,14,0,0,1,0,0,135.358,135.358,0,1,1,1,NONE,Accented,NONE,4,3,4,4,2,4,0.286,2
f0:305.461151429,279.577938571,251.54078625,223.921994286,204.620291429,178.435095714,172.981018571,174.1655925,179.43938,197.766441429
feature:she4,2,2,2,4,2,4,0,1,0,2,5,1,0,13,1,0,0,0,0,0,0,0,1,1,1,NONE,NONE,NONE,5,2,5,3,3,3,0.429,4
f0:216.487413333,231.871652857,258.694133333,284.010086667,311.839774286,333.148693333,332.369383333,316.896545,287.799438571,257.89833
feature:zhi4,2,2,2,4,4,3,0,1,0,1,6,1,0,12,2,0,0,0,0,0,0,0,1,1,3,NONE,NONE,NONE,6,1,6,2,4,2,0.571,4
f0:246.273128,251.33397,262.707494,275.120106,279.397308,276.7934575,264.603574,241.290356,223.0175,204.085212
feature:zu3,2,2,2,3,4,4,0,1,0,0,7,1,0,11,3,0,0,0,0,0,0,0,3,1,1,NONE,NONE,NONE,7,0,7,1,5,1,0.714,3
f0:193.76076875,192.00946,189.08513375,179.74068,155.920745556,129.82477,128.77302,130.1392175,185.956262222,224.04907
feature:wei4,2,2,2,4,3,2,0,0,1,16,0,0,1,10,4,0,0,0,0,0,0,0,1,3,1,NONE,NONE,NONE,0,16,0,17,1,17,0.053,4
f0:250.834096667,250.790311667,241.62539,230.199993333,218.16757,204.973868333,191.518211667,181.117641667,179.600001667,181.638113333
feature:chun2,2,2,2,2,4,2,0,0,1,15,1,0,1,9,5,0,0,0,0,0,0,0,1,1,1,NONE,NONE,NONE,1,15,1,16,2,16,0.105,2
f0:191.49276375,201.10751625,206.710831429,212.31427875,215.93282,197.9058875,181.0446475,190.210615714,222.65579125,244.90523
feature:jie2,2,2,2,2,2,2,0,0,1,14,2,0,1,8,6,0,0,0,0,0,0,0,1,1,1,NONE,NONE,NONE,2,14,2,15,3,15,0.158,2
f0:242.722998,250.945808,261.48433,258.76743,235.643188,206.681258,190.392272,187.2608525,189.193364,202.910714
feature:ying2,2,2,2,2,2,2,0,0,1,13,3,0,1,7,7,0,0,0,0,0,0,0,1,1,1,NONE,NONE,NONE,3,13,3,14,4,14,0.211,2
f0:212.700693333,206.162925714,197.950895,193.804465,186.71573,181.507971667,184.321766667,198.831418333,223.992844286,228.421831667
feature:ping2,2,2,2,2,2,3,0,0,1,12,4,0,1,6,8,0,0,0,0,0,0,0,1,1,1,NONE,NONE,NONE,4,12,4,13,5,13,0.263,2
f0:211.418938571,206.493341429,202.706902857,198.920442857,191.6221125,176.963467143,171.435084286,171.757722857,184.301847143,203.255342857
feature:yu3,2,2,2,3,2,2,0,0,1,11,5,0,1,5,9,0,0,0,0,0,0,0,1,1,1,NONE,NONE,NONE,5,11,5,12,6,12,0.316,3
f0:213.531424,211.20525,206.536168,208.365782,210.318104,206.383615,194.077994,177.985968,161.113848,150.949508
feature:yan2,2,2,2,2,3,2,0,0,1,10,6,0,1,4,10,0,0,0,0,0,0,0,1,1,1,NONE,NONE,NONE,6,10,6,11,7,11,0.368,2
f0:148.423014286,146.298245714,148.966722857,151.697155714,149.679785714,155.273191667,173.544154286,200.036548571,219.69378,224.370322857
feature:wen2,2,2,2,2,2,4,0,0,1,9,7,0,1,3,11,0,0,0,0,0,0,0,1,1,1,NONE,NONE,NONE,7,9,7,10,8,10,0.421,2
f0:218.580772,199.38442,179.070242,168.678755,167.243672,174.751382,187.057193333,202.811488,228.466258333,248.74916
feature:zi4,2,2,2,4,2,3,0,0,1,8,8,0,1,2,12,0,0,0,0,0,0,0,1,1,1,NONE,NONE,NONE,8,8,8,9,9,9,0.474,4
f0:272.269665714,303.129354286,333.172564286,343.257954286,316.403867143,270.413596667,223.477871429,153.212321429,72.78249,80.0446585714
feature:suo3,2,2,2,3,4,4,0,0,1,7,9,0,1,1,13,0,0,0,0,0,0,0,1,1,1,NONE,NONE,NONE,9,7,9,8,10,8,0.526,3
f0:102.245818571,124.299506667,146.415852857,168.5322,187.957661429,192.527498333,182.300375714,161.83543,137.382987143,135.76022
feature:zuo4,2,2,2,4,3,1,0,0,1,6,10,0,1,0,14,0,0,1,120.283,0,0,120.283,1,1,1,NONE,NONE,Accented,10,6,10,7,11,7,0.579,4
f0:152.813658,181.563428333,210.688288,239.643815,259.520294,260.789208,251.309435,225.861386,198.917253333,188.201708
feature:chu1,2,2,2,1,4,5,0,0,0,5,11,0,0,5,15,1,0,0,123.283,120.283,120.283,123.283,1,1,1,Accented,NONE,NONE,11,5,11,6,12,6,0.632,1
f0:195.127445,210.516286,225.625876667,241.742994,257.642068333,267.36295,265.247435,257.426862,252.60367,233.152784
feature:de5,2,2,2,5,1,3,0,1,0,4,12,1,0,4,0,0,1,0,0,123.283,123.283,0,1,1,1,NONE,Accented,NONE,12,4,12,5,13,5,0.684,5
f0:216.439556667,212.55549,209.717926667,207.930263333,202.13391,194.78762,188.811283333,184.12522,179.79541,176.504746667
feature:nu3,2,2,2,3,5,4,0,1,0,3,13,1,0,3,1,0,0,0,0,0,0,0,1,1,1,NONE,NONE,NONE,13,3,13,4,14,4,0.737,3
f0:174.937805,171.924198333,168.739106667,163.64894,151.33228,135.397554,125.73632,121.765226667,121.581953333,122.55713
feature:li4,2,2,2,4,3,4,0,1,0,2,14,1,0,2,2,0,0,0,0,0,0,0,1,1,1,NONE,NONE,NONE,14,2,14,3,15,3,0.789,4
f0:133.382548333,171.362915,216.93244,257.353566667,266.813228333,262.597802,242.760668333,214.659983333,183.133541667,169.068355
feature:zan4,2,2,2,4,4,4,0,1,0,1,15,1,0,1,3,0,0,0,0,0,0,0,1,1,4,NONE,NONE,NONE,15,1,15,2,16,2,0.842,4
f0:179.31794,196.50151,213.527926667,222.06473,215.377438333,192.202153333,160.840388333,134.463298333,145.952475,180.416798333
feature:tan4,2,2,0,4,4,0,0,1,0,0,16,1,0,0,4,0,0,0,110,0,0,0,4,1,0,NONE,NONE,0,16,0,16,1,17,1,0.895,4
f0:187.42744,190.05670375,191.154608571,192.44188125,190.26912375,165.76711875,137.18369875,120.143148571,101.93558,88.09957375
