feature:qie4,2,0,2,4,0,2,0,0,3,15,0,0,3,1,0,0,0,0,0,130,0,0,1,0,1,NONE,0,NONE,0,15,0,16,1,16,0.056,4
f0:394.25101,394.25101,394.25101,394.25101,394.25101,388.857093333,373.098311667,345.4175,307.033351667,269.084628333
feature:shi2,2,2,2,2,4,1,0,0,3,14,1,0,3,0,1,0,0,1,132.674,0,0,132.674,1,1,1,NONE,NONE,Accented,1,14,1,15,2,15,0.111,2
f0:246.259131667,237.555448,229.527048333,220.606598333,211.68462,203.016596,198.272665,199.348625,200.923142,201.319773333
feature:zeng1,2,2,2,1,2,2,0,0,2,13,2,0,2,6,2,1,0,0,135.674,132.674,132.674,135.674,1,1,1,Accented,NONE,NONE,2,13,2,14,3,14,0.167,1
f0:215.596444,259.9094,297.271801667,301.654828,301.400914,302.555826,306.712116,310.467976667,310.630678,302.584172
feature:qiang2,2,2,2,2,1,4,0,1,2,12,3,1,2,5,0,0,1,0,0,135.674,135.674,0,1,1,1,NONE,Accented,NONE,3,12,3,13,4,13,0.222,2
f0:282.489990909,256.820983,233.809887273,178.080726,156.308685455,154.111069091,161.525089,177.577364545,190.205805,214.936778182
feature:zuo4,2,2,2,4,2,3,0,1,2,11,4,1,2,4,1,0,0,0,0,0,0,0,1,1,1,NONE,NONE,NONE,4,11,4,12,5,12,0.278,4
f0:234.289258333,270.759901429,313.003755,346.343546667,354.389391429,347.960388333,327.848726667,298.411401667,266.677462857,240.921083333
feature:hao3,2,2,2,3,4,2,0,1,2,10,5,1,2,3,2,0,0,0,0,0,0,0,1,1,1,NONE,NONE,NONE,5,10,5,11,6,11,0.333,3
f0:218.05675375,212.059175,207.264685,202.49482125,194.53576875,174.566354286,153.9661175,148.154385,148.83332125,150.1018275
feature:cheng2,2,2,2,2,3,4,0,1,2,9,6,1,2,2,3,0,0,0,0,0,0,0,1,1,1,NONE,NONE,NONE,6,9,6,10,7,10,0.389,2
f0:161.47777875,174.868794286,187.33775625,199.806701429,210.69705375,205.949725714,183.28311,181.559041429,195.76026375,238.741168571
feature:shi4,2,2,2,4,2,2,0,1,2,8,7,1,2,1,4,0,0,0,0,0,0,0,1,1,1,NONE,NONE,NONE,7,8,7,9,8,9,0.444,4
f0:269.598656667,283.446895,297.541291667,311.62086,324.018716667,324.06895,301.64973,268.364006667,238.374473333,215.888433333
feature:min2,2,2,2,2,4,1,0,1,2,7,8,1,2,0,5,0,0,1,126.16299,0,0,126.16299,1,1,1,NONE,NONE,Accented,8,7,8,8,9,8,0.5,2
f0:201.901682857,195.420445714,189.26082,182.352922857,176.6465925,176.100551429,177.239991429,187.178058571,218.050331429,249.664784286
feature:bing1,2,2,2,1,2,1,0,1,1,6,9,1,1,0,6,1,0,1,129.698,126.16299,126.16299,129.698,1,1,1,Accented,NONE,Accented,9,6,9,7,10,7,0.556,1
f0:267.32512,298.489151667,312.397836,320.913173333,323.909971667,321.600131667,319.45752,319.46335,320.759973333,313.344455
feature:gong1,2,2,2,1,1,4,0,2,0,5,10,2,0,9,0,1,1,0,128.233,129.698,129.698,128.233,1,1,1,Accented,Accented,NONE,10,5,10,6,11,6,0.611,1
f0:301.429018333,300.9018,312.896086667,315.62604,311.25036,307.532498333,309.104034,313.681925,317.112784,315.567813333
feature:zuo4,2,2,2,4,1,5,0,3,0,4,11,3,0,8,0,0,1,0,0,128.233,128.233,0,1,1,1,NONE,Accented,NONE,11,4,11,5,12,5,0.667,4
f0:312.996792,312.219681667,311.609638,310.29483,292.952381667,263.792706,235.325856,207.211264,190.732833333,176.463066
feature:de5,2,2,2,5,4,2,0,3,0,3,12,3,0,7,1,0,0,0,0,0,0,0,1,1,1,NONE,NONE,NONE,12,3,12,4,13,4,0.722,5
f0:169.923096,171.0395575,171.659126,168.22936,162.65554,158.6706125,157.300996,158.091804,159.186545,161.057654
feature:ze2,2,2,2,2,5,4,0,3,0,2,13,3,0,6,2,0,0,0,0,0,0,0,1,1,1,NONE,NONE,NONE,13,2,13,3,14,3,0.778,2
f0:173.200585714,186.187997143,192.743991667,198.689811429,195.50599,180.069527143,176.693795714,181.863001667,204.75903,240.190538571
feature:ren4,2,2,2,4,2,3,0,3,0,1,14,3,0,5,3,0,0,0,0,0,0,0,1,1,3,NONE,NONE,NONE,14,1,14,2,15,2,0.833,4
f0:269.255385,308.56767,334.506063333,333.509873333,314.493256667,286.521654,253.001043333,219.310085,201.078442,198.821205
feature:gan3,2,2,2,3,4,2,0,3,0,0,15,3,0,4,4,0,0,0,0,0,0,0,3,1,1,NONE,NONE,NONE,15,0,15,1,16,1,0.889,3
f0:207.86167625,202.01082,184.08274,156.565238571,141.37777375,139.62089625,102.67275,72.60189625,73.8396757143,72.43020125
feature:he2,2,2,2,2,3,3,0,0,0,3,0,0,0,3,5,0,0,0,0,0,0,0,1,3,1,NONE,NONE,NONE,0,3,0,4,1,4,0.167,2
f0:203.819003333,203.819,203.819,203.819,203.791738333,202.634006667,201.69488,203.898661667,212.060608333,212.164536667
feature:jin3,2,2,2,3,2,4,0,0,0,2,1,0,0,2,6,0,0,0,0,0,0,0,1,1,1,NONE,NONE,NONE,1,2,1,3,2,3,0.333,3
f0:207.328387143,214.2983475,223.495802857,226.5507525,203.719532857,174.546814286,154.66751125,148.173775714,146.8255725,149.256511429
feature:po4,2,2,2,4,3,3,0,0,0,1,2,0,0,1,7,0,0,0,0,0,0,0,1,1,4,NONE,NONE,NONE,2,1,2,2,3,2,0.5,4
f0:175.725608333,215.876661429,255.128326667,290.81166,323.351452857,328.900695,318.497838333,293.194653333,259.219884286,216.821586667
feature:gan3,2,2,0,3,4,0,0,0,0,0,3,0,0,0,8,0,0,0,110,0,0,0,4,1,0,NONE,NONE,0,3,0,3,1,4,1,0.667,3
f0:197.969384286,203.974546667,199.168614286,170.818312857,129.97171,77.33463,67.9413657143,86.1380985714,87.4866,87.4866
