feature:guan1,2,0,2,1,0,3,0,0,1,5,0,0,1,4,0,1,0,0,137.556,134.556,0,137.556,1,0,1,Accented,0,NONE,0,5,0,6,1,6,0.125,1
f0:377.422,373.341608,366.11494,364.672876,364.731735,367.036962,368.588551667,365.541478,355.753361667,333.099176
feature:jing3,2,2,2,3,1,2,0,0,1,4,1,0,1,3,0,0,1,0,0,137.556,137.556,0,1,1,1,NONE,Accented,NONE,1,4,1,5,2,5,0.25,3
f0:324.415266,315.305045,302.259956,273.843432,229.49061,190.848572,173.653042,167.487586,169.713751667,177.595054
feature:tai2,2,2,2,2,3,4,0,0,1,3,2,0,1,2,1,0,0,0,0,0,0,0,1,1,1,NONE,NONE,NONE,2,3,2,4,3,4,0.375,2
f0:183.446385,183.793276667,183.109157143,182.390558333,181.722773333,179.85156,175.061846667,176.077791429,183.420311667,193.657806667
feature:ling4,2,2,2,4,2,4,0,0,1,2,3,0,1,1,2,0,0,0,0,0,0,0,1,1,1,NONE,NONE,NONE,3,2,3,3,4,3,0.5,4
f0:216.0355,239.478516,276.333655,307.897788,310.315308333,301.958008333,277.3156,251.877673333,227.41859,200.914126667
feature:yi4,2,2,2,4,4,1,0,0,1,1,4,0,1,0,3,0,0,1,130.11099,0,0,130.11099,1,1,3,NONE,NONE,Accented,4,1,4,2,5,2,0.625,4
f0:180.86437,169.599526667,158.22106,152.33454,151.62312,151.806595,152.554366667,155.332363333,158.737636667,163.242806667
feature:duan1,2,2,2,1,4,3,0,0,0,0,5,0,0,2,4,1,0,0,133.11099,130.11099,130.11099,0,3,1,1,Accented,NONE,NONE,5,0,5,1,6,1,0.75,1
f0:181.35327875,226.107025,248.075667778,248.3679275,246.984215,246.04236125,247.39063125,250.423113333,250.8099,246.21554125
feature:you3,2,2,2,3,1,4,0,0,4,8,0,0,4,1,0,0,1,0,0,0,133.11099,0,1,3,1,NONE,Accented,NONE,0,8,0,9,1,9,0.091,3
f0:215.0214275,215.13084,214.8444625,212.6961975,204.627025,196.047866667,192.8028975,189.58148,188.277563333,188.25547
feature:yi4,2,2,2,4,3,1,0,0,4,7,1,0,4,0,1,0,0,1,127.444,0,0,127.444,1,1,1,NONE,NONE,Accented,1,7,1,8,2,8,0.182,4
f0:191.94999,197.2447925,199.459444,200.613565,203.9091425,209.1668125,214.7658925,220.18797,220.1977675,208.8091875
feature:zun1,2,2,2,1,4,4,0,0,3,6,2,0,3,1,2,1,0,0,130.444,127.444,127.444,130.444,1,1,1,Accented,NONE,NONE,2,6,2,7,3,7,0.273,1
f0:200.943707143,229.45929625,269.500328571,273.56794,272.29836625,271.75958,272.461092857,272.681514286,276.65580625,279.166585714
feature:zheng4,2,2,2,4,1,1,0,1,3,5,3,1,3,0,0,0,1,1,125.66701,130.444,130.444,125.66701,1,1,1,NONE,Accented,Accented,3,5,3,6,4,6,0.364,4
f0:282.151574444,294.149548889,261.785472222,226.592157778,206.562705556,198.978948889,196.462881111,197.876972222,211.902002222,239.099968889
feature:wan1,2,2,2,1,4,1,0,1,2,4,4,1,2,0,1,1,0,1,129.2225,125.66701,125.66701,129.2225,1,1,1,Accented,NONE,Accented,4,4,4,5,5,5,0.455,1
f0:268.395645,287.2893075,291.4846525,294.846635,300.076535,303.50633,305.9035475,305.8000925,304.0053475,301.13401
feature:yao1,2,2,2,1,1,1,0,2,1,3,5,2,1,0,0,1,1,1,128.3335,129.2225,129.2225,128.3335,1,1,1,Accented,Accented,Accented,5,3,5,4,6,4,0.545,1
f0:299.236653333,299.293005,300.24364,307.299666667,308.753312857,306.436203333,304.154643333,303.288896667,303.983491667,302.988735
feature:ban1,2,2,2,1,1,2,0,3,0,2,6,3,0,4,0,1,1,0,126.889,128.3335,128.3335,126.889,1,1,1,Accented,Accented,NONE,6,2,6,3,7,3,0.636,1
f0:301.868255,314.506845,332.930213333,339.539471667,333.969666667,328.092271667,327.342586667,329.74436,333.73942,333.406798333
feature:shi2,2,2,2,2,1,5,0,4,0,1,7,4,0,3,0,0,1,0,0,126.889,126.889,0,1,1,3,NONE,Accented,NONE,7,1,7,2,8,2,0.727,2
f0:320.249834286,301.930663333,278.416447143,252.5993,226.782147143,203.116431667,181.845561429,170.879942857,171.681965,178.03044
feature:de5,2,2,2,5,2,4,0,4,0,0,8,4,0,2,1,0,0,0,0,0,0,0,3,1,1,NONE,NONE,NONE,8,0,8,1,9,1,0.818,5
f0:187.358906667,204.58719,209.659225,202.866818571,195.866376667,189.16803,183.27648,181.55717,185.894451429,188.533288333
feature:zhu4,2,2,2,4,5,4,0,0,1,5,0,0,1,1,2,0,0,0,0,0,0,0,1,3,1,NONE,NONE,NONE,0,5,0,6,1,6,0.125,4
f0:351.84801,351.84802,351.84802,351.84802,349.222665,333.039662,302.736521667,271.601796,240.433468333,203.42101
feature:ba4,2,2,2,4,4,1,0,0,1,4,1,0,1,0,3,0,0,1,119.444,0,0,119.444,1,1,1,NONE,NONE,Accented,1,4,1,5,2,5,0.25,4
f0:194.275655,214.783276667,255.438628333,276.01555,268.129368571,243.687148333,214.353228333,184.269071667,165.5168,165.447503333
feature:gong1,2,2,2,1,4,2,0,0,0,3,2,0,0,3,4,1,0,0,122.444,119.444,119.444,122.444,1,1,1,Accented,NONE,NONE,2,3,2,4,3,4,0.375,1
f0:177.456433333,199.06549,219.954075,240.359718,263.161031667,273.585702,280.829548333,285.125334,285.899535,283.942046
feature:ren2,2,2,2,2,1,4,0,1,0,2,3,1,0,2,0,0,1,0,0,122.444,122.444,0,1,1,1,NONE,Accented,NONE,3,2,3,3,4,3,0.5,2
f0:270.522988333,247.689756,225.03327,186.960975,156.598025,145.81995,147.088381667,155.438958333,170.91315,188.332861667
feature:su4,2,2,2,4,2,4,0,1,0,1,4,1,0,1,1,0,0,0,0,0,0,0,1,1,4,NONE,NONE,NONE,4,1,4,2,5,2,0.625,4
f0:196.59048,214.81066,239.533563333,264.290453333,282.72735,280.268191667,253.178893333,215.160573333,168.03651,147.892791667
feature:xiang4,2,2,0,4,4,0,0,1,0,0,5,1,0,0,2,0,0,0,110,0,0,0,4,1,0,NONE,NONE,0,5,0,5,1,6,1,0.75,4
f0:155.50069125,185.32768,216.91408625,243.305395556,244.1458875,212.6824225,160.879087778,120.5969775,94.04579,80.0589075
