feature:ou1,1,0,2,1,0,3,0,0,2,11,0,0,2,9,0,1,0,0,139.474,139.474,0,139.474,1,0,1,Accented,0,NONE,0,11,0,12,1,12,0.071,1
f0:308.33667,331.33445,351.143304,360.313562,366.171924,373.2498525,377.288934,378.380374,377.780785,365.288306
feature:yong3,2,1,2,3,1,2,0,0,2,10,1,0,2,8,0,0,1,0,0,139.474,139.474,0,1,1,1,NONE,Accented,NONE,1,10,1,11,2,11,0.143,3
f0:334.192062,317.0135675,308.27307,285.43695,256.443174,215.686132,186.6657375,172.750852,161.7044025,153.588704
feature:xiang2,2,2,2,2,3,4,0,0,2,9,2,0,2,7,1,0,0,0,0,0,0,0,1,1,1,NONE,NONE,NONE,2,9,2,10,3,10,0.214,2
f0:152.31069875,163.948128571,174.48275125,185.43750625,186.9873475,168.417968571,160.0510025,165.9106075,191.514708571,218.46786
feature:fu4,2,2,2,4,2,5,0,0,2,8,3,0,2,6,2,0,0,0,0,0,0,0,1,1,1,NONE,NONE,NONE,3,8,3,9,4,9,0.286,4
f0:229.394034,238.677994,250.071985,261.46598,271.544988,278.369488,278.756172,268.473596667,249.31107,223.204952
feature:qin5,2,2,2,5,4,2,0,0,2,7,4,0,2,5,3,0,0,0,0,0,0,0,1,1,1,NONE,NONE,NONE,4,7,4,8,5,8,0.357,5
f0:196.23141375,197.9692225,205.541814286,211.7625925,205.33425,188.20855375,181.07947875,180.579455714,183.514105,192.16270125
feature:tou2,2,2,2,2,5,2,0,0,2,6,5,0,2,4,4,0,0,0,0,0,0,0,1,1,1,NONE,NONE,NONE,5,6,5,7,6,7,0.429,2
f0:196.210904286,200.43734,205.02947,209.611668571,212.07223,200.172614286,192.822595714,210.355898333,251.16104,280.752608571
feature:yi2,2,2,2,2,2,4,0,0,2,5,6,0,2,3,5,0,0,0,0,0,0,0,1,1,1,NONE,NONE,NONE,6,5,6,6,7,6,0.5,2
f0:275.9227825,265.1299425,262.67759,261.6500925,259.582494,253.643585,250.0239475,248.947255,247.099175,239.5107
feature:ci4,2,2,2,4,2,4,0,0,2,4,7,0,2,2,6,0,0,0,0,0,0,0,1,1,1,NONE,NONE,NONE,7,4,7,5,8,5,0.571,4
f0:234.510994286,246.400091667,262.998498571,281.069925714,291.78597,270.41008,241.280448571,229.744052857,234.328195,241.316541429
feature:song4,2,2,2,4,4,3,0,0,2,3,8,0,2,1,7,0,0,0,0,0,0,0,1,1,1,NONE,NONE,NONE,8,3,8,4,9,4,0.643,4
f0:257.650752,275.236492,295.020446667,314.745136,327.105694,328.549296,322.6224,305.72807,280.640326,253.685264
feature:wo3,2,2,2,3,4,1,0,0,2,2,9,0,2,0,8,0,0,1,124.474,0,0,124.474,1,1,1,NONE,NONE,Accented,9,2,9,3,10,3,0.714,3
f0:234.0022925,215.086772,193.9726325,174.0106675,154.788768,136.9158775,127.4040425,126.5746875,130.711474,141.68113
feature:xian1,2,2,2,1,3,1,0,0,1,1,10,0,1,0,9,1,0,1,127.9475,124.474,124.474,127.9475,1,1,3,Accented,NONE,Accented,10,1,10,2,11,2,0.786,1
f0:155.465316667,172.323405,190.67496,209.026508333,227.37806,245.729613333,260.611005,268.648403333,274.283641667,278.129795
feature:hua1,2,2,2,1,1,4,0,1,0,0,11,1,0,6,0,1,1,0,126.421,127.9475,127.9475,0,3,1,1,Accented,Accented,NONE,11,0,11,1,12,1,0.857,1
f0:281.56778,279.896031111,277.184424,279.147454444,301.452997,299.758807778,298.475615,298.314757778,299.728293,294.49129
feature:shi4,2,2,2,4,1,2,0,0,0,5,0,0,0,5,0,0,1,0,0,0,126.421,0,1,3,1,NONE,Accented,NONE,0,5,0,6,1,6,0.125,4
f0:345.46701,345.46701,345.46701,345.46701,345.46701,345.46701,345.46701,340.7507325,322.8165925,307.017655
feature:wo2,2,2,2,2,4,3,0,0,0,4,1,0,0,4,1,0,0,0,0,0,0,0,1,1,1,NONE,NONE,NONE,1,4,1,5,2,5,0.25,2
f0:275.550748571,229.052684286,193.639262857,178.707602857,173.543305714,168.731281667,159.508767143,160.063045714,187.32088,213.554164286
feature:jiu3,2,2,2,3,2,4,0,0,0,3,2,0,0,3,2,0,0,0,0,0,0,0,1,1,1,NONE,NONE,NONE,2,3,2,4,3,4,0.375,3
f0:218.457364286,219.922722857,221.681145714,223.289545714,220.442227143,205.303148571,172.620241429,153.626992857,129.102244286,127.46839
feature:sui4,2,2,2,4,3,4,0,0,0,2,3,0,0,2,3,0,0,0,0,0,0,0,1,1,1,NONE,NONE,NONE,3,2,3,3,4,3,0.5,4
f0:158.331405,190.708341667,223.085281667,255.462203333,288.777317143,303.370756667,301.09398,282.100926667,258.838351667,228.84876
feature:na4,2,2,2,4,4,2,0,0,0,1,4,0,0,1,4,0,0,0,0,0,0,0,1,1,4,NONE,NONE,NONE,4,1,4,2,5,2,0.625,4
f0:204.189886,202.006078,199.709378,190.63903,174.849024,156.9393675,141.445104,132.5753,130.28553,133.590366
feature:nian2,2,2,0,2,4,0,0,0,0,0,5,0,0,0,5,0,0,0,110,0,0,0,4,1,0,NONE,NONE,0,5,0,5,1,6,1,0.75,2
f0:137.88369125,135.47516875,124.143871429,127.14855125,128.48786625,127.52927625,139.32971625,138.907287143,141.25394625,157.03177375
