feature:zhi2,2,0,2,2,0,2,0,0,2,11,0,0,2,6,0,0,0,0,0,0,0,0,1,0,1,NONE,0,NONE,0,11,0,12,1,12,0.071,2
f0:293.742,293.742,293.742,293.742,293.742,293.9988225,299.5494625,312.3759875,321.287615,322.96872
feature:you2,2,2,2,2,2,3,0,0,2,10,1,0,2,5,1,0,0,0,0,0,0,0,1,1,1,NONE,NONE,NONE,1,10,1,11,2,11,0.143,2
f0:322.22799,322.448504,344.229914,365.890314,372.906325,376.781824,378.185168,377.55803,372.250066,359.48435
feature:wo3,2,2,2,3,2,5,0,0,2,9,2,0,2,4,2,0,0,0,0,0,0,0,1,1,1,NONE,NONE,NONE,2,9,2,10,3,10,0.214,3
f0:340.276954,316.03864,289.720454,260.205242,242.727506,235.9801175,213.78446,185.451272,165.183126,153.764402
feature:men5,2,2,2,5,3,5,0,0,2,8,3,0,2,3,3,0,0,0,0,0,0,0,1,1,1,NONE,NONE,NONE,3,8,3,9,4,9,0.286,5
f0:151.7013125,153.013184,154.3456275,157.188916,160.5992875,164.0222525,170.933496,186.8989425,196.579748,200.8600225
feature:de5,2,2,2,5,5,3,0,0,2,7,4,0,2,2,4,0,0,0,0,0,0,0,1,1,1,NONE,NONE,NONE,4,7,4,8,5,8,0.357,5
f0:209.0640075,223.41808,226.1026025,222.885955,214.16088,206.0945725,201.3008625,198.019845,195.5564825,194.5637175
feature:jiao3,2,2,2,3,5,4,0,0,2,6,5,0,2,1,5,0,0,0,0,0,0,0,1,1,1,NONE,NONE,NONE,5,6,5,7,6,7,0.429,3
f0:195.738768571,197.803602857,200.254976667,203.454221429,206.033474286,200.155005714,166.818725714,135.490743333,125.181604286,140.530821429
feature:bu4,2,2,2,4,3,1,0,0,2,5,6,0,2,0,6,0,0,1,128.87801,0,0,128.87801,1,1,1,NONE,NONE,Accented,6,5,6,6,7,6,0.5,4
f0:170.852,197.471548,224.091095,249.678498,263.628706667,267.268194,257.168868333,237.443298,220.028078333,212.06623
feature:sheng1,2,2,2,1,4,2,0,0,1,4,7,0,1,3,7,1,0,0,131.87801,128.87801,128.87801,131.87801,1,1,1,Accented,NONE,NONE,7,4,7,5,8,5,0.571,1
f0:217.52174125,236.15901,256.00634,270.54669625,269.5011775,263.71604125,263.26751625,267.3958475,273.02214875,268.9497825
feature:he2,2,2,2,2,1,4,0,1,1,3,8,1,1,2,0,0,1,0,0,131.87801,131.87801,0,1,1,1,NONE,Accented,NONE,8,3,8,4,9,4,0.643,2
f0:259.502968571,258.31776,256.92162875,255.522931429,238.467214286,200.759214286,187.572338571,185.86581125,193.471895714,201.563348571
feature:dui4,2,2,2,4,2,4,0,1,1,2,9,1,1,1,1,0,0,0,0,0,0,0,1,1,1,NONE,NONE,NONE,9,2,9,3,10,3,0.714,4
f0:208.64056,235.312518333,274.88379,318.105617143,349.549717143,359.176715,351.070138571,316.079001429,272.042451667,232.629011429
feature:hua4,2,2,2,4,4,1,0,1,1,1,10,1,1,0,2,0,0,1,125.612,0,0,125.612,1,1,3,NONE,NONE,Accented,10,1,10,2,11,2,0.786,4
f0:208.767738333,213.420145,224.64296,236.038436667,248.338715,252.96595,239.1802,216.975774286,183.82646,156.905645
feature:sheng1,2,2,2,1,4,4,0,1,0,0,11,1,0,2,3,1,0,0,128.612,125.612,125.612,0,3,1,1,Accented,NONE,NONE,11,0,11,1,12,1,0.857,1
f0:166.439055,185.8064875,204.138843333,221.40459875,224.86607125,221.2192625,220.139605,220.26856,223.82726375,230.00243625
feature:peng4,2,2,2,4,1,4,0,0,2,10,0,0,2,1,0,0,1,0,0,0,128.612,0,1,3,1,NONE,Accented,NONE,0,10,0,11,1,10,0.083,4
f0:304.548,304.548,304.548,304.548,304.548,301.421642857,269.099905714,230.70042625,208.483532857,206.55674
feature:po4,2,2,2,4,4,1,0,0,2,9,1,0,2,0,1,0,0,1,123.16299,0,0,123.16299,1,1,1,NONE,NONE,Accented,1,9,1,10,2,9,0.167,4
f0:211.685631667,219.090811667,228.1027,236.227601667,236.499712857,214.461133333,192.642785,178.884275,175.830438333,180.651986667
feature:shan1,2,2,2,1,4,1,0,0,1,8,2,0,1,0,2,1,0,1,126.755,123.16299,123.16299,126.755,1,1,1,Accented,NONE,Accented,2,8,2,9,3,8,0.25,1
f0:190.430068571,206.701247143,229.453185714,252.099827143,264.758941429,263.24824,260.477682857,257.709067143,258.133715714,254.075334286
feature:zhong1,2,2,2,1,1,2,0,1,0,7,3,1,0,7,0,1,1,0,125.347,126.755,126.755,125.347,1,1,1,Accented,Accented,NONE,3,7,3,8,4,7,0.333,1
f0:245.199367143,264.122645714,272.766054286,267.827535714,260.21444,258.541064286,259.916228571,261.316632857,263.288414286,254.442864286
feature:hun2,2,2,2,2,1,2,0,2,0,6,4,2,0,6,0,0,1,0,0,125.347,125.347,0,1,1,1,NONE,Accented,NONE,4,6,4,7,5,6,0.417,2
f0:216.981095,177.03766,159.5661,170.36939,188.14107125,194.6568475,191.973444286,205.52186875,226.920744286,235.40273375
feature:ran2,2,2,2,2,2,4,0,2,0,5,5,2,0,5,1,0,0,0,0,0,0,0,1,1,1,NONE,NONE,NONE,5,5,5,6,6,5,0.5,2
f0:236.9276725,233.1560975,222.8933675,212.681215,203.55467,202.14902,204.279505,209.155985,215.5228375,220.9929475
feature:yi4,2,2,2,4,2,3,0,2,0,4,6,2,0,4,2,0,0,0,0,0,0,0,1,1,1,NONE,NONE,NONE,6,4,6,5,7,4,0.583,4
f0:228.551561667,246.60943,265.122848333,285.2341,318.247836667,338.510846667,337.439191429,318.02473,284.029567143,267.746356667
feature:ti3,2,2,2,3,4,5,0,2,0,3,7,2,0,3,3,0,0,0,0,0,0,0,1,1,1,NONE,NONE,NONE,7,3,7,4,8,3,0.667,3
f0:256.72656,245.374245,234.02192,222.669606667,211.317295714,197.905085,173.863472857,145.292925,134.463184286,128.124151667
feature:de5,2,2,2,5,3,4,0,2,0,2,8,2,0,2,4,0,0,0,0,0,0,0,1,1,1,NONE,NONE,NONE,8,2,8,3,9,2,0.75,5
f0:129.113023333,133.3407075,138.265593333,140.66115,142.07865,143.591423333,147.1409375,151.3997,153.6532725,158.82108
feature:ji4,2,2,2,4,5,4,0,2,0,1,9,2,0,1,5,0,0,0,0,0,0,0,1,1,4,NONE,NONE,NONE,9,1,9,2,10,1,0.833,4
f0:188.724335,215.643063333,236.653691667,257.936198333,278.71554,284.43567,272.429601667,237.108248333,195.180983333,152.08623
feature:jing4,2,2,0,4,4,0,0,2,0,0,10,2,0,0,6,0,0,0,110,0,0,0,4,1,0,NONE,NONE,0,10,0,10,1,1,1,0.333,4
f0:199.862001429,199.862,199.660404286,190.936121429,174.056044286,154.129943333,134.98619,82.5902,72.2166683333,77.9906014286
