feature:hai2,2,0,2,2,0,3,0,0,2,16,0,0,2,1,0,0,0,0,0,130,0,0,1,0,1,NONE,0,NONE,0,16,0,17,1,17,0.053,2
f0:214.724,214.724,214.724,214.724,214.724,214.200102,212.5578725,213.881428,222.96641,232.193082
feature:you3,2,2,2,3,2,1,0,0,2,15,1,0,2,0,1,0,0,1,132.297,0,0,132.297,1,1,1,NONE,NONE,Accented,1,15,1,16,2,16,0.105,3
f0:233.9037425,231.850665,224.58696,211.4412575,197.3042325,184.7935875,168.8365675,162.872565,161.72819,163.7703525
feature:gen1,2,2,2,1,3,2,0,0,1,14,2,0,1,8,2,1,0,0,135.297,132.297,132.297,135.297,1,1,1,Accented,NONE,NONE,2,14,2,15,3,15,0.158,1
f0:170.0995,188.258,207.0949975,225.455252,236.731036,238.33904,239.02614,240.534215,243.224204,245.987058
feature:sui2,2,2,2,2,1,2,0,1,1,13,3,1,1,7,0,0,1,0,0,135.297,135.297,0,1,1,1,NONE,Accented,NONE,3,13,3,14,4,14,0.211,2
f0:243.0179775,238.971545556,243.10686375,239.064491111,201.12519125,182.005885,173.801695556,175.127685,183.092053333,191.36229
feature:da2,2,2,2,2,2,4,0,1,1,12,4,1,1,6,1,0,0,0,0,0,0,0,1,1,1,NONE,NONE,NONE,4,12,4,13,5,13,0.263,2
f0:192.688965,194.967691667,198.409946667,198.308083333,186.20744,172.744591667,168.688398333,175.550093333,199.388933333,236.904616667
feature:lai4,2,2,2,4,2,2,0,1,1,11,5,1,1,5,2,0,0,0,0,0,0,0,1,1,1,NONE,NONE,NONE,5,11,5,12,6,12,0.316,4
f0:274.236978,295.94385,314.609094,316.443608,307.6569,289.121338,264.436614,235.247998,208.353393333,195.363718
feature:ji2,2,2,2,2,4,2,0,1,1,10,6,1,1,4,3,0,0,0,0,0,0,0,1,1,1,NONE,NONE,NONE,6,10,6,11,7,11,0.368,2
f0:191.92015,190.489732,187.905293333,183.35667,180.565472,180.997042,187.158158,197.023163333,197.85916,188.82355
feature:tuan2,2,2,2,2,2,5,0,1,1,9,7,1,1,3,4,0,0,0,0,0,0,0,1,1,1,NONE,NONE,NONE,7,9,7,10,8,10,0.421,2
f0:188.350581429,190.93937,193.975582857,196.768634286,190.298175714,168.250075,162.744618571,163.388631429,173.10328,179.283015714
feature:de5,2,2,2,5,2,3,0,1,1,8,8,1,1,2,5,0,0,0,0,0,0,0,1,1,1,NONE,NONE,NONE,8,8,8,9,9,9,0.474,5
f0:184.97012,193.2622,192.2630225,186.859534,179.5482325,173.023405,166.755928,165.884965,172.23483,182.7297725
feature:shao3,2,2,2,3,5,4,0,1,1,7,9,1,1,1,6,0,0,0,0,0,0,0,1,1,1,NONE,NONE,NONE,9,7,9,8,10,8,0.526,3
f0:189.924218571,194.17373875,197.194162857,199.877138571,198.69692,178.5916275,144.272707143,128.492264286,133.25066375,145.171462857
feature:shu4,2,2,2,4,3,1,0,1,1,6,10,1,1,0,7,0,0,1,122.568,0,0,122.568,1,1,1,NONE,NONE,Accented,10,6,10,7,11,7,0.579,4
f0:165.46041,187.07657,209.7019075,231.539917143,238.05931125,226.443255714,203.9281625,187.076658571,184.01714375,189.613412857
feature:fen1,2,2,2,1,4,4,0,1,0,5,11,1,0,5,8,1,0,0,125.568,122.568,122.568,125.568,1,1,1,Accented,NONE,NONE,11,5,11,6,12,6,0.632,1
f0:193.950211667,208.368884,229.535651667,250.763824,271.991988333,293.220154,311.652326667,319.015024,321.666375,322.779012
feature:lie4,2,2,2,4,1,3,0,2,0,4,12,2,0,4,0,0,1,0,0,125.568,125.568,0,1,1,1,NONE,Accented,NONE,12,4,12,5,13,5,0.684,4
f0:324.459061667,325.996612,327.596511667,333.166476,330.773006667,308.06158,277.222594,246.348565,201.673414,175.081378333
feature:zhu3,2,2,2,3,4,4,0,2,0,3,13,2,0,3,1,0,0,0,0,0,0,0,1,1,1,NONE,NONE,NONE,13,3,13,4,14,4,0.737,3
f0:168.260466,169.5736,172.230416,174.944004,176.783338,176.151832,164.672262,143.95841,136.446122,137.564182
feature:yi4,2,2,2,4,3,4,0,2,0,2,14,2,0,2,2,0,0,0,0,0,0,0,1,1,1,NONE,NONE,NONE,14,2,14,3,15,3,0.789,4
f0:140.06376,144.9009225,148.8661425,150.89282,152.7361075,155.9424325,159.7777125,162.6595,165.7696525,168.6074725
feature:fen4,2,2,2,4,4,3,0,2,0,1,15,2,0,1,3,0,0,0,0,0,0,0,1,1,4,NONE,NONE,NONE,15,1,15,2,16,2,0.842,4
f0:179.827783333,200.135012857,220.63283,238.992583333,248.645082857,237.522933333,208.698718333,179.349891667,155.60605,150.825626667
feature:zi3,2,2,0,3,4,0,0,2,0,0,16,2,0,0,4,0,0,0,110,0,0,0,4,1,0,NONE,NONE,0,16,0,16,1,17,1,0.895,3
f0:156.146634286,156.782222857,153.815857143,150.277284286,136.048017143,120.93674,111.211442857,106.599141429,103.792465714,111.562101429
