feature:bei3,2,0,2,3,0,1,0,0,5,16,0,0,5,0,0,0,0,1,133.37801,130,0,133.37801,1,0,1,NONE,0,Accented,0,16,0,17,1,3,0.2,3
f0:242.536006,242.53601,242.53601,242.176758,238.995362,228.14297,217.149578,213.459655,212.699684,204.393938
feature:jing1,2,2,2,1,3,4,0,0,4,15,1,0,4,1,1,1,0,0,136.37801,133.37801,133.37801,136.37801,1,1,1,Accented,NONE,NONE,1,15,1,16,2,2,0.4,1
f0:197.66878,205.710478,234.509012,269.56836,297.924776,309.5603825,325.227478,335.18082,338.820492,337.213492
feature:shi4,2,2,2,4,1,1,0,1,4,14,2,1,4,0,0,0,1,1,126.216,136.37801,136.37801,136.216,1,1,1,NONE,Accented,Accented,2,14,2,15,3,1,0.6,4
f0:331.27276625,329.283831429,326.6399725,323.78104,321.3123325,310.241307143,283.465165,263.969712857,252.54439,233.229537143
feature:chu1,2,2,2,1,4,2,0,1,3,13,3,1,3,3,1,1,0,0,134.216,136.216,126.216,134.216,1,1,1,Accented,NONE,NONE,3,13,3,14,1,14,0.063,1
f0:297.47101,297.47101,297.47101,297.47101,297.930846667,307.5366,314.352452,314.313294,310.685304,274.941698
feature:tai2,2,2,2,2,1,4,0,2,3,12,4,2,3,2,0,0,1,0,0,134.216,134.216,0,1,1,1,NONE,Accented,NONE,4,12,4,13,2,13,0.125,2
f0:250.153242,237.734907273,225.174234,194.808074545,162.960374,154.149315,158.750226364,170.365885,186.884209091,204.331197
feature:cu4,2,2,2,4,2,4,0,2,3,11,5,2,3,1,1,0,0,0,0,0,0,0,1,1,1,NONE,NONE,NONE,5,11,5,12,3,12,0.188,4
f0:226.783305,256.9160325,287.2321475,317.5482525,347.84515375,368.30937125,362.6642425,337.1967025,298.40075125,270.99838375
feature:jin4,2,2,2,4,4,1,0,2,3,10,6,2,3,0,2,0,0,1,126.892,0,0,126.892,1,1,1,NONE,NONE,Accented,6,10,6,11,4,11,0.25,4
f0:268.715924286,271.68638,274.093601429,273.796997143,261.901507143,241.762283333,225.197408571,213.346154286,208.429278333,209.210195714
feature:si1,2,2,2,1,4,2,0,2,2,9,7,2,2,3,3,1,0,0,129.892,126.892,126.892,129.892,1,1,1,Accented,NONE,NONE,7,9,7,10,5,10,0.313,1
f0:211.901108571,225.251146667,248.803572857,272.616673333,296.429784286,320.064073333,335.52826,343.216425,343.789855714,334.220011667
feature:ying2,2,2,2,2,1,4,0,3,2,8,8,3,2,2,0,0,1,0,0,129.892,129.892,0,1,1,1,NONE,Accented,NONE,8,8,8,9,6,9,0.375,2
f0:307.908988571,271.0604775,249.267887143,205.1910625,176.988342857,170.313342857,172.61828,185.837515714,207.740595,222.493441429
feature:ge4,2,2,2,4,2,3,0,3,2,7,9,3,2,1,1,0,0,0,0,0,0,0,1,1,1,NONE,NONE,NONE,9,7,9,8,7,8,0.438,4
f0:231.980254,269.597605,319.974584,347.384528,351.982361667,350.655792,342.41981,324.054126,292.415588333,250.177184
feature:ti3,2,2,2,3,4,1,0,3,2,6,10,3,2,0,2,0,0,1,122.568,0,0,122.568,1,1,1,NONE,NONE,Accented,10,6,10,7,8,7,0.5,3
f0:211.806115,206.460114286,203.526718333,200.151295,196.421378571,187.157803333,156.896053333,132.69518,127.288811429,159.074101667
feature:jing1,2,2,2,1,3,4,0,3,1,5,11,3,1,1,3,1,0,0,125.568,122.568,122.568,125.568,1,1,1,Accented,NONE,NONE,11,5,11,6,9,6,0.563,1
f0:191.858362,210.102683333,227.420498,235.169944,236.601363333,237.830104,240.289218,243.265772,245.952515,241.768966
feature:ji4,2,2,2,4,1,1,0,4,1,4,12,4,1,0,0,0,1,1,120.405,125.568,125.568,120.405,1,1,1,NONE,Accented,Accented,12,4,12,5,10,5,0.625,4
f0:231.50485,234.671976,244.397845,242.279534,224.66433,205.455398,192.93117,191.63949,193.821682,193.441396
feature:fa1,2,2,2,1,4,3,0,4,0,3,13,4,0,3,1,1,0,0,123.405,120.405,120.405,123.405,1,1,1,Accented,NONE,NONE,13,3,13,4,11,4,0.688,1
f0:194.637938333,216.605631667,251.241511667,285.160065,301.148046667,300.236103333,299.177745,302.916413333,309.471491667,302.652461667
feature:zhan3,2,2,2,3,1,2,0,5,0,2,14,5,0,2,0,0,1,0,0,123.405,123.405,0,1,1,1,NONE,Accented,NONE,14,2,14,3,12,3,0.75,3
f0:277.694788333,275.240848,270.507288333,232.877272,188.294113333,145.520436,119.94677,137.624286,168.470921667,177.710318
feature:tiao2,2,2,2,2,3,4,0,5,0,1,15,5,0,1,1,0,0,0,0,0,0,0,1,1,4,NONE,NONE,NONE,15,1,15,2,13,2,0.813,2
f0:176.891,175.597414286,173.9455,172.290005714,170.484005714,160.2268,146.962892857,139.361706667,134.40097,151.416817143
feature:li4,2,2,0,4,2,0,0,5,0,0,16,5,0,0,2,0,0,0,110,0,0,0,4,1,0,NONE,NONE,0,16,0,16,1,14,1,0.875,4
f0:179.084998,202.607756667,236.838158,246.229495,243.379624,226.618984,191.691391667,168.00563,169.105843333,170.401586
