feature:sun1,2,0,2,1,0,1,0,0,8,19,0,0,8,0,0,1,0,1,138.07001,134.535,0,138.07001,1,0,1,Accented,0,Accented,0,19,0,20,1,6,0.125,1
f0:351.81601,351.81601,351.81601,351.81601,351.247901429,350.28108,346.17181,338.896698333,338.455898571,336.118458571
feature:zhong1,2,2,2,1,1,1,0,0,7,18,1,0,7,0,0,1,1,1,137.1395,138.07001,138.07001,137.1395,1,1,1,Accented,Accented,Accented,1,18,1,19,2,5,0.25,1
f0:337.321428,347.804285,351.887984,350.8153925,348.625694,346.058826,343.603805,342.908484,342.4346775,337.954728
feature:san1,2,2,2,1,1,4,0,1,6,17,2,1,6,4,0,1,1,0,135.674,137.1395,137.1395,135.674,1,1,1,Accented,Accented,NONE,2,17,2,18,3,4,0.375,1
f0:333.37723,339.014333333,349.298074286,350.453595,343.914515,339.73526,339.210856667,333.196751429,331.902756667,334.643121667
feature:ji4,2,2,2,4,1,4,0,2,6,16,3,2,6,3,0,0,1,0,0,135.674,135.674,0,1,1,1,NONE,Accented,NONE,3,16,3,17,4,3,0.5,4
f0:337.0604475,338.030785,339.14962,339.9532925,339.490525,335.5282375,327.1750725,324.685375,316.0599675,295.9168625
feature:nian4,2,2,2,4,4,2,0,2,6,15,4,2,6,2,1,0,0,0,0,0,0,0,1,1,1,NONE,NONE,NONE,4,15,4,16,5,2,0.625,4
f0:269.775448333,243.936441667,224.870618,207.228191667,188.798168333,180.95413,178.876335,179.351756,184.945048333,188.059421667
feature:guan2,2,2,2,2,4,3,0,2,6,14,5,2,6,1,2,0,0,0,0,0,0,0,1,1,1,NONE,NONE,NONE,5,14,5,15,6,1,0.75,2
f0:193.083601111,191.81026625,171.728665556,146.35147625,138.934943333,142.530082222,151.6177275,161.82696,187.402355,193.936071111
feature:mei3,2,2,2,3,2,1,0,2,6,13,6,2,6,0,3,0,0,1,123.023,0,0,133.02299,1,1,1,NONE,NONE,Accented,6,13,6,14,1,1,0.333,3
f0:94.0665166667,124.366213333,202.25181,207.991633333,195.867328333,184.21634,164.747893333,146.224618,136.044001667,129.913453333
feature:tian1,2,2,2,1,3,1,0,2,5,12,7,2,5,0,4,1,0,1,131.558,133.02299,123.023,131.558,1,1,1,Accented,NONE,Accented,7,12,7,13,1,9,0.091,1
f0:260.37,260.37,260.37,260.37,261.94059,268.32653,271.568168,271.603898,272.624486,274.563026
feature:xi1,2,2,2,1,1,3,0,3,4,11,8,3,4,2,0,1,1,0,130.093,131.558,131.558,130.093,1,1,1,Accented,Accented,NONE,8,11,8,12,2,8,0.182,1
f0:275.182233333,276.117766667,282.759478,293.053751667,304.531245,313.490071667,312.133625,307.412134,303.605556667,295.152395
feature:yin3,2,2,2,3,1,4,0,4,4,10,9,4,4,1,0,0,1,0,0,130.093,130.093,0,1,1,1,NONE,Accented,NONE,9,10,9,11,3,7,0.273,3
f0:277.670204286,251.849276667,240.887937143,222.052188333,188.501072857,154.85275,137.769785714,133.613436667,138.476015714,147.785171667
feature:da4,2,2,2,4,3,1,0,4,4,9,10,4,4,0,1,0,0,1,124.302,0,0,124.302,1,1,1,NONE,NONE,Accented,10,9,10,10,4,6,0.364,4
f0:184.02547,223.338313333,263.059551667,289.018761667,290.072586667,278.418198333,255.650103333,228.058813333,201.249738333,190.999428333
feature:pi1,2,2,2,1,4,1,0,4,3,8,11,4,3,0,2,1,0,1,127.837,124.302,124.302,127.837,1,1,1,Accented,NONE,Accented,11,8,11,9,5,5,0.455,1
f0:194.8372625,207.22667,223.60927625,239.967194286,249.5076925,246.338655714,242.53259625,244.012847143,248.9257775,248.218432857
feature:zhong1,2,2,2,1,1,4,0,5,2,7,12,5,2,5,0,1,1,0,126.372,127.837,127.837,126.372,1,1,1,Accented,Accented,NONE,12,7,12,8,6,4,0.545,1
f0:260.338465,278.947876667,295.743004,312.50611,326.930606667,331.227496667,332.766126667,336.529516,340.27356,341.81871
feature:wai4,2,2,2,4,1,2,0,6,2,6,13,6,2,4,0,0,1,0,0,126.372,126.372,0,1,1,1,NONE,Accented,NONE,13,6,13,7,7,3,0.636,4
f0:342.46018,337.4494325,319.9177725,302.989795,280.259502,256.4349575,236.415755,216.5198,200.177405,184.2063625
feature:you2,2,2,2,2,4,4,0,6,2,5,14,6,2,3,1,0,0,0,0,0,0,0,1,1,1,NONE,NONE,NONE,14,5,14,6,8,2,0.727,2
f0:167.10857,155.722124,153.289736667,154.590005,152.718305,147.455186,146.640943333,153.672155,166.835158,183.376761667
feature:ke4,2,2,2,4,2,2,0,6,2,4,15,6,2,2,2,0,0,0,0,0,0,0,1,1,1,NONE,NONE,NONE,15,4,15,5,9,1,0.818,4
f0:196.812685,221.5232425,253.538145556,285.508585,303.6294,285.4628225,234.5266425,173.85008,127.10073,116.77607
feature:qian2,2,2,2,2,4,2,0,6,2,3,16,6,2,1,3,0,0,0,0,0,0,0,1,1,1,NONE,NONE,NONE,16,3,16,4,1,4,0.167,2
f0:209.147,209.147,209.147,206.906855,186.144248571,166.895955714,164.53076375,186.19102,217.83594125,231.936182857
feature:lai2,2,2,2,2,2,1,0,6,2,2,17,6,2,0,4,0,0,1,117.791,0,0,117.791,1,1,1,NONE,NONE,Accented,17,2,17,3,2,3,0.333,2
f0:225.99432,211.366878,191.7033775,167.083952,145.5742725,138.144975,134.782616,137.309665,152.576432,168.1403975
feature:can1,2,2,2,1,2,1,0,6,1,1,18,6,1,0,5,1,0,1,121.3255,117.791,117.791,121.3255,1,1,4,Accented,NONE,Accented,18,1,18,2,3,2,0.5,1
f0:183.796315714,196.687626667,211.593011429,227.879411429,239.957034286,234.648183333,219.256344286,218.025227143,220.973911667,221.58801
feature:guan1,2,2,0,1,1,0,0,7,0,0,19,7,0,0,0,1,1,0,119.86,121.3255,121.3255,0,4,1,0,Accented,Accented,0,19,0,19,1,4,1,0.667,1
f0:233.2900025,246.020195,242.54297125,234.543595,228.04011125,226.3393475,228.22081625,229.61871375,230.35908,225.62332
