feature:bian4,2,0,2,4,0,2,0,0,0,13,0,0,0,13,0,0,0,0,0,0,0,0,1,0,1,NONE,0,NONE,0,13,0,14,1,13,0.067,4
f0:339.60494,301.1599675,276.465634286,261.3608975,245.115518571,231.898348571,223.08802625,221.617407143,224.20599375,225.223774286
feature:ping2,2,2,2,2,4,2,0,0,0,12,1,0,0,12,1,0,0,0,0,0,0,0,1,1,1,NONE,NONE,NONE,1,12,1,13,2,12,0.133,2
f0:223.776861429,226.827688333,232.1345,237.028671429,227.642031429,211.58791,216.728231429,236.811685714,272.697546667,287.505462857
feature:ping2,2,2,2,2,2,4,0,0,0,11,2,0,0,11,2,0,0,0,0,0,0,0,1,1,1,NONE,NONE,NONE,2,11,2,12,3,11,0.2,2
f0:282.250661667,273.227574286,264.592825,258.483242857,249.122,228.526031667,220.851982857,229.115283333,250.71859,265.944843333
feature:jing4,2,2,2,4,2,4,0,0,0,10,3,0,0,10,3,0,0,0,0,0,0,0,1,1,1,NONE,NONE,NONE,3,10,3,11,4,10,0.267,4
f0:281.488255,303.50304,325.668975,345.803485,352.108301667,348.12552,329.753961667,302.09471,283.110735,261.242895
feature:jing4,2,2,2,4,4,5,0,0,0,9,4,0,0,9,4,0,0,0,0,0,0,0,1,1,1,NONE,NONE,NONE,4,9,4,10,5,9,0.333,4
f0:245.456504286,272.463323333,309.904182857,335.47958,335.375401429,321.47898,294.071571429,258.215081667,230.10962,209.227916667
feature:de5,2,2,2,5,4,3,0,0,0,8,5,0,0,8,5,0,0,0,0,0,0,0,1,1,1,NONE,NONE,NONE,5,8,5,9,6,8,0.4,5
f0:193.230176,187.168886667,180.57887,167.537626667,151.465532,147.238344,146.304091667,144.548934,145.122223333,150.667718
feature:zou3,2,2,2,3,5,2,0,0,0,7,6,0,0,7,6,0,0,0,0,0,0,0,1,1,1,NONE,NONE,NONE,6,7,6,8,7,7,0.467,3
f0:163.698436667,176.334295,189.834421429,200.641353333,198.77563,182.110613333,160.926735,143.708314286,136.146796667,135.4163
feature:wan2,2,2,2,2,3,5,0,0,0,6,7,0,0,6,7,0,0,0,0,0,0,0,1,1,1,NONE,NONE,NONE,7,6,7,7,8,6,0.533,2
f0:137.790931667,142.078006,147.805666667,147.684016,142.268611667,137.495084,135.37275,135.463314,142.887513333,157.115698
feature:le5,2,2,2,5,2,4,0,0,0,5,8,0,0,5,8,0,0,0,0,0,0,0,1,1,1,NONE,NONE,NONE,8,5,8,6,9,5,0.6,5
f0:178.362395,206.403226667,233.381421667,243.41936,237.57561,218.513331667,197.703573333,184.866116667,182.740501667,184.047645
feature:zi4,2,2,2,4,5,3,0,0,0,4,9,0,0,4,9,0,0,0,0,0,0,0,1,1,1,NONE,NONE,NONE,9,4,9,5,10,4,0.667,4
f0:195.271513333,217.675778,239.880935,264.479336667,289.077743333,312.777984,329.273613333,322.288508333,291.297478,244.892601667
feature:ji3,2,2,2,3,4,5,0,0,0,3,10,0,0,3,10,0,0,0,0,0,0,0,1,1,1,NONE,NONE,NONE,10,3,10,4,11,3,0.733,3
f0:229.509158,224.4674975,219.42584,212.260166,191.33113,176.63658,164.364242,141.66069,117.8549325,120.689508
feature:de5,2,2,2,5,3,4,0,0,0,2,11,0,0,2,11,0,0,0,0,0,0,0,1,1,1,NONE,NONE,NONE,11,2,11,3,12,2,0.8,5
f0:136.19867,151.8166875,160.60241,161.31933,160.376396667,159.017446667,157.482745,157.302663333,158.297255,161.3252
feature:lu4,2,2,2,4,5,2,0,0,0,1,12,0,0,1,12,0,0,0,0,0,0,0,1,1,4,NONE,NONE,NONE,12,1,12,2,13,1,0.867,4
f0:176.584815,202.754262,223.534081667,245.630021667,259.980396667,252.87184,228.035878333,192.020258333,166.158574,161.381885
feature:cheng2,2,2,0,2,4,0,0,0,0,0,13,0,0,0,13,0,0,0,110,0,0,0,4,1,0,NONE,NONE,0,13,0,13,1,1,1,0.333,2
f0:180.525808,182.11101,182.035387273,158.844852,137.757759,142.41556,149.849196,154.823178182,184.174328,203.732406
