feature:wo3,2,0,2,3,0,4,0,0,0,5,0,0,0,9,0,0,0,0,0,130,0,0,1,0,1,NONE,0,NONE,0,5,0,6,1,6,0.125,3
f0:213.175995,214.7644425,218.454514,218.059995,213.4083025,207.676465,201.8574625,198.921716,198.11179,198.698085
feature:dao4,2,2,2,4,3,4,0,0,0,4,1,0,0,8,1,0,0,0,0,0,0,0,1,1,1,NONE,NONE,NONE,1,4,1,5,2,5,0.25,4
f0:199.932937143,234.268525,273.034174286,278.457478333,274.193211429,263.28622,253.982476667,244.840927143,243.56043,249.588044286
feature:jiao4,2,2,2,4,4,2,0,0,0,3,2,0,0,7,2,0,0,0,0,0,0,0,1,1,1,NONE,NONE,NONE,2,3,2,4,3,4,0.375,4
f0:263.626118333,287.127736,312.093021667,338.606363333,351.551221667,354.868472,349.93867,329.989015,302.731426,271.045776667
feature:xue2,2,2,2,2,4,2,0,0,0,2,3,0,0,6,3,0,0,0,0,0,0,0,1,1,1,NONE,NONE,NONE,3,2,3,3,4,3,0.5,2
f0:237.605022,231.298238,228.644611667,225.991,223.632234,221.273458,216.074278,204.324761667,201.75953,206.218018
feature:lou2,2,2,2,2,2,4,0,0,0,1,4,0,0,5,4,0,0,0,0,0,0,0,1,1,3,NONE,NONE,NONE,4,1,4,2,5,2,0.625,2
f0:211.113603333,211.649413333,204.777656,190.212565,167.836613333,149.733325,147.306385,154.52962,166.668986667,191.732696667
feature:hou4,2,2,2,4,2,3,0,0,0,0,5,0,0,4,5,0,0,0,0,0,0,0,3,1,1,NONE,NONE,NONE,5,0,5,1,6,1,0.75,4
f0:192.25603,175.243405,204.596767143,259.0252475,248.291435,193.10007375,128.708395,91.17382,93.440225,93.723295
feature:lao3,2,2,2,3,4,4,0,0,1,6,0,0,1,3,6,0,0,0,0,0,0,0,1,3,1,NONE,NONE,NONE,0,6,0,7,1,7,0.111,3
f0:222.344,222.03369,217.847695,208.868268,202.2497675,196.558465,190.600936,190.0141475,197.993502,211.2266475
feature:tai4,2,2,2,4,3,5,0,0,1,5,1,0,1,2,7,0,0,0,0,0,0,0,1,1,1,NONE,NONE,NONE,1,5,1,6,2,6,0.222,4
f0:227.898618333,248.099638,268.330296667,290.808823333,313.287338333,333.733426,350.843425,342.69575,326.292314,309.415831667
feature:tai5,2,2,2,5,4,5,0,0,1,4,2,0,1,1,8,0,0,0,0,0,0,0,1,1,1,NONE,NONE,NONE,2,4,2,5,3,5,0.333,5
f0:292.286412,280.7971725,269.500788,261.6053375,260.32464,262.461915,264.742744,260.49177,246.632038,231.3832925
feature:de5,2,2,2,5,5,1,0,0,1,3,3,0,1,0,9,0,0,1,124.756,0,0,124.756,1,1,1,NONE,NONE,Accented,3,3,3,4,4,4,0.444,5
f0:219.740636,220.722804,221.919428,219.271848,214.363218,210.52573,209.892168,211.52076,219.817532,230.177546
feature:suan1,2,2,2,1,5,3,0,0,0,2,4,0,0,2,10,1,0,0,127.756,124.756,124.756,127.756,1,1,1,Accented,NONE,NONE,4,2,4,3,5,3,0.556,1
f0:242.39911125,263.130192857,284.39473375,307.294995,328.65291375,336.378195714,339.9060975,341.59148,337.242524286,328.77500125
feature:nai3,2,2,2,3,1,4,0,1,0,1,5,1,0,1,0,0,1,0,0,127.756,127.756,0,1,1,3,NONE,Accented,NONE,5,1,5,2,6,2,0.667,3
f0:311.18575,287.237525,252.678074,204.142486,168.268002,145.2303375,129.467124,118.232604,113.1043525,116.381236
feature:dang4,2,2,2,4,3,1,0,1,0,0,6,1,0,0,1,0,0,1,116.829,0,0,126.829,3,1,1,NONE,NONE,Accented,6,0,6,1,7,1,0.778,4
f0:151.24561625,212.51434125,255.927774286,257.5417375,236.87696375,199.4474725,165.540835,138.220517143,68.6966325,54.91278375
feature:he1,2,2,2,1,4,3,0,0,1,5,0,0,1,2,2,1,0,0,124.829,126.829,116.829,124.829,1,3,1,Accented,NONE,NONE,0,5,0,6,1,6,0.125,1
f0:303.58401,303.58401,303.58401,303.58401,302.119042857,294.859047143,292.920204286,292.715116667,292.477124286,285.058442857
feature:liang3,2,2,2,3,1,2,0,0,1,4,1,0,1,1,0,0,1,0,0,124.829,124.829,0,1,1,1,NONE,Accented,NONE,1,4,1,5,2,5,0.25,3
f0:257.105561667,251.703188,245.713373333,220.30245,187.492311667,161.613212,140.453531667,127.652765,127.556568,139.436591667
feature:ping2,2,2,2,2,3,1,0,0,1,3,2,0,1,0,1,0,0,1,118.902,0,0,118.902,1,1,1,NONE,NONE,Accented,2,3,2,4,3,4,0.375,2
f0:153.90258875,162.4920125,173.56352125,183.75274875,184.17466875,177.275595,177.29604625,185.8557525,205.0525075,227.87597875
feature:suan1,2,2,2,1,2,2,0,0,0,2,3,0,0,2,2,1,0,0,121.902,118.902,118.902,121.902,1,1,1,Accented,NONE,NONE,3,2,3,3,4,3,0.5,1
f0:235.085303333,250.73069,270.719366667,290.738108333,312.435568571,324.231113333,324.75743,328.800715,333.913623333,328.050948333
feature:niu2,2,2,2,2,1,3,0,1,0,1,4,1,0,1,0,0,1,0,0,121.902,121.902,0,1,1,4,NONE,Accented,NONE,4,1,4,2,5,2,0.625,2
f0:318.125306667,316.151551667,299.942411429,267.165735,230.545935,193.093798333,172.228488333,174.726878571,206.524261667,235.182661667
feature:nai3,2,2,0,3,2,0,0,1,0,0,5,1,0,0,1,0,0,0,110,0,0,0,4,1,0,NONE,NONE,0,5,0,5,1,6,1,0.75,3
f0:246.793203333,249.376928,247.57656,231.636858333,194.954881667,167.9568,139.663928333,114.10596,97.9336,94.2415266667
