feature:yi2,2,0,2,2,0,4,0,0,2,10,0,0,2,2,0,0,0,0,0,130,0,0,1,0,1,NONE,0,NONE,0,10,0,11,1,11,0.077,2
f0:252.6701,257.2818475,261.639508,270.5204825,287.347275,302.07049,307.1763175,312.316344,315.51654,323.1267675
feature:ge4,2,2,2,4,2,4,0,0,2,9,1,0,2,1,1,0,0,0,0,0,0,0,1,1,1,NONE,NONE,NONE,1,9,1,10,2,10,0.154,4
f0:334.467186,341.034744,336.40551,322.419426,306.689746,287.966918,271.494374,258.73835,252.449984,251.565006
feature:hao4,2,2,2,4,4,1,0,0,2,8,2,0,2,0,2,0,0,1,132.021,0,0,132.021,1,1,1,NONE,NONE,Accented,2,8,2,9,3,9,0.231,4
f0:249.77656,254.8302775,272.054673333,288.6893775,289.075288889,265.87977,245.129865556,229.55390875,227.187403333,228.61512
feature:ji1,2,2,2,1,4,4,0,0,1,7,3,0,1,6,3,1,0,0,135.021,132.021,132.021,135.021,1,1,1,Accented,NONE,NONE,3,7,3,8,4,8,0.308,1
f0:220.240118333,230.935485,260.699483333,291.990805,323.721477143,339.488168333,347.594433333,352.761036667,350.164251667,346.182281667
feature:qiao4,2,2,2,4,1,2,0,1,1,6,4,1,1,5,0,0,1,0,0,135.021,135.021,0,1,1,1,NONE,Accented,NONE,4,6,4,7,5,7,0.385,4
f0:345.876785,345.517551667,345.139435,344.843231667,344.643612857,336.452603333,303.592188333,267.819266667,230.218156667,200.840658333
feature:bie2,2,2,2,2,4,2,0,1,1,5,5,1,1,4,1,0,0,0,0,0,0,0,1,1,1,NONE,NONE,NONE,5,5,5,6,6,6,0.462,2
f0:195.749794,202.739958333,202.525944,199.000144,180.462846667,164.878116,160.78524,161.282936,164.414921667,172.993352
feature:ren2,2,2,2,2,2,5,0,1,1,4,6,1,1,3,2,0,0,0,0,0,0,0,1,1,1,NONE,NONE,NONE,6,4,6,5,7,5,0.538,2
f0:178.373054,178.209556667,176.644042,171.534466667,163.229368,161.13665,162.053156667,166.730404,176.18403,182.12035
feature:de5,2,2,2,5,2,2,0,1,1,3,7,1,1,2,3,0,0,0,0,0,0,0,1,1,1,NONE,NONE,NONE,7,3,7,4,8,4,0.615,5
f0:184.6486725,187.146473333,187.1936175,185.00625,182.1875725,175.60007,170.551416667,169.4398725,169.66928,171.720395
feature:ping2,2,2,2,2,5,4,0,1,1,2,8,1,1,1,4,0,0,0,0,0,0,0,1,1,1,NONE,NONE,NONE,8,2,8,3,9,3,0.692,2
f0:168.77122,150.295478333,147.47314,158.090436667,171.35472,183.034663333,184.075153333,169.792406667,166.173076667,174.929351667
feature:lun4,2,2,2,4,2,1,0,1,1,1,9,1,1,0,5,0,0,1,126.064,0,0,126.064,1,1,3,NONE,NONE,Accented,9,1,9,2,10,2,0.769,4
f0:191.33328,209.99357,222.039158333,221.581438,207.736185,185.729723333,164.750384,156.637393333,156.346024,167.016933333
feature:jia1,2,2,2,1,4,4,0,1,0,0,10,1,0,5,6,1,0,0,129.064,126.064,126.064,0,3,1,1,Accented,NONE,NONE,10,0,10,1,11,1,0.846,1
f0:189.728492857,219.959072857,246.53586,251.76681,249.348915714,248.380513333,249.143818571,252.270685714,252.901524286,231.197201429
feature:jiu4,2,2,2,4,1,4,0,0,2,10,0,0,2,4,0,0,1,0,0,0,129.064,0,1,3,1,NONE,Accented,NONE,0,10,0,11,1,5,0.143,4
f0:340.1090175,340.10901,340.10901,341.0739,346.840385,349.5695575,348.961855,342.37071,331.1251525,319.0952925
feature:yong4,2,2,2,4,4,3,0,0,2,9,1,0,2,3,1,0,0,0,0,0,0,0,1,1,1,NONE,NONE,NONE,1,9,1,10,2,4,0.286,4
f0:305.324473333,305.602597143,312.820381667,310.241083333,298.310812857,282.519245,271.263308333,264.714105,260.265397143,251.391788333
feature:ci3,2,2,2,3,4,2,0,0,2,8,2,0,2,2,2,0,0,0,0,0,0,0,1,1,1,NONE,NONE,NONE,2,8,2,9,3,3,0.429,3
f0:235.036833333,226.771785,218.477646667,210.183511667,201.059955714,191.936395,181.503283333,148.788181667,109.383501667,98.8467666667
feature:ti2,2,2,2,2,3,2,0,0,2,7,3,0,2,1,3,0,0,0,0,0,0,0,1,1,1,NONE,NONE,NONE,3,7,3,8,4,2,0.571,2
f0:107.220064,127.613628333,148.769942,167.575564,188.373413333,201.822276,205.273464,207.44368,215.41693,229.867156
feature:ming2,2,2,2,2,2,1,0,0,2,6,4,0,2,0,4,0,0,1,115.957,0,0,125.957,1,1,1,NONE,NONE,Accented,4,6,4,7,5,1,0.714,2
f0:248.528983333,245.26324125,214.898652222,183.4199325,158.792957778,151.311435,152.81617,160.33184,169.960527778,191.49153375
feature:wa1,2,2,2,1,2,3,0,0,1,5,5,0,1,4,5,1,0,0,123.957,125.957,115.957,123.957,1,1,1,Accented,NONE,NONE,5,5,5,6,1,6,0.125,1
f0:238.836862,268.47157,302.333861667,324.190568,325.04359,326.10396,333.285088,342.454106667,347.48719,340.50448
feature:ku3,2,2,2,3,1,4,0,1,1,4,6,1,1,3,0,0,1,0,0,123.957,123.957,0,1,1,1,NONE,Accented,NONE,6,4,6,5,2,5,0.25,3
f0:321.43608,297.508443333,275.212292,252.916146667,228.142661667,203.369155,181.047768333,145.763416,107.842971667,88.4592066667
feature:na4,2,2,2,4,3,2,0,1,1,3,7,1,1,2,1,0,0,0,0,0,0,0,1,1,1,NONE,NONE,NONE,7,3,7,4,3,4,0.375,4
f0:107.298368,160.63871,189.734154,198.97696,197.649088,191.3319425,180.559466,169.606156,161.6317025,154.072158
feature:qun2,2,2,2,2,4,4,0,1,1,2,8,1,1,1,2,0,0,0,0,0,0,0,1,1,1,NONE,NONE,NONE,8,2,8,3,4,3,0.5,2
f0:151.057066,154.17367,159.787426,164.87158,170.342531667,172.721248,164.635796,158.069578,160.09927,169.024202
feature:hua4,2,2,2,4,2,1,0,1,1,1,9,1,1,0,3,0,0,1,116.702,0,0,116.702,1,1,4,NONE,NONE,Accented,9,1,9,2,5,2,0.625,4
f0:193.96420375,214.604045714,230.2374225,263.890997143,299.50658875,318.421987143,306.9456325,273.295858571,206.8439625,162.83859
feature:jia1,2,2,0,1,4,0,0,1,0,0,10,1,0,0,4,1,0,0,119.702,116.702,116.702,0,4,1,0,Accented,NONE,0,10,0,10,1,6,1,0.75,1
f0:163.991995,187.8462975,192.078761111,189.92443625,183.808445,181.16364875,181.97350625,188.960253333,196.04373125,201.9919
