feature:ju2,2,0,2,2,0,3,0,0,0,12,0,0,0,12,0,0,0,0,0,130,0,0,1,0,1,NONE,0,NONE,0,12,0,13,1,13,0.067,2
f0:269.06699,269.06699,269.06699,269.06699,270.998948333,287.226338,318.696833333,339.601063333,346.863128333,341.68105
feature:zhang3,2,2,2,3,2,2,0,0,0,11,1,0,0,11,1,0,0,0,0,0,0,0,1,1,1,NONE,NONE,NONE,1,11,1,12,2,12,0.133,3
f0:328.8238,315.84229,279.615797143,215.69153,178.294214286,165.906498333,160.165058571,156.638434286,157.905793333,162.73979
feature:lei2,2,2,2,2,3,4,0,0,0,10,2,0,0,10,2,0,0,0,0,0,0,0,1,1,1,NONE,NONE,NONE,2,10,2,11,3,11,0.2,2
f0:164.765945,165.525844,165.807675,164.09834,163.494595,168.722634,182.111861667,205.134976,243.725068333,275.301196
feature:shao4,2,2,2,4,2,3,0,0,0,9,3,0,0,9,3,0,0,0,0,0,0,0,1,1,1,NONE,NONE,NONE,3,9,3,10,4,10,0.267,4
f0:288.35923,303.614471667,321.114144286,338.81524,360.699043333,365.448511667,353.556815,335.125932857,310.701843333,281.242391667
feature:wu3,2,2,2,3,4,4,0,0,0,8,4,0,0,8,4,0,0,0,0,0,0,0,1,1,1,NONE,NONE,NONE,4,8,4,9,5,9,0.333,3
f0:243.2381825,199.9107425,175.537775,166.264555,161.56981875,153.461935,146.34229,95.88112625,63.8878375,69.45431875
feature:gao4,2,2,2,4,3,4,0,0,0,7,5,0,0,7,5,0,0,0,0,0,0,0,1,1,1,NONE,NONE,NONE,5,7,5,8,6,8,0.4,4
f0:119.981068333,188.834842,258.056175,321.723664,341.233286667,341.556666667,336.911128,319.000103333,294.10429,270.629868333
feature:su4,2,2,2,4,4,4,0,0,0,6,6,0,0,6,6,0,0,0,0,0,0,0,1,1,1,NONE,NONE,NONE,6,6,6,7,7,7,0.467,4
f0:256.77032,257.16147,259.784004,262.62014,264.542542,257.13184,235.273904,216.875168,208.867686,200.960058
feature:ji4,2,2,2,4,4,3,0,0,0,5,7,0,0,5,7,0,0,0,0,0,0,0,1,1,1,NONE,NONE,NONE,7,5,7,6,8,6,0.533,4
f0:197.245384,205.070416,225.8476,247.959816,259.183475,255.64808,241.479592,222.723928,202.669142,193.734498
feature:zhe3,2,2,2,3,4,4,0,0,0,4,8,0,0,4,8,0,0,0,0,0,0,0,1,1,1,NONE,NONE,NONE,8,4,8,5,9,5,0.6,3
f0:193.965708333,194.926035,195.282878333,179.227526667,159.71337,147.681478333,136.62394,126.333836667,126.337781667,141.24576
feature:yi4,2,2,2,4,3,2,0,0,0,3,9,0,0,3,9,0,0,0,0,0,0,0,1,1,1,NONE,NONE,NONE,9,3,9,4,10,4,0.667,4
f0:165.349946,187.028794,206.853098,228.89567,250.585364,262.077144,261.136072,250.516924,229.005008,215.268398
feature:tiao2,2,2,2,2,4,3,0,0,0,2,10,0,0,2,10,0,0,0,0,0,0,0,1,1,1,NONE,NONE,NONE,10,2,10,3,11,3,0.733,2
f0:214.52246,213.453018333,211.990681429,210.528343333,200.939527143,171.67056,160.405213333,163.523861429,186.338665,224.179977143
feature:xi3,2,2,2,3,2,4,0,0,0,1,11,0,0,1,11,0,0,0,0,0,0,0,1,1,4,NONE,NONE,NONE,11,1,11,2,12,2,0.8,3
f0:225.826688571,204.035107143,180.210907143,156.386712857,130.5771575,104.790907143,86.4634771429,74.4063,60.65646,68.2028214286
feature:xun4,2,2,0,4,3,0,0,0,0,0,12,0,0,0,12,0,0,0,110,0,0,0,4,1,0,NONE,NONE,0,12,0,12,1,13,1,0.867,4
f0:102.533333333,149.023845,195.514358889,238.949255556,263.109542,238.81541,188.324898889,131.211965556,72.87445,66.6764088889
