feature:zhan4,2,0,2,4,0,3,0,0,4,19,0,0,4,2,0,0,0,0,0,130,0,0,1,0,1,NONE,0,NONE,0,19,0,20,1,8,0.1,4
f0:340.319754,355.8398725,348.095972,335.9821325,320.731122,302.4949325,286.975158,269.9068425,252.107722,237.4339125
feature:you3,2,2,2,3,4,5,0,0,4,18,1,0,4,1,1,0,0,0,0,0,0,0,1,1,1,NONE,NONE,NONE,1,18,1,19,2,7,0.2,3
f0:228.645361667,221.828278333,213.905866667,201.014986667,182.840748333,166.567876,151.559156667,144.76213,144.742231667,145.683323333
feature:men5,2,2,2,5,3,1,0,0,4,17,2,0,4,0,2,0,0,1,131.744,0,0,131.744,1,1,1,NONE,NONE,Accented,2,17,2,18,3,6,0.3,5
f0:149.144177143,157.187571667,166.289107143,170.280417143,172.212014286,173.262595,174.252315714,178.67909,193.232231667,208.29015
feature:qing1,2,2,2,1,5,3,0,0,3,16,3,0,3,8,3,1,0,0,134.744,131.744,131.744,134.744,1,1,1,Accented,NONE,NONE,3,16,3,17,4,5,0.4,1
f0:231.976142857,258.44452625,283.498212857,306.62469,329.84821625,337.8830925,338.710401429,339.74173,343.0303725,337.210957143
feature:chu3,2,2,2,3,1,5,0,1,3,15,4,1,3,7,0,0,1,0,0,134.744,134.744,0,1,1,1,NONE,Accented,NONE,4,15,4,16,5,4,0.5,3
f0:316.939532,299.503428333,282.08028,267.63084,257.040453333,242.828812,203.124068,168.713866,157.394996667,156.322014
feature:de5,2,2,2,5,3,4,0,1,3,14,5,1,3,6,1,0,0,0,0,0,0,0,1,1,1,NONE,NONE,NONE,5,14,5,15,6,3,0.6,5
f0:160.0180725,164.5632925,165.9384525,161.90421,157.83043,158.133275,159.3153575,160.6952675,161.964125,170.4296825
feature:ji4,2,2,2,4,5,5,0,1,3,13,6,1,3,5,2,0,0,0,0,0,0,0,1,1,1,NONE,NONE,NONE,6,13,6,14,7,2,0.7,4
f0:192.896568,207.60578,226.907988,245.44021,253.299758333,247.002778,229.534896,214.406696,200.769388333,186.040254
feature:de5,2,2,2,5,4,3,0,1,3,12,7,1,3,4,3,0,0,0,0,0,0,0,1,1,1,NONE,NONE,NONE,7,12,7,13,8,1,0.8,5
f0:182.349997778,177.813215556,158.596969,155.408445556,160.002583333,160.13752,162.019853333,174.436394,177.002441111,172.174288889
feature:li3,2,2,2,3,5,4,0,1,3,11,8,1,3,3,4,0,0,0,0,0,0,0,1,1,1,NONE,NONE,NONE,8,11,8,12,1,12,0.071,3
f0:168.707925,211.499293333,219.282997143,214.230146667,200.733781667,184.489,171.532833333,162.372441429,161.271785,180.031965
feature:zhao4,2,2,2,4,3,2,0,1,3,10,9,1,3,2,5,0,0,0,0,0,0,0,1,1,1,NONE,NONE,NONE,9,10,9,11,2,11,0.143,4
f0:219.077071667,257.094945,291.592084,309.589376667,313.977696667,309.911335,292.320433333,269.48737,238.000625,208.16159
feature:lin2,2,2,2,2,4,4,0,1,3,9,10,1,3,1,6,0,0,0,0,0,0,0,1,1,1,NONE,NONE,NONE,10,9,10,10,3,10,0.214,2
f0:186.95891875,166.7352775,159.615475556,151.53392,151.14839875,153.392905,162.667,191.609076667,229.05366375,267.473945
feature:wei4,2,2,2,4,2,1,0,1,3,8,11,1,3,0,7,0,0,1,123.37199,0,0,123.37199,1,1,1,NONE,NONE,Accented,11,8,11,9,4,9,0.286,4
f0:290.89324,307.67423,310.79203,308.150605,298.1999525,282.9787825,265.0616925,248.865225,236.1123325,223.32599
feature:ta1,2,2,2,1,4,5,0,1,2,7,12,1,2,5,8,1,0,0,126.372,123.37199,123.37199,126.372,1,1,1,Accented,NONE,NONE,12,7,12,8,5,8,0.357,1
f0:220.308096,224.623566,230.99021,237.383478,243.776758,250.318596,259.34304,265.69828,265.263324,263.659472
feature:men5,2,2,2,5,1,4,0,2,2,6,13,2,2,4,0,0,1,0,0,126.372,126.372,0,1,1,1,NONE,Accented,NONE,13,6,13,7,6,7,0.429,5
f0:261.4169375,257.769088,248.9270125,239.47362,228.7000725,214.3087725,199.50367,191.731335,191.075668,192.0606375
feature:zuo4,2,2,2,4,5,5,0,2,2,5,14,2,2,3,1,0,0,0,0,0,0,0,1,1,1,NONE,NONE,NONE,14,5,14,6,7,6,0.5,4
f0:202.551206667,226.78685,252.360843333,261.058524,257.549545,240.453864,217.294518333,200.3934,183.268406667,176.791982
feature:de5,2,2,2,5,4,2,0,2,2,4,15,2,2,2,2,0,0,0,0,0,0,0,1,1,1,NONE,NONE,NONE,15,4,15,5,8,5,0.571,5
f0:176.433215,174.609816667,166.077562,158.271293333,150.470588333,146.657775,146.95335,148.935034,151.025065,151.768116667
feature:dian2,2,2,2,2,5,3,0,2,2,3,16,2,2,1,3,0,0,0,0,0,0,0,1,1,1,NONE,NONE,NONE,16,3,16,4,9,4,0.643,2
f0:169.269335,183.00918,189.289417778,190.60290375,179.712875,173.1987425,183.77595,220.193105556,264.29508875,284.52349875
feature:dian3,2,2,2,3,2,1,0,2,2,2,17,2,2,0,4,0,0,1,117.791,0,0,117.791,1,1,1,NONE,NONE,Accented,17,2,17,3,10,3,0.714,3
f0:275.243111429,276.18512,267.534384286,235.982691667,194.645532857,157.319787143,135.7516,128.449757143,95.3732883333,82.3079942857
feature:di1,2,2,2,1,3,1,0,2,1,1,18,2,1,0,5,1,0,1,121.3255,117.791,117.791,121.3255,1,1,4,Accented,NONE,Accented,18,1,18,2,11,2,0.786,1
f0:113.092366,160.814748333,206.738418,231.320935,240.023876,241.961048,242.414661667,243.400058,246.295768333,237.00992
feature:di1,2,2,0,1,1,0,0,3,0,0,19,3,0,0,0,1,1,0,119.86,121.3255,121.3255,0,4,1,0,Accented,Accented,0,19,0,19,1,12,1,0.857,1
f0:223.8843325,251.496885,263.94429,264.15496,264.24990125,263.985921429,264.18733125,265.47091125,265.919155,258.7429775
