feature:zheng4,2,0,2,4,0,4,0,0,1,16,0,0,1,8,0,0,0,0,0,0,0,0,1,0,1,NONE,0,NONE,0,16,0,17,1,10,0.083,4
f0:400.043,400.043,400.043,399.234534,395.2613225,389.8776475,378.890374,366.52118,351.552054,336.7036025
feature:shi4,2,2,2,4,4,3,0,0,1,15,1,0,1,7,1,0,0,0,0,0,0,0,1,1,1,NONE,NONE,NONE,1,15,1,16,2,9,0.167,4
f0:316.948208571,306.9127875,302.500194286,298.05809,287.915044286,265.843688571,252.28438875,242.86831,235.049425,205.12754
feature:biao3,2,2,2,3,4,2,0,0,1,14,2,0,1,6,2,0,0,0,0,0,0,0,1,1,1,NONE,NONE,NONE,2,14,2,15,3,8,0.25,3
f0:197.556711429,212.570872857,223.479048333,222.211398571,199.975307143,167.742035714,147.06621,138.695076667,142.267524286,154.352805714
feature:da2,2,2,2,2,3,5,0,0,1,13,3,0,1,5,3,0,0,0,0,0,0,0,1,1,1,NONE,NONE,NONE,3,13,3,14,4,7,0.333,2
f0:156.95739,159.268986,160.455041667,157.34723,151.684584,152.586156,156.463484,166.208938333,183.64601,208.529388
feature:le5,2,2,2,5,2,4,0,0,1,12,4,0,1,4,4,0,0,0,0,0,0,0,1,1,1,NONE,NONE,NONE,4,12,4,13,5,6,0.417,5
f0:231.53532,242.095525,247.63739,252.4238125,253.35271,251.07223,247.0976275,244.979266667,243.7776275,231.83165
feature:zhe4,2,2,2,4,5,4,0,0,1,11,5,0,1,3,5,0,0,0,0,0,0,0,1,1,1,NONE,NONE,NONE,5,11,5,12,6,5,0.5,4
f0:220.436593333,219.96988,223.48355,233.74376,250.7229675,267.940286667,281.538553333,292.05728,295.535816667,296.123973333
feature:yang4,2,2,2,4,4,4,0,0,1,10,6,0,1,2,6,0,0,0,0,0,0,0,1,1,1,NONE,NONE,NONE,6,10,6,11,7,4,0.583,4
f0:296.129692,295.059004,289.851874,278.19299,265.466842,254.5958,243.68367,230.205838,224.132134,225.384388
feature:yi4,2,2,2,4,4,3,0,0,1,9,7,0,1,1,7,0,0,0,0,0,0,0,1,1,1,NONE,NONE,NONE,7,9,7,10,8,3,0.667,4
f0:228.938726,231.71406,242.418385,254.083104,259.662178,259.73714,254.730156,240.653223333,217.859988,193.691534
feature:zhong3,2,2,2,3,4,1,0,0,1,8,8,0,1,0,8,0,0,1,124.444,0,0,124.444,1,1,1,NONE,NONE,Accented,8,8,8,9,9,2,0.75,3
f0:199.702732222,213.31345875,193.325615556,160.746004444,143.713254444,138.4050525,141.359023333,145.180045556,149.6661375,165.935167778
feature:zhi1,2,2,2,1,3,3,0,0,0,7,9,0,0,7,9,1,0,0,127.444,124.444,124.444,0,1,1,1,Accented,NONE,NONE,9,7,9,8,10,1,0.833,1
f0:191.541971429,216.281513333,246.747262857,277.213008333,305.763255714,322.729893333,333.510977143,340.158588333,342.446135714,328.006091667
feature:chi3,2,2,1,3,1,2,0,1,0,6,10,1,0,6,0,0,1,0,0,0,127.444,0,1,1,1,NONE,Accented,NONE,10,6,10,7,1,7,0.111,3
f0:171.145,171.145,171.145,171.145,171.145,171.145,170.040541429,157.809312857,149.096018333,128.134765714
feature:er2,1,2,2,2,3,4,0,1,0,5,11,1,0,5,1,0,0,0,0,0,0,0,1,1,1,NONE,NONE,NONE,11,5,11,6,2,6,0.222,2
f0:107.862558333,103.165132,127.849483333,147.294314,155.423356667,157.350196,161.154145,168.650262,186.696128333,207.318826
feature:hou4,2,1,2,4,2,3,0,1,0,4,12,1,0,4,2,0,0,0,0,0,0,0,1,1,1,NONE,NONE,NONE,12,4,12,5,3,5,0.333,4
f0:221.10003375,228.608938571,257.244475,293.389228571,329.53398375,367.3013575,376.178848571,359.50572625,327.253988571,277.50303625
feature:yong3,2,2,2,3,4,5,0,1,0,3,13,1,0,3,3,0,0,0,0,0,0,0,1,1,1,NONE,NONE,NONE,13,3,13,4,4,4,0.444,3
f0:232.877106667,214.41427,210.753621667,203.795955,182.304056667,158.238934,138.448083333,132.567401667,98.3632066667,65.6467866667
feature:de5,2,2,2,5,3,2,0,1,0,2,14,1,0,2,4,0,0,0,0,0,0,0,1,1,1,NONE,NONE,NONE,14,2,14,3,5,3,0.556,5
f0:67.9469366667,80.9022125,103.573973333,125.8049475,138.310913333,142.0078,144.7066825,146.5942,150.0433025,154.549916667
feature:jue2,2,2,2,2,5,3,0,1,0,1,15,1,0,1,5,0,0,0,0,0,0,0,1,1,4,NONE,NONE,NONE,15,1,15,2,6,2,0.667,2
f0:163.892385,170.495748333,175.270862857,180.682811667,184.53144,176.875096667,165.243743333,170.166795714,181.546086667,208.431308333
feature:xing3,2,2,0,3,2,0,0,1,0,0,16,1,0,0,6,0,0,0,110,0,0,0,4,1,0,NONE,NONE,0,16,0,16,1,7,1,0.778,3
f0:250.4932275,251.06986,241.490485,231.565735714,221.5764725,199.5757,154.701121429,125.59005375,100.409072857,83.6578325
