feature:sun1,2,0,2,1,0,1,0,0,4,11,0,0,4,0,0,1,0,1,138.02451,139.51199,0,138.02451,1,0,1,Accented,0,Accented,0,11,0,12,1,12,0.071,1
f0:313.595,313.595,313.595,311.971728333,299.94115,291.664953333,281.51744,275.178546667,275.110431667,272.786921667
feature:zhong1,2,2,2,1,1,1,0,0,3,10,1,0,3,0,0,1,1,1,137.04901,138.02451,138.02451,137.04901,1,1,1,Accented,Accented,Accented,1,10,1,11,2,11,0.143,1
f0:276.033708,285.4334725,286.299878,283.75457,280.481828,276.44389,274.0225675,273.555538,273.41213,272.32986
feature:san1,2,2,2,1,1,3,0,1,2,9,2,1,2,2,0,1,1,0,135.561,137.04901,137.04901,135.561,1,1,1,Accented,Accented,NONE,2,9,2,10,3,10,0.214,1
f0:271.800265556,288.646304444,293.554545556,271.941721111,266.330226667,264.62716,264.344892222,265.329607778,272.142835556,273.296004444
feature:ben3,2,2,2,3,1,5,0,2,2,8,3,2,2,1,0,0,1,0,0,135.561,135.561,0,1,1,1,NONE,Accented,NONE,3,8,3,9,4,9,0.286,3
f0:255.284342857,253.245425714,239.437825,200.587395714,167.280575714,141.270264286,123.065505714,118.51413,117.807765714,115.368534286
feature:zhe5,2,2,2,5,3,1,0,2,2,7,4,2,2,0,1,0,0,1,129.634,0,0,129.634,1,1,1,NONE,NONE,Accented,4,7,4,8,5,8,0.357,5
f0:124.79582,149.563458333,169.201938,172.205228333,169.128908333,168.256935,170.08563,173.190906,177.012686667,189.877775
feature:xing1,2,2,2,1,5,3,0,2,1,6,5,2,1,4,2,1,0,0,132.634,129.634,129.634,132.634,1,1,1,Accented,NONE,NONE,5,6,5,7,6,7,0.429,1
f0:202.4490725,218.469284286,245.9780575,273.724605714,301.4711575,325.812645714,334.94849625,342.086477143,349.14942875,339.296941429
feature:qi3,2,2,2,3,1,2,0,3,1,5,6,3,1,3,0,0,1,0,0,132.634,132.634,0,1,1,1,NONE,Accented,NONE,6,5,6,6,7,6,0.5,3
f0:325.156816667,309.482044,292.054855,274.627668,257.177471667,232.910675,199.872152,172.209615,160.800534,160.82313
feature:ge2,2,2,2,2,3,4,0,3,1,4,7,3,1,2,1,0,0,0,0,0,0,0,1,1,1,NONE,NONE,NONE,7,4,7,5,8,5,0.571,2
f0:161.040365,161.261276667,161.433701667,160.470335,157.983001667,154.722416,151.6037,152.401275,161.723708333,187.713168333
feature:ming4,2,2,2,4,2,5,0,3,1,3,8,3,1,1,2,0,0,0,0,0,0,0,1,1,1,NONE,NONE,NONE,8,3,8,4,9,4,0.643,4
f0:227.682436,264.254425,292.57987,314.133215,322.878512,321.695912,307.906743333,282.039032,249.550558333,214.050926
feature:de5,2,2,2,5,4,1,0,3,1,2,9,3,1,0,3,0,0,1,124.756,0,0,124.756,1,1,1,NONE,NONE,Accented,9,2,9,3,10,3,0.714,5
f0:193.969943333,186.937446667,179.83835,170.684046667,166.710526667,164.122156667,163.303633333,163.0052725,164.797693333,170.69454
feature:zong1,2,2,2,1,5,3,0,3,0,1,10,3,0,6,4,1,0,0,127.756,124.756,124.756,127.756,1,1,3,Accented,NONE,NONE,10,1,10,2,11,2,0.786,1
f0:190.984533333,224.195753333,257.825946667,282.262906667,287.671391429,290.689071667,297.18728,305.742688333,310.38224,304.380416667
feature:zhi3,2,2,2,3,1,4,0,4,0,0,11,4,0,5,0,0,1,0,0,127.756,127.756,0,3,1,1,NONE,Accented,NONE,11,0,11,1,12,1,0.857,3
f0:278.534692857,249.145138571,219.863225714,191.982051429,165.115917143,145.962985714,148.175464286,180.416844286,246.749808571,274.404972857
feature:zai4,2,2,2,4,3,4,0,0,1,6,0,0,1,4,1,0,0,0,0,0,0,0,1,3,1,NONE,NONE,NONE,0,6,0,7,1,7,0.111,4
f0:366.446016,366.44601,373.556511667,380.614202,377.03283,366.417348,350.445264,325.859298333,292.839386,255.45059
feature:ci4,2,2,2,4,4,3,0,0,1,5,1,0,1,3,2,0,0,0,0,0,0,0,1,1,1,NONE,NONE,NONE,1,5,1,6,2,6,0.222,4
f0:233.45232,233.444238,236.373013333,239.523506,242.323938,245.054344,246.443904,238.381163333,213.967706,194.683838
feature:di3,2,2,2,3,4,2,0,0,1,4,2,0,1,2,3,0,0,0,0,0,0,0,1,1,1,NONE,NONE,NONE,2,4,2,5,3,5,0.333,3
f0:186.294646,183.945484,175.902042,167.214794,149.896806667,126.358414,121.249318,121.273418,121.400082,124.17224
feature:da2,2,2,2,2,3,4,0,0,1,3,3,0,1,1,4,0,0,0,0,0,0,0,1,1,1,NONE,NONE,NONE,3,3,3,4,4,4,0.444,2
f0:131.902806,136.011198333,134.428102,130.983356667,131.606436,137.088258,150.346843333,159.015088,166.459156667,182.421648
feature:xia4,2,2,2,4,2,1,0,0,1,2,4,0,1,0,5,0,0,1,117.927,0,0,117.927,1,1,1,NONE,NONE,Accented,4,2,4,3,5,3,0.556,4
f0:195.95337,215.303568,239.599673333,263.89579,286.972661667,297.244144,291.357363333,274.52331,260.713363333,244.351654
feature:wei1,2,2,2,1,4,2,0,0,0,1,5,0,0,1,6,1,0,0,120.927,117.927,117.927,120.927,1,1,4,Accented,NONE,NONE,5,1,5,2,6,2,0.667,1
f0:225.6085025,212.812302,211.7609375,222.0357975,246.094004,258.000155,266.5839925,274.17444,279.505106,284.560775
feature:yi2,2,2,0,2,1,0,0,1,0,0,6,1,0,0,0,0,1,0,110,120.927,120.927,0,4,1,0,NONE,Accented,0,6,0,6,1,7,1,0.778,2
f0:285.374863636,263.715612,224.196289091,165.311581,129.204501818,127.233755,132.348859091,149.878287,189.170253636,227.036263
