feature:ta1,2,0,2,1,0,5,0,0,0,8,0,0,0,8,0,1,0,0,137.459,134.459,0,137.459,1,0,1,Accented,0,NONE,0,8,0,9,1,9,0.091,1
f0:360.27802,360.27802,360.27802,360.14764,357.357594,354.1842025,355.1949525,357.6002125,358.376285,353.28347
feature:men5,2,2,2,5,1,4,0,0,0,7,1,0,0,7,0,0,1,0,0,137.459,137.459,0,1,1,1,NONE,Accented,NONE,1,7,1,8,2,8,0.182,5
f0:345.541525714,338.733798571,323.33843375,296.747842857,272.544721429,256.828734286,247.240682857,242.96389,247.374908571,253.413217143
feature:zan4,2,2,2,4,5,2,0,0,0,6,2,0,0,6,1,0,0,0,0,0,0,0,1,1,1,NONE,NONE,NONE,2,6,2,7,3,7,0.273,4
f0:260.365596667,290.79805,343.977491429,366.01095,364.127018333,348.88126,319.221745,272.247625714,249.812461667,234.832075
feature:tong2,2,2,2,2,4,3,0,0,0,5,3,0,0,5,2,0,0,0,0,0,0,0,1,1,1,NONE,NONE,NONE,3,5,3,6,4,6,0.364,2
f0:218.93933875,219.40077,220.686481111,200.31394875,173.3573325,173.66032625,180.7591875,199.122148889,230.407655,244.110825
feature:li3,2,2,2,3,2,2,0,0,0,4,4,0,0,4,3,0,0,0,0,0,0,0,1,1,1,NONE,NONE,NONE,4,4,4,5,5,5,0.455,3
f0:243.879004,235.365086,225.668863333,214.428634,199.032952,175.42774,159.727822,162.044926667,168.6115,169.730194
feature:peng2,2,2,2,2,3,3,0,0,0,3,5,0,0,3,4,0,0,0,0,0,0,0,1,1,1,NONE,NONE,NONE,5,3,5,4,6,4,0.545,2
f0:170.856898333,172.455646667,174.058845,177.760806667,191.076978571,190.93334,192.468456667,214.237975,250.788066667,269.656575
feature:wei3,2,2,2,3,2,2,0,0,0,2,6,0,0,2,5,0,0,0,0,0,0,0,1,1,1,NONE,NONE,NONE,6,2,6,3,7,3,0.636,3
f0:274.308696,270.828108,256.560103333,236.562824,212.369426,184.016172,160.8723,148.822876667,147.136854,148.421352
feature:yuan2,2,2,2,2,3,3,0,0,0,1,7,0,0,1,6,0,0,0,0,0,0,0,1,1,3,NONE,NONE,NONE,7,1,7,2,8,2,0.727,2
f0:146.876382,143.773515,143.394502,144.4881225,148.825432,159.69065,177.4859775,204.297182,216.48597,218.550884
feature:zhang3,2,2,2,3,2,1,0,0,0,0,8,0,0,0,7,0,0,1,119.73,0,0,129.73,3,1,1,NONE,NONE,Accented,8,0,8,1,9,1,0.818,3
f0:221.366792857,232.673,232.573508333,202.885728571,167.156727143,142.514168571,97.7162942857,62.784275,61.8114185714,64.4717071429
feature:guan1,2,2,2,1,3,2,0,0,2,7,0,0,2,1,8,1,0,0,127.73,129.73,119.73,127.73,1,3,1,Accented,NONE,NONE,0,7,0,8,1,8,0.1,1
f0:329.58099,329.58099,329.58099,328.192142,316.94934,310.8461925,311.30372,315.670922,317.324524,314.90221
feature:yu2,2,2,2,2,1,1,0,0,2,6,1,0,2,0,0,0,1,1,122.568,127.73,127.73,122.568,1,1,1,NONE,Accented,Accented,1,6,1,7,2,7,0.2,2
f0:304.294425714,281.484942857,251.282261429,226.128415714,209.054801429,202.612211429,203.942188571,207.477777143,215.586427143,219.991185714
feature:jia1,2,2,2,1,2,2,0,0,1,5,2,0,1,3,1,1,0,0,125.568,122.568,122.568,125.568,1,1,1,Accented,NONE,NONE,2,5,2,6,3,6,0.3,1
f0:229.514463333,254.380067143,280.93157,308.205851429,327.590405,329.411858333,329.426295714,330.931253333,334.094325714,331.727371667
feature:qiang2,2,2,2,2,1,4,0,1,1,4,3,1,1,2,0,0,1,0,0,125.568,125.568,0,1,1,1,NONE,Accented,NONE,3,4,3,5,4,5,0.4,2
f0:310.326965556,281.780685,253.410596667,231.500715,204.843768889,181.991503333,174.323945,170.428,182.87488625,204.958827778
feature:yi4,2,2,2,4,2,4,0,1,1,3,4,1,1,1,1,0,0,0,0,0,0,0,1,1,1,NONE,NONE,NONE,4,3,4,4,5,4,0.5,4
f0:214.125412,220.424675,255.712582,278.624278333,300.585144,308.959742,307.59917,290.904676,262.076318333,239.579748
feature:hui4,2,2,2,4,4,1,0,1,1,2,5,1,1,0,2,0,0,1,118.243,0,0,118.243,1,1,1,NONE,NONE,Accented,5,2,5,3,6,3,0.6,4
f0:227.630095,233.266825714,248.977495,262.560325714,259.162791667,234.613406667,200.919395714,172.688875,163.651588571,158.275691667
feature:jiao1,2,2,2,1,4,2,0,1,0,1,6,1,0,1,3,1,0,0,121.243,118.243,118.243,121.243,1,1,4,Accented,NONE,NONE,6,1,6,2,7,2,0.7,1
f0:155.682043333,185.591312857,229.453083333,264.31822,273.66099,276.463421667,281.991927143,291.939278333,296.84113,286.207311667
feature:liu2,2,2,0,2,1,0,0,2,0,0,7,2,0,0,0,0,1,0,110,121.243,121.243,0,4,1,0,NONE,Accented,0,7,0,7,1,8,1,0.8,2
f0:239.665,217.797807143,170.81519,127.227514286,122.097084286,127.612598571,128.711397143,137.712324286,155.853015714,188.304112857
