feature:shi4,2,0,2,4,0,4,0,0,1,9,0,0,1,4,0,0,0,0,0,0,0,0,1,0,1,NONE,0,NONE,0,9,0,10,1,3,0.2,4
f0:400.468011429,400.46802,400.46802,400.46802,400.46802,398.899611429,382.423775714,354.88076125,318.257235714,302.703481429
feature:jie4,2,2,2,4,4,2,0,0,1,8,1,0,1,3,1,0,0,0,0,0,0,0,1,1,1,NONE,NONE,NONE,1,8,1,9,2,2,0.4,4
f0:301.02238,299.236996,296.702215,293.08216,284.504704,270.794832,254.87098,237.799405,223.746152,214.23687
feature:yi2,2,2,2,2,4,3,0,0,1,7,2,0,1,2,2,0,0,0,0,0,0,0,1,1,1,NONE,NONE,NONE,2,7,2,8,3,1,0.6,2
f0:202.869616,194.118546667,188.034674,181.955696,181.11957,186.643636,201.83808,219.148816,220.585198333,214.246412
feature:chan3,2,2,2,3,2,4,0,0,1,6,3,0,1,1,3,0,0,0,0,0,0,0,1,1,1,NONE,NONE,NONE,3,6,3,7,1,7,0.111,3
f0:232.61181875,233.67401,233.67401,233.422705,213.76044,172.403767143,147.76018,138.47042875,141.306365714,164.761695
feature:zai4,2,2,2,4,3,1,0,0,1,5,4,0,1,0,4,0,0,1,130.849,0,0,130.849,1,1,1,NONE,NONE,Accented,4,5,4,6,2,6,0.222,4
f0:184.475301429,202.304191667,247.716878571,300.209025,315.998614286,309.019316667,292.351122857,267.049218333,246.957104286,230.015596667
feature:zhong1,2,2,2,1,4,2,0,0,0,4,5,0,0,4,5,1,0,0,133.849,130.849,130.849,133.849,1,1,1,Accented,NONE,NONE,5,4,5,5,3,5,0.333,1
f0:216.615525,238.427886667,273.498924,305.100093333,318.201756667,323.972023333,327.406543333,330.110204,330.466155,302.541818333
feature:guo2,2,2,2,2,1,2,0,1,0,3,6,1,0,3,0,0,1,0,0,133.849,133.849,0,1,1,1,NONE,Accented,NONE,6,3,6,4,4,4,0.444,2
f0:217.760075,213.089553333,218.996665,220.964725,205.133708333,177.026126667,160.51766,164.140068333,180.632541667,195.971876667
feature:tu2,2,2,2,2,2,4,0,1,0,2,7,1,0,2,1,0,0,0,0,0,0,0,1,1,1,NONE,NONE,NONE,7,2,7,3,5,3,0.556,2
f0:200.42557,201.161552,202.50925,204.096753333,205.335876667,202.938468,189.298373333,184.880658333,187.03772,196.311196667
feature:pian4,2,2,2,4,2,3,0,1,0,1,8,1,0,1,2,0,0,0,0,0,0,0,1,1,3,NONE,NONE,NONE,8,1,8,2,6,2,0.667,4
f0:210.100128333,232.070602,255.519041667,278.46088,283.718565,273.398744,247.062351667,213.482673333,188.827588,184.2451
feature:zhan3,2,2,2,3,4,1,0,1,0,0,9,1,0,0,3,0,0,1,122.075,0,0,132.075,3,1,1,NONE,NONE,Accented,9,0,9,1,7,1,0.778,3
f0:193.4761925,198.996795714,188.47508,159.64935625,143.57114375,128.890071429,107.44284625,97.90156625,103.444465714,209.6775125
feature:san1,2,2,2,1,3,4,0,0,5,10,0,0,5,2,4,1,0,0,130.075,132.075,122.075,130.075,1,3,1,Accented,NONE,NONE,0,10,0,11,1,11,0.077,1
f0:364.148995,364.14899,364.14899,359.314616667,335.521345714,324.183121667,320.929885,321.29039,322.585988571,322.009316667
feature:ri4,2,2,2,4,1,4,0,0,5,9,1,0,5,1,0,0,1,0,0,130.075,130.075,0,1,1,1,NONE,Accented,NONE,1,9,1,10,2,10,0.154,4
f0:308.985006667,292.827401667,288.557011667,277.373603333,255.319675,233.803118,213.818473333,202.414895,195.695751667,194.406981667
feature:zai4,2,2,2,4,4,1,0,0,5,8,2,0,5,0,1,0,0,1,124.811,0,0,124.811,1,1,1,NONE,NONE,Accented,2,8,2,9,3,9,0.231,4
f0:202.9529675,240.04094375,250.979127143,229.79365375,209.6636825,198.95596,193.44142125,188.228638571,186.65458875,187.3063025
feature:bo1,2,2,2,1,4,1,0,0,4,7,3,0,4,0,2,1,0,1,128.43401,124.811,124.811,128.43401,1,1,1,Accented,NONE,Accented,3,7,3,8,4,8,0.308,1
f0:191.385071667,202.647761429,231.556503333,264.055732857,288.957701667,295.691211667,298.615024286,301.459035,303.986945714,303.663965
feature:hei1,2,2,2,1,1,3,0,1,3,6,4,1,3,1,0,1,1,0,127.057,128.43401,128.43401,127.057,1,1,1,Accented,Accented,NONE,4,6,4,7,5,7,0.385,1
f0:294.843086,292.096698,291.937156,291.828972,301.119506,315.8771,318.800702,318.52183,317.745356,317.062714
feature:shou3,2,2,2,3,1,1,0,2,3,5,5,2,3,0,0,0,1,1,122.547,127.057,127.057,122.547,1,1,1,NONE,Accented,Accented,5,5,5,6,6,6,0.462,3
f0:308.767884286,291.321912857,276.45218,261.591478571,241.342801429,201.28603,154.831762857,128.671022857,121.698717143,123.594342857
feature:du1,2,2,2,1,3,4,0,2,2,4,6,2,2,1,1,1,0,0,125.547,122.547,122.547,125.547,1,1,1,Accented,NONE,NONE,6,4,6,5,7,5,0.538,1
f0:145.908221429,173.640948333,201.359752857,222.157565714,228.266954286,228.582721667,228.873364286,234.436932857,244.478378333,251.64162
feature:sa4,2,2,2,4,1,1,0,3,2,3,7,3,2,0,0,0,1,1,121.038,125.547,125.547,121.038,1,1,1,NONE,Accented,Accented,7,3,7,4,8,4,0.615,4
f0:254.733428571,261.60728,272.635697143,283.823545,295.056874286,306.870035714,304.415095,285.968955714,268.461725,255.314165714
feature:la1,2,2,2,1,4,4,0,3,1,2,8,3,1,1,1,1,0,0,124.038,121.038,121.038,124.038,1,1,1,Accented,NONE,NONE,8,2,8,3,9,3,0.692,1
f0:256.687312,268.760088,279.8424225,282.780276,285.689608,288.848242,290.562904,292.36723,297.523346,300.74472
feature:re4,2,2,2,4,1,1,0,4,1,1,9,4,1,0,0,0,1,1,119.528,124.038,124.038,119.528,1,1,3,NONE,Accented,Accented,9,1,9,2,10,2,0.769,4
f0:297.39923,286.4037525,284.579888,285.8940875,286.333588,280.7850725,264.290314,240.0682375,217.790916,202.3142075
feature:wo1,2,2,2,1,4,1,0,4,0,0,10,4,0,0,1,1,0,1,122.528,119.528,119.528,123.774,3,1,1,Accented,NONE,Accented,10,0,10,1,11,1,0.846,1
f0:190.256046667,194.23579875,213.464825556,236.552106667,268.905462222,287.45118375,291.559978889,291.165287778,291.3700375,207.485871111
feature:la1,2,2,2,1,1,1,0,0,1,3,0,0,1,0,0,1,1,1,122.3965,123.774,122.528,122.3965,1,3,1,Accented,Accented,Accented,0,3,0,4,1,4,0.167,1
f0:277.63101,254.203365,229.04319,228.642274,227.425873333,226.22065,226.316974,226.479182,228.038756667,228.81964
feature:kai1,2,2,2,1,1,4,0,0,0,2,1,0,0,2,0,1,1,0,121.019,122.3965,122.3965,121.019,1,1,1,Accented,Accented,NONE,1,2,1,3,2,3,0.333,1
f0:208.146602,185.442183333,186.303172,198.201261667,214.157428,227.892304,234.371063333,231.544616,228.863696667,230.902872
feature:xu4,2,2,2,4,1,4,0,1,0,1,2,1,0,1,0,0,1,0,0,121.019,121.019,0,1,1,4,NONE,Accented,NONE,2,1,2,2,3,2,0.5,4
f0:230.719321667,229.764815,230.770206667,233.56486,236.810261429,239.703261667,233.95355,201.580065,163.222091667,148.730066667
feature:mu4,2,2,0,4,4,0,0,1,0,0,3,1,0,0,1,0,0,0,110,0,0,0,4,1,0,NONE,NONE,0,3,0,3,1,4,1,0.667,4
f0:148.105821667,151.970418333,157.346252,162.902668333,168.110885,167.853276667,160.650316667,140.309926,104.524756667,89.9371333333
