feature:jing4,2,0,2,4,0,2,0,0,0,13,0,0,0,13,0,0,0,0,0,0,0,0,1,0,1,NONE,0,NONE,0,13,0,14,1,14,0.063,4
f0:343.04901,343.04901,341.460754444,331.1582425,317.0683625,297.31799875,283.16178125,276.395387778,275.23697625,262.2616825
feature:tong2,2,2,2,2,4,2,0,0,0,12,1,0,0,12,1,0,0,0,0,0,0,0,1,1,1,NONE,NONE,NONE,1,12,1,13,2,13,0.125,2
f0:237.357784286,237.11917,237.115208571,237.11202,237.022714286,226.609448571,220.130806667,231.301445714,261.616938333,300.598692857
feature:shi2,2,2,2,2,2,4,0,0,0,11,2,0,0,11,2,0,0,0,0,0,0,0,1,1,1,NONE,NONE,NONE,2,11,2,12,3,12,0.188,2
f0:314.875828333,308.793116667,294.953846667,279.195341667,263.436845,249.2542,236.220325,225.650523333,222.000725,232.498015
feature:huan4,2,2,2,4,2,4,0,0,0,10,3,0,0,10,3,0,0,0,0,0,0,0,1,1,1,NONE,NONE,NONE,3,10,3,11,4,11,0.25,4
f0:249.872106667,267.298143333,289.3381,311.346305,325.65698,324.893078,313.875565,296.49699,273.51293,254.781408333
feature:shang4,2,2,2,4,4,5,0,0,0,9,4,0,0,9,4,0,0,0,0,0,0,0,1,1,1,NONE,NONE,NONE,4,9,4,10,5,10,0.313,4
f0:245.71319125,238.581414286,243.2814675,250.5624,253.09014625,235.769055,217.242377143,203.73691125,195.475754286,190.57771125
feature:le5,2,2,2,5,4,3,0,0,0,8,5,0,0,8,5,0,0,0,0,0,0,0,1,1,1,NONE,NONE,NONE,5,8,5,9,6,9,0.375,5
f0:186.6388575,183.7796675,180.314476,178.5601075,177.208965,175.551775,175.215585,175.228,175.34856,176.7781925
feature:dan3,2,2,2,3,5,2,0,0,0,7,6,0,0,7,6,0,0,0,0,0,0,0,1,1,1,NONE,NONE,NONE,6,7,6,8,7,8,0.438,3
f0:189.375051667,200.527663333,201.080386667,201.521398333,201.176468333,187.426171667,164.758148333,146.317566667,138.523626667,138.912488333
feature:nang2,2,2,2,2,3,2,0,0,0,6,7,0,0,6,7,0,0,0,0,0,0,0,1,1,1,NONE,NONE,NONE,7,6,7,7,8,7,0.5,2
f0:142.345682857,145.035172857,145.844927143,143.557262857,136.275451429,133.501754286,138.16524,155.013491429,196.052885714,238.404694286
feature:yan2,2,2,2,2,2,4,0,0,0,5,8,0,0,5,8,0,0,0,0,0,0,0,1,1,1,NONE,NONE,NONE,8,5,8,6,9,6,0.563,2
f0:258.723793,249.045138,221.829888,185.064018,153.456931,137.971649,135.504238,140.209863,152.81908,131.423597
feature:wei4,2,2,2,4,2,2,0,0,0,4,9,0,0,4,9,0,0,0,0,0,0,0,1,1,1,NONE,NONE,NONE,9,4,9,5,10,5,0.625,4
f0:79.7665366667,108.617172,216.292408333,252.027754,295.384985,338.661568,352.903706667,349.375824,334.220016667,312.22766
feature:yan2,2,2,2,2,4,2,0,0,0,3,10,0,0,3,10,0,0,0,0,0,0,0,1,1,1,NONE,NONE,NONE,10,3,10,4,11,4,0.688,2
f0:271.005975556,219.687666667,188.82353125,180.301527778,162.888606667,149.301206667,145.018325556,147.7573075,164.073554444,192.566445556
feature:he2,2,2,2,2,2,4,0,0,0,2,11,0,0,2,11,0,0,0,0,0,0,0,1,1,1,NONE,NONE,NONE,11,2,11,3,12,3,0.75,2
f0:208.823626667,209.153226,208.617193333,207.867761667,207.090246667,206.390496,205.504328333,195.913751667,184.89023,188.78019
feature:shen4,2,2,2,4,2,2,0,0,0,1,12,0,0,1,12,0,0,0,0,0,0,0,1,1,4,NONE,NONE,NONE,12,1,12,2,13,2,0.813,4
f0:198.312798333,215.661857143,244.196818333,270.524093333,299.484091429,328.37682,345.764906667,344.606078333,326.738181429,292.839695
feature:yan2,2,2,0,2,4,0,0,0,0,0,13,0,0,0,13,0,0,0,110,0,0,0,4,1,0,NONE,NONE,0,13,0,13,1,14,1,0.875,2
f0:239.254516,179.323897,144.978346364,139.902764,132.538964,125.775329,126.831702,130.908834545,137.384392,143.979756
