feature:bu4,2,0,2,4,0,2,0,0,1,11,0,0,1,6,0,0,0,0,0,130,0,0,1,0,1,NONE,0,NONE,0,11,0,12,1,12,0.071,4
f0:396.1499975,396.15002,394.9821225,387.69288,382.717485,378.2794775,365.93785,347.795425,324.55529,306.440905
feature:jin2,2,2,2,2,4,2,0,0,1,10,1,0,1,5,1,0,0,0,0,0,0,0,1,1,1,NONE,NONE,NONE,1,10,1,11,2,11,0.143,2
f0:288.5418,263.8558775,239.062255,216.86105,194.2909725,184.543547143,191.59631625,219.39965,246.7942625,258.34639
feature:yi2,2,2,2,2,2,3,0,0,1,9,2,0,1,4,2,0,0,0,0,0,0,0,1,1,1,NONE,NONE,NONE,2,9,2,10,3,10,0.214,2
f0:242.48202875,234.61081,214.897798889,194.96353375,189.21579125,191.573315,200.4036275,219.119978889,237.20087375,207.62793
feature:you3,2,2,2,3,2,4,0,0,1,8,3,0,1,3,3,0,0,0,0,0,0,0,1,1,1,NONE,NONE,NONE,3,8,3,9,4,9,0.286,3
f0:191.983593333,222.880667143,224.953988333,221.72335,204.204898571,183.499388333,166.655736667,153.416181667,147.488464286,163.945911667
feature:kua4,2,2,2,4,3,4,0,0,1,7,4,0,1,2,4,0,0,0,0,0,0,0,1,1,1,NONE,NONE,NONE,4,7,4,8,5,8,0.357,4
f0:198.44011,228.721654286,259.1674525,289.613237143,318.4793775,335.2919575,327.84886,299.38895,258.56142,220.607745
feature:du4,2,2,2,4,4,3,0,0,1,6,5,0,1,1,5,0,0,0,0,0,0,0,1,1,1,NONE,NONE,NONE,5,6,5,7,6,7,0.429,4
f0:210.336265714,227.42936125,237.172345714,230.81144375,208.949341429,185.284181429,162.7704675,236.017028571,386.96629125,302.367602857
feature:you3,2,2,2,3,4,1,0,0,1,5,6,0,1,0,6,0,0,1,123.88901,0,0,123.88901,1,1,1,NONE,NONE,Accented,6,5,6,6,7,6,0.5,3
f0:83.0806783333,134.621218333,189.67654,191.564836667,186.06606,175.136128333,160.649753333,151.237306,146.532715,148.96654
feature:shen1,2,2,2,1,3,4,0,0,0,4,7,0,0,4,7,1,0,0,126.889,123.88901,123.88901,126.889,1,1,1,Accented,NONE,NONE,7,4,7,5,8,5,0.571,1
f0:162.522047143,187.96547375,214.898795714,241.8321075,271.723755714,300.4675,309.3493025,312.023528571,319.515305,326.961015714
feature:du4,2,2,2,4,1,5,0,1,0,3,8,1,0,3,0,0,1,0,0,126.889,126.889,0,1,1,1,NONE,Accented,NONE,8,3,8,4,9,4,0.643,4
f0:336.522942,352.20172,360.026815,359.63468,349.702816,329.830536,307.677728,286.6739125,269.332268,237.49161
feature:de5,2,2,2,5,4,4,0,1,0,2,9,1,0,2,1,0,0,0,0,0,0,0,1,1,1,NONE,NONE,NONE,9,2,9,3,10,3,0.714,5
f0:211.5435525,210.117855,205.0786075,193.1568725,180.1784825,175.69459,174.757965,175.7485,177.3461875,183.6351075
feature:nei4,2,2,2,4,5,4,0,1,0,1,10,1,0,1,2,0,0,0,0,0,0,0,1,1,4,NONE,NONE,NONE,10,1,10,2,11,2,0.786,4
f0:205.155764,225.65885,246.370215,265.429924,286.33029,300.474528,300.529032,290.056145,270.92088,248.914594
feature:yun4,2,2,0,4,4,0,0,1,0,0,11,1,0,0,3,0,0,0,110,0,0,0,4,1,0,NONE,NONE,0,11,0,11,1,12,1,0.857,4
f0:213.420396,186.526146,198.995964444,244.296696,270.124716,243.147022,181.842306,132.141151111,107.262835,138.27958
