feature:ban3,2,0,2,3,0,2,0,0,2,10,0,0,2,1,0,0,0,0,0,130,0,0,1,0,1,NONE,0,NONE,0,10,0,11,1,11,0.077,3
f0:231.53101,231.53101,229.786605714,210.281503333,190.173785,175.404345,167.036683333,162.293577143,165.321031667,173.47836
feature:chuang2,2,2,2,2,3,1,0,0,2,9,1,0,2,0,1,0,0,1,131,0,0,131,1,1,1,NONE,NONE,Accented,1,9,1,10,2,10,0.154,2
f0:187.828047273,203.85383,218.01647,203.681371818,182.581254545,184.343392727,192.349665455,200.879823636,232.271823636,258.885257273
feature:zhuo1,2,2,2,1,2,3,0,0,1,8,2,0,1,3,2,1,0,0,134,131,131,134,1,1,1,Accented,NONE,NONE,2,8,2,9,3,9,0.231,1
f0:240.52084,252.093635714,291.450296667,327.919125714,340.02501,343.222448333,345.251702857,348.221101667,353.716981429,352.908138333
feature:yi3,2,2,2,3,1,2,0,1,1,7,3,1,1,2,0,0,1,0,0,134,134,0,1,1,1,NONE,Accented,NONE,3,7,3,8,4,8,0.308,3
f0:330.94004875,306.46723875,285.13879,254.4714975,217.5379375,192.571184286,174.51959375,159.14610875,153.30609375,152.97918375
feature:mian2,2,2,2,2,3,4,0,1,1,6,4,1,1,1,1,0,0,0,0,0,0,0,1,1,1,NONE,NONE,NONE,4,6,4,7,5,7,0.385,2
f0:157.854005,165.96742375,171.053147778,171.35482,165.6,155.1678825,149.87009875,168.459197778,207.12194625,230.92432875
feature:bei4,2,2,2,4,2,1,0,1,1,5,5,1,1,0,2,0,0,1,124.60001,0,0,124.60001,1,1,1,NONE,NONE,Accented,5,5,5,6,6,6,0.462,4
f0:257.13358625,316.669498571,315.88760625,294.806294286,256.66251625,204.20311875,164.234061429,125.27794125,106.299015714,126.0432375
feature:dou1,2,2,2,1,4,4,0,1,0,4,6,1,0,4,3,1,0,0,127.6,124.60001,124.60001,127.6,1,1,1,Accented,NONE,NONE,6,4,6,5,7,5,0.538,1
f0:166.576396667,203.110646667,239.64492,276.128646667,303.412886667,312.018041667,316.773091667,322.314316667,331.327896667,332.880051667
feature:shi4,2,2,2,4,1,4,0,2,0,3,7,2,0,3,0,0,1,0,0,127.6,127.6,0,1,1,1,NONE,Accented,NONE,7,3,7,4,8,4,0.615,4
f0:327.412201667,320.114013333,308.705338571,296.862505,286.096308333,274.69681,254.731128333,215.140144286,181.57049,172.872683333
feature:po4,2,2,2,4,4,4,0,2,0,2,8,2,0,2,1,0,0,0,0,0,0,0,1,1,1,NONE,NONE,NONE,8,2,8,3,9,3,0.692,4
f0:179.0124375,201.986655714,227.1962775,252.405921429,277.61555875,304.61342,315.186795714,283.10268,229.989171429,179.9632475
feature:jiu4,2,2,2,4,4,5,0,2,0,1,9,2,0,1,2,0,0,0,0,0,0,0,1,1,4,NONE,NONE,NONE,9,1,9,2,10,2,0.769,4
f0:166.167221667,172.31194,181.349301667,188.857567143,188.681053333,174.658461667,150.451288571,130.708558333,117.2758,112.258996667
feature:de5,2,2,0,5,4,0,0,2,0,0,10,2,0,0,3,0,0,0,110,0,0,0,4,1,0,NONE,NONE,0,10,0,10,1,11,1,0.846,5
f0:121.654022,127.249145,127.125884,125.8929425,124.465988,114.736398,91.9906375,82.502728,81.8101825,81.807602
