feature:ta1,2,0,2,1,0,4,0,0,4,11,0,0,4,4,0,1,0,0,137.259,134.259,0,137.259,1,0,1,Accented,0,NONE,0,11,0,12,1,12,0.071,1
f0:387.245,387.245,387.245,384.161894,370.303796,364.904605,366.001452,368.0492,367.6454475,360.819146
feature:shuai4,2,2,2,4,1,3,0,0,4,10,1,0,4,3,0,0,1,0,0,137.259,137.259,0,1,1,1,NONE,Accented,NONE,1,10,1,11,2,11,0.143,4
f0:357.117796667,362.0083,369.209985,375.755558571,376.91194,369.336086667,350.323442857,325.974111667,296.486928571,259.293398333
feature:ling3,2,2,2,3,4,5,0,0,4,9,2,0,4,2,1,0,0,0,0,0,0,0,1,1,1,NONE,NONE,NONE,2,9,2,10,3,10,0.214,3
f0:232.771881667,217.66184,209.458071667,198.273608,184.101121667,168.38162,153.960348333,146.035248,136.794946667,130.639636
feature:de5,2,2,2,5,3,3,0,0,4,8,3,0,4,1,2,0,0,0,0,0,0,0,1,1,1,NONE,NONE,NONE,3,8,3,9,4,9,0.286,5
f0:130.277622,154.791542,174.86621,179.201892,181.701324,184.981802,189.98708,196.0608775,200.541466,198.354396
feature:zong3,2,2,2,3,5,1,0,0,4,7,4,0,4,0,3,0,0,1,126.85201,0,0,126.85201,1,1,1,NONE,NONE,Accented,4,7,4,8,5,8,0.357,3
f0:195.271624286,207.1874075,223.532807143,230.016818571,215.52992625,192.36555625,166.815122857,146.61251,142.50733,154.805738571
feature:zhuang1,2,2,2,1,3,1,0,0,3,6,5,0,3,0,4,1,0,1,130.11099,126.85201,126.85201,130.11099,1,1,1,Accented,NONE,Accented,5,6,5,7,6,7,0.429,1
f0:184.084967143,223.019006667,261.240557143,283.150723333,286.47618,289.969617143,290.655623333,289.83027,288.301298333,286.941594286
feature:ban1,2,2,2,1,1,1,0,1,2,5,6,1,2,0,0,1,1,1,128.6295,130.11099,130.11099,128.6295,1,1,1,Accented,Accented,Accented,6,5,6,6,7,6,0.5,1
f0:283.68435,292.721465714,293.91864375,289.610385,289.80349875,293.330121429,293.43914,293.1020425,293.172141429,291.80137375
feature:zhuang1,2,2,2,1,1,4,0,2,1,4,7,2,1,3,0,1,1,0,126.889,128.6295,128.6295,126.889,1,1,1,Accented,Accented,NONE,7,4,7,5,8,5,0.571,1
f0:302.037197143,318.818105,332.833597143,332.275126667,323.722142857,316.070042857,314.179643333,315.729561429,319.953755,320.06276
feature:pei4,2,2,2,4,1,3,0,3,1,3,8,3,1,2,0,0,1,0,0,126.889,126.889,0,1,1,1,NONE,Accented,NONE,8,3,8,4,9,4,0.643,4
f0:316.13596,310.382942857,303.043458333,297.407487143,291.62983,255.42843,212.930575714,188.598941667,167.856324286,169.94952
feature:zheng3,2,2,2,3,4,4,0,3,1,2,9,3,1,1,1,0,0,0,0,0,0,0,1,1,1,NONE,NONE,NONE,9,2,9,3,10,3,0.714,3
f0:193.266208333,200.7517,201.11398,200.50026,186.51826,165.504061667,145.722915,136.535462,131.362146667,111.502415
feature:liang4,2,2,2,4,3,1,0,3,1,1,10,3,1,0,2,0,0,1,117.963,0,0,117.963,1,1,4,NONE,NONE,Accented,10,1,10,2,11,2,0.786,4
f0:95.3528257143,140.72735,218.443122857,254.499475714,257.327108571,242.515053333,216.420171429,183.080928571,165.519213333,172.08379
feature:che1,2,2,0,1,4,0,0,3,0,0,11,3,0,0,3,1,0,0,120.963,117.963,117.963,0,4,1,0,Accented,NONE,0,11,0,11,1,12,1,0.857,1
f0:190.31699,205.9720075,221.712007778,239.70443375,253.435137778,249.144913333,248.863755,248.644871111,247.70831875,252.923856667
