feature:ou1,1,0,2,1,0,2,0,0,2,10,0,0,2,1,0,1,0,0,139.5,139.5,0,139.5,1,0,1,Accented,0,NONE,0,10,0,11,1,11,0.077,1
f0:328.2845175,335.804055,341.248776667,345.251565,348.819565,353.1327725,355.928435,356.280853333,355.0579125,343.087135
feature:meng2,2,1,2,2,1,1,0,0,2,9,1,0,2,0,0,0,1,1,133,139.5,139.5,133,1,1,1,NONE,Accented,Accented,1,9,1,10,2,10,0.154,2
f0:318.043765556,279.960496667,238.99369625,197.621351111,184.784851111,183.603584444,185.342366667,196.4761775,215.189147778,240.26011
feature:dou1,2,2,2,1,2,3,0,0,1,8,2,0,1,2,1,1,0,0,136,133,133,136,1,1,1,Accented,NONE,NONE,2,8,2,9,3,9,0.231,1
f0:253.779752,281.358812,313.561156,320.584856,321.15894,323.4003975,326.070042,329.23852,329.12768,319.790142
feature:yi3,2,2,2,3,1,2,0,1,1,7,3,1,1,1,0,0,1,0,0,136,136,0,1,1,1,NONE,Accented,NONE,3,7,3,8,4,8,0.308,3
f0:290.586198571,271.02453,255.72638,223.966966667,194.66399,172.931585,155.733675714,151.99862,161.069157143,169.501408333
feature:shi2,2,2,2,2,3,1,0,1,1,6,4,1,1,0,1,0,0,1,130,0,0,130,1,1,1,NONE,NONE,Accented,4,6,4,7,5,7,0.385,2
f0:174.463991667,177.609608333,180.429052,183.248498333,186.38121,189.513925,193.132985,200.405696,210.238098333,215.329891667
feature:fen1,2,2,2,1,2,2,0,1,0,5,5,1,0,5,2,1,0,0,133,130,130,133,1,1,1,Accented,NONE,NONE,5,5,5,6,6,6,0.462,1
f0:220.6772775,226.93205,247.079256,269.79557,289.147345,303.3047025,306.223235,306.060608,305.79476,306.7095475
feature:huo2,2,2,2,2,1,4,0,2,0,4,6,2,0,4,0,0,1,0,0,133,133,0,1,1,1,NONE,Accented,NONE,6,4,6,5,7,5,0.538,2
f0:312.051032222,318.31108625,312.617093333,308.28115875,304.052435556,292.59824375,228.212578889,189.18130375,177.916242222,196.15802625
feature:yue4,2,2,2,4,2,5,0,2,0,3,7,2,0,3,1,0,0,0,0,0,0,0,1,1,1,NONE,NONE,NONE,7,3,7,4,8,4,0.615,4
f0:225.865906667,235.459244,260.114465,295.04044,327.619796667,339.32705,337.142613333,318.422955,291.020722,252.295486667
feature:de5,2,2,2,5,4,2,0,2,0,2,8,2,0,2,2,0,0,0,0,0,0,0,1,1,1,NONE,NONE,NONE,8,2,8,3,9,3,0.692,5
f0:211.8584,203.63292,200.230215,195.109133333,180.9692625,169.77736,163.0321875,159.206746667,157.9639,157.772506667
feature:jue2,2,2,2,2,5,4,0,2,0,1,9,2,0,1,3,0,0,0,0,0,0,0,1,1,3,NONE,NONE,NONE,9,1,9,2,10,2,0.769,2
f0:161.113613333,165.484786667,167.08788,168.60637,167.284481429,153.536931667,145.774383333,145.687163333,152.89818,164.50297
feature:se4,2,2,2,4,2,1,0,2,0,0,10,2,0,0,4,0,0,1,119,0,0,129,3,1,1,NONE,NONE,Accented,10,0,10,1,11,1,0.846,4
f0:185.6597725,212.2806125,236.466512222,230.10803625,195.56694125,156.87406,76.87967625,70.7693855556,95.82798,170.9131675
feature:chu1,2,2,2,1,4,4,0,0,1,7,0,0,1,6,5,1,0,0,127,129,119,127,1,3,1,Accented,NONE,NONE,0,7,0,8,1,8,0.1,1
f0:273.944006,273.944,273.944,273.944,273.944,273.9359,272.766858,270.78366,268.869224,264.21121
feature:xian4,2,2,2,4,1,4,0,0,1,6,1,0,1,5,0,0,1,0,0,127,127,0,1,1,1,NONE,Accented,NONE,1,6,1,7,2,7,0.2,4
f0:265.86682,277.142105,288.623668,295.418853333,281.510298333,243.292636667,211.210838333,190.266352,183.767125,184.836196667
feature:zai4,2,2,2,4,4,4,0,0,1,5,2,0,1,4,1,0,0,0,0,0,0,0,1,1,1,NONE,NONE,NONE,2,5,2,6,3,6,0.3,4
f0:192.219178571,204.266428571,198.23479,184.327738571,167.780104286,161.772096667,162.817962857,166.336738571,169.251984286,172.187217143
feature:ge4,2,2,2,4,4,4,0,0,1,4,3,0,1,3,2,0,0,0,0,0,0,0,1,1,1,NONE,NONE,NONE,3,4,3,5,4,5,0.4,4
f0:208.618021429,246.234638333,276.508635714,309.534824286,336.431914286,341.356735,329.38423,292.905518571,251.256633333,213.101208571
feature:ge4,2,2,2,4,4,4,0,0,1,3,4,0,1,2,3,0,0,0,0,0,0,0,1,1,1,NONE,NONE,NONE,4,3,4,4,5,4,0.5,4
f0:200.935311667,210.397863333,217.805083333,211.45959,197.116141667,188.241138,181.419161667,177.606173333,178.670578333,187.620771667
feature:re4,2,2,2,4,4,3,0,0,1,2,5,0,1,1,4,0,0,0,0,0,0,0,1,1,1,NONE,NONE,NONE,5,2,5,3,6,3,0.6,4
f0:197.999323333,213.08817,250.884586667,291.00462,321.654865,326.257338333,316.268858,287.416726667,255.174062,224.839813333
feature:dian3,2,2,2,3,4,1,0,0,1,1,6,0,1,0,5,0,0,1,117,0,0,117,1,1,4,NONE,NONE,Accented,6,1,6,2,7,2,0.7,3
f0:202.9397,197.464966667,190.117718,183.552464,169.596931667,156.6506,141.082736,116.14053,90.3248733333,74.831636
feature:zhong1,2,2,0,1,3,0,0,0,0,0,7,0,0,0,6,1,0,0,120,117,117,0,4,1,0,Accented,NONE,0,7,0,7,1,8,1,0.8,1
f0:69.8335688889,98.924522,163.54543,223.499675556,233.126126,232.605222222,238.863331111,243.60672,249.47542,254.824736667
