feature:tai2,2,0,2,2,0,1,0,0,2,14,0,0,2,0,0,0,0,1,133.18201,0,0,133.18201,1,0,1,NONE,0,Accented,0,14,0,15,1,15,0.059,2
f0:245.634012,245.63402,245.63402,245.63402,244.396866,234.122586,221.49841,220.91591,232.00842,255.502438
feature:wan1,2,2,2,1,2,4,0,0,1,13,1,0,1,1,1,1,0,0,136.18201,133.18201,133.18201,136.18201,1,1,1,Accented,NONE,NONE,1,13,1,14,2,14,0.118,1
f0:272.122676,293.718876667,328.394624,340.035132,343.920461667,344.003624,342.54809,344.012982,346.90534,342.525014
feature:di4,2,2,2,4,1,1,0,1,1,12,2,1,1,0,0,0,1,1,130.758,136.18201,136.18201,130.758,1,1,1,NONE,Accented,Accented,2,12,2,13,3,13,0.176,4
f0:339.8738125,341.551604,341.028075,330.4314575,307.758684,282.0490875,260.9465925,243.612485,222.101752,206.5063825
feature:qu1,2,2,2,1,4,3,0,1,0,11,3,1,0,11,1,1,0,0,133.758,130.758,130.758,133.758,1,1,1,Accented,NONE,NONE,3,11,3,12,4,12,0.235,1
f0:206.792067143,219.3118525,236.822827143,254.36191875,271.31886,276.154981429,275.10308875,276.069491429,276.54855,271.462467143
feature:ju3,2,2,2,3,1,2,0,2,0,10,4,2,0,10,0,0,1,0,0,133.758,133.758,0,1,1,1,NONE,Accented,NONE,4,10,4,11,5,11,0.294,3
f0:265.194164,262.175322,259.57199,256.968658,253.829492,237.841108,209.544042,189.01159,173.235868,165.114824
feature:xing2,2,2,2,2,3,5,0,2,0,9,5,2,0,9,1,0,0,0,0,0,0,0,1,1,1,NONE,NONE,NONE,5,9,5,10,6,10,0.353,2
f0:161.315905,165.347675,173.729605,181.803728333,183.996886667,175.658473333,170.122466667,176.847616667,191.858756667,204.986611667
feature:le5,2,2,2,5,2,4,0,2,0,8,6,2,0,8,2,0,0,0,0,0,0,0,1,1,1,NONE,NONE,NONE,6,8,6,9,7,9,0.412,5
f0:214.529778333,216.987184,215.273188333,208.732966667,201.70835,196.243098,193.26768,192.473498333,192.3841,195.674766667
feature:li4,2,2,2,4,5,3,0,2,0,7,7,2,0,7,3,0,0,0,0,0,0,0,1,1,1,NONE,NONE,NONE,7,7,7,8,8,8,0.471,4
f0:213.83101,234.525508,255.682371667,301.775188333,326.720275,333.005086,332.862235,316.897991667,289.842162,261.688506667
feature:wei3,2,2,2,3,4,2,0,2,0,6,8,2,0,6,4,0,0,0,0,0,0,0,1,1,1,NONE,NONE,NONE,8,6,8,7,9,7,0.529,3
f0:225.9804275,181.85457375,174.66749,167.100355,146.29620125,131.72920875,124.8977325,122.872308889,132.55299375,153.97890375
feature:he2,2,2,2,2,3,4,0,2,0,5,9,2,0,5,5,0,0,0,0,0,0,0,1,1,1,NONE,NONE,NONE,9,5,9,6,10,6,0.588,2
f0:184.27275625,186.09566125,186.836428571,187.483405,187.1974975,188.62800625,184.78950125,180.208411429,187.90663,210.94364
feature:xian4,2,2,2,4,2,4,0,2,0,4,10,2,0,4,6,0,0,0,0,0,0,0,1,1,1,NONE,NONE,NONE,10,4,10,5,11,5,0.647,4
f0:226.826468571,247.994192857,279.3193025,310.669241429,339.439974286,357.898068571,360.022891429,342.2757025,298.315067143,257.394505714
feature:shi4,2,2,2,4,4,2,0,2,0,3,11,2,0,3,7,0,0,0,0,0,0,0,1,1,1,NONE,NONE,NONE,11,3,11,4,12,4,0.706,4
f0:246.541973333,244.98261,248.188298333,257.333921667,266.989115,276.483381667,281.215976667,269.603465,236.626463333,204.147445
feature:zhang2,2,2,2,2,4,2,0,2,0,2,12,2,0,2,8,0,0,0,0,0,0,0,1,1,1,NONE,NONE,NONE,12,2,12,3,13,3,0.765,2
f0:204.824642,209.174312,194.47718,168.81345,154.20513,132.898472,113.014222,105.709442,115.051338,151.485984
feature:xuan2,2,2,2,2,2,3,0,2,0,1,13,2,0,1,9,0,0,0,0,0,0,0,1,1,4,NONE,NONE,NONE,13,1,13,2,14,2,0.824,2
f0:172.866421429,175.68649875,176.45393,177.162337143,177.56775,173.64366875,171.391441429,191.510382857,229.32646875,242.508395714
feature:ju3,2,2,0,3,2,0,0,2,0,0,14,2,0,0,10,0,0,0,110,0,0,0,4,1,0,NONE,NONE,0,14,0,14,1,15,1,0.882,3
f0:222.403674286,225.328508333,228.870801429,194.618774286,166.388417143,138.816876667,102.633428571,109.027417143,194.76927,233.04672
