feature:er4,1,0,2,4,0,2,0,0,0,11,0,0,0,11,0,0,0,0,0,130,0,0,1,0,1,NONE,0,NONE,0,11,0,12,1,12,0.071,4
f0:343.63436,352.83069,362.103082,365.113722,361.162628,348.41047,327.118944,297.463152,272.3320225,252.790498
feature:shen2,2,1,2,2,4,3,0,0,0,10,1,0,0,10,1,0,0,0,0,0,0,0,1,1,1,NONE,NONE,NONE,1,10,1,11,2,11,0.143,2
f0:230.74724,220.462447143,212.39305625,203.70294875,188.494685,174.800497143,172.91224875,182.40274875,203.728802857,225.7853925
feature:gai3,2,2,2,3,2,4,0,0,0,9,2,0,0,9,2,0,0,0,0,0,0,0,1,1,1,NONE,NONE,NONE,2,9,2,10,3,10,0.214,3
f0:230.668718,235.188448,239.246854,229.512626,194.353016,164.1922675,151.337528,151.2765,155.805234,157.279072
feature:pan4,2,2,2,4,3,2,0,0,0,8,3,0,0,8,3,0,0,0,0,0,0,0,1,1,1,NONE,NONE,NONE,3,8,3,9,4,9,0.286,4
f0:161.119338333,172.684363333,187.56898,202.468448333,218.842538571,231.119456667,230.121226667,213.86144,197.639201667,185.636376667
feature:yang2,2,2,2,2,4,2,0,0,0,7,4,0,0,7,4,0,0,0,0,0,0,0,1,1,1,NONE,NONE,NONE,4,7,4,8,5,8,0.357,2
f0:180.063397143,182.915833333,189.43396,189.974353333,180.184802857,175.870216667,181.698357143,204.115495,247.446847143,280.230763333
feature:yong2,2,2,2,2,2,2,0,0,0,6,5,0,0,6,5,0,0,0,0,0,0,0,1,1,1,NONE,NONE,NONE,5,6,5,7,6,7,0.429,2
f0:289.862977143,288.130091667,279.971331429,255.67846,220.332171429,178.261385714,152.302238333,141.580814286,143.19003,151.520734286
feature:si2,2,2,2,2,2,3,0,0,0,5,6,0,0,5,6,0,0,0,0,0,0,0,1,1,1,NONE,NONE,NONE,6,5,6,6,7,6,0.5,2
f0:169.784576667,175.663213333,179.939004286,184.214796667,188.101875,191.988966667,195.824413333,202.931262857,232.193908333,267.996588333
feature:huan3,2,2,2,3,2,4,0,0,0,4,7,0,0,4,7,0,0,0,0,0,0,0,1,1,1,NONE,NONE,NONE,7,4,7,5,8,5,0.571,3
f0:287.50197625,285.90020125,269.34704625,256.12829,229.95322625,174.591885714,138.23508625,128.751045,122.8244625,98.76008125
feature:bing4,2,2,2,4,3,2,0,0,0,3,8,0,0,3,8,0,0,0,0,0,0,0,1,1,1,NONE,NONE,NONE,8,3,8,4,9,4,0.643,4
f0:96.664486,114.093675,174.200086667,255.764987,319.932185,321.493352,272.604194,221.295064444,178.28405,145.659872
feature:wu2,2,2,2,2,4,2,0,0,0,2,9,0,0,2,9,0,0,0,0,0,0,0,1,1,1,NONE,NONE,NONE,9,2,9,3,10,3,0.714,2
f0:143.972215,146.551195,151.172454,157.900915,168.1584425,189.720755,212.4239375,223.680674,231.420085,235.6811775
feature:bu2,2,2,2,2,2,4,0,0,0,1,10,0,0,1,10,0,0,0,0,0,0,0,1,1,4,NONE,NONE,NONE,10,1,10,2,11,2,0.786,2
f0:233.377216,224.5799275,210.856232,195.94233,181.028446,168.576145,160.624112,155.4969,151.757896,151.0355475
feature:dang4,2,2,0,4,2,0,0,0,0,0,11,0,0,0,11,0,0,0,110,0,0,0,4,1,0,NONE,NONE,0,11,0,11,1,12,1,0.857,4
f0:166.342312857,194.607408571,192.168088571,170.362717143,141.432478571,121.055416667,124.233841429,151.941592857,190.685918571,210.283511429
