feature:zai4,2,0,2,4,0,4,0,0,2,10,0,0,2,4,0,0,0,0,0,0,0,0,1,0,1,NONE,0,NONE,0,10,0,11,1,11,0.077,4
f0:353.071994286,353.07199,350.203905714,333.499235,314.432184286,301.824611429,294.080333333,289.036384286,288.3626,289.385547143
feature:mu4,2,2,2,4,4,3,0,0,2,9,1,0,2,3,1,0,0,0,0,0,0,0,1,1,1,NONE,NONE,NONE,1,9,1,10,2,10,0.154,4
f0:292.518356667,304.874765,324.073145,353.588155,374.883625714,375.85478,366.120651667,334.457636667,297.359568333,263.593573333
feature:ye3,2,2,2,3,4,4,0,0,2,8,2,0,2,2,2,0,0,0,0,0,0,0,1,1,1,NONE,NONE,NONE,2,8,2,9,3,9,0.231,3
f0:226.687905714,206.25927375,201.131081429,195.51512,175.69444125,159.91485625,146.941494286,149.317671429,157.94870625,161.579955714
feature:da4,2,2,2,4,3,4,0,0,2,7,3,0,2,1,3,0,0,0,0,0,0,0,1,1,1,NONE,NONE,NONE,3,7,3,8,4,8,0.308,4
f0:175.550275,210.976403333,248.82667,280.133803333,286.399683333,279.861593333,267.098531667,248.126321667,225.894203333,209.468608333
feature:bai4,2,2,2,4,4,1,0,0,2,6,4,0,2,0,4,0,0,1,126.2,0,0,126.2,1,1,1,NONE,NONE,Accented,4,6,4,7,5,7,0.385,4
f0:198.108768333,205.23445,219.231751667,217.563891667,204.269695714,189.729668333,180.485915,177.247876667,179.222541667,187.868066667
feature:shang1,2,2,2,1,4,4,0,0,1,5,5,0,1,3,5,1,0,0,129.2,126.2,126.2,129.2,1,1,1,Accented,NONE,NONE,5,5,5,6,6,6,0.462,1
f0:196.849007143,208.42394625,242.445715714,280.77022875,310.414917143,312.922524286,308.81424,305.370667143,313.6647925,313.747057143
feature:zhou4,2,2,2,4,1,2,0,1,1,4,6,1,1,2,0,0,1,0,0,129.2,129.2,0,1,1,1,NONE,Accented,NONE,6,4,6,5,7,5,0.538,4
f0:312.096012,316.196076,320.8845675,322.146842,315.49803,293.974024,267.574544,240.8452425,212.001398,187.106066
feature:wang2,2,2,2,2,4,5,0,1,1,3,7,1,1,1,1,0,0,0,0,0,0,0,1,1,1,NONE,NONE,NONE,7,3,7,4,8,4,0.615,2
f0:175.437086667,169.3087,159.91112,145.489585,135.843441667,134.82279,141.653445,153.830886,170.86199,174.083626667
feature:de5,2,2,2,5,2,1,0,1,1,2,8,1,1,0,2,0,0,1,119.8,0,0,119.8,1,1,1,NONE,NONE,Accented,8,2,8,3,9,3,0.692,5
f0:170.601443333,166.689276667,164.139385,161.977406667,157.451176667,150.791953333,146.148966667,144.91066,144.718213333,145.147753333
feature:jun1,2,2,2,1,5,4,0,1,0,1,9,1,0,1,3,1,0,0,122.8,119.8,119.8,122.8,1,1,4,Accented,NONE,NONE,9,1,9,2,10,2,0.769,1
f0:155.50208,175.66251,196.197148571,218.585718571,234.570108571,235.088085,232.001777143,234.481098571,244.302855,248.457878571
feature:dui4,2,2,0,4,1,0,0,2,0,0,10,2,0,0,0,0,1,0,110,122.8,122.8,0,4,1,0,NONE,Accented,0,10,0,10,1,11,1,0.846,4
f0:253.151283333,264.938401429,256.679271667,222.550675714,172.295365,146.287363333,148.21237,155.14471,153.751345714,153.627
