feature:wang2,2,0,2,2,0,4,0,0,1,8,0,0,1,7,0,0,0,0,0,130,0,0,1,0,1,NONE,0,NONE,0,8,0,9,1,9,0.091,2
f0:219.564651667,212.1926,198.654063333,191.26072,191.976565,196.17078,210.305174286,242.83724,274.845008571,306.494266667
feature:yu4,2,2,2,4,2,4,0,0,1,7,1,0,1,6,1,0,0,0,0,0,0,0,1,1,1,NONE,NONE,NONE,1,7,1,8,2,8,0.182,4
f0:330.379378,341.1279975,361.645934,369.6148425,366.968066,355.95213,336.6803825,314.078504,294.25116,285.231256
feature:shun4,2,2,2,4,4,3,0,0,1,6,2,0,1,5,2,0,0,0,0,0,0,0,1,1,1,NONE,NONE,NONE,2,6,2,7,3,7,0.273,4
f0:290.93482,321.094835,352.339522,359.017273,343.157901,301.136277,243.370169,204.671312,186.011298,190.860109
feature:hao3,2,2,2,3,4,4,0,0,1,5,3,0,1,4,3,0,0,0,0,0,0,0,1,1,1,NONE,NONE,NONE,3,5,3,6,4,6,0.364,3
f0:194.977674286,197.896331429,201.81366875,205.72383,207.828224286,201.016662857,182.064727143,162.37663625,139.614872857,141.789601429
feature:feng4,2,2,2,4,3,2,0,0,1,4,4,0,1,3,4,0,0,0,0,0,0,0,1,1,1,NONE,NONE,NONE,4,4,4,5,5,5,0.455,4
f0:196.384491429,235.60956,271.927361429,306.971531667,323.133881429,313.128997143,284.850638333,247.556895714,218.649956667,210.274588571
feature:qin2,2,2,2,2,4,2,0,0,1,3,5,0,1,2,5,0,0,0,0,0,0,0,1,1,1,NONE,NONE,NONE,5,3,5,4,6,4,0.545,2
f0:212.008929091,210.375798,208.33218,204.039491,187.659017273,181.671665455,184.923641,201.469837273,233.289423,254.307640909
feature:hou2,2,2,2,2,2,2,0,0,1,2,6,0,1,1,6,0,0,0,0,0,0,0,1,1,1,NONE,NONE,NONE,6,2,6,3,7,3,0.636,2
f0:249.95621,250.074601429,250.214998571,250.35512,248.548927143,214.642791429,187.509892857,190.476258571,227.427222857,266.068845714
feature:huai2,2,2,2,2,2,1,0,0,1,1,7,0,1,0,7,0,0,1,125.556,0,0,125.556,1,1,3,NONE,NONE,Accented,7,1,7,2,8,2,0.727,2
f0:265.072818333,260.299183333,255.44463,250.592255,243.803866667,213.749271667,182.27722,175.438871667,183.63761,205.958395
feature:ying1,2,2,2,1,2,2,0,0,0,0,8,0,0,4,8,1,0,0,128.556,125.556,125.556,0,3,1,1,Accented,NONE,NONE,8,0,8,1,9,1,0.818,1
f0:217.97996375,237.561972222,276.34389,283.78431125,294.058802222,297.27479875,297.8523675,301.3590275,305.285154444,312.4569075
feature:yu2,2,2,1,2,1,4,0,0,1,7,0,0,1,3,0,0,1,0,0,0,128.556,0,1,3,1,NONE,Accented,NONE,0,7,0,8,1,8,0.1,2
f0:220.007092857,219.66078,219.38183,219.495231429,220.420717143,222.257417143,226.503581429,233.960668571,248.679452857,255.67975
feature:er4,1,2,2,4,2,2,0,0,1,6,1,0,1,2,1,0,0,0,0,0,0,0,1,1,1,NONE,NONE,NONE,1,6,1,7,2,7,0.2,4
f0:271.470285,322.048031429,355.114286667,346.87957,344.272176667,344.386526667,330.848067143,302.549615,268.301028571,237.572581667
feature:ling2,2,1,2,2,4,2,0,0,1,5,2,0,1,1,2,0,0,0,0,0,0,0,1,1,1,NONE,NONE,NONE,2,5,2,6,3,6,0.3,2
f0:220.894444,218.252744,224.952506,231.743654,240.008388,253.172332,260.796578,261.93428,260.13171,252.157192
feature:ling2,2,2,2,2,2,1,0,0,1,4,3,0,1,0,3,0,0,1,120.556,0,0,120.556,1,1,1,NONE,NONE,Accented,3,4,3,5,4,5,0.4,2
f0:243.13591,228.621428,210.7060325,197.204934,192.532294,194.384556,202.324456,214.25186,227.282682,234.07272
feature:san1,2,2,2,1,2,2,0,0,0,3,4,0,0,3,4,1,0,0,123.556,120.556,120.556,123.556,1,1,1,Accented,NONE,NONE,4,3,4,4,5,4,0.5,1
f0:240.909874,254.02158,271.341126,291.307548,310.816374,317.3542775,318.908508,319.999316,320.3833975,320.387298
feature:nian2,2,2,2,2,1,3,0,1,0,2,5,1,0,2,0,0,1,0,0,123.556,123.556,0,1,1,1,NONE,Accented,NONE,5,2,5,3,6,3,0.6,2
f0:317.95053625,301.79887125,270.03040375,228.7946925,180.57575375,151.32348125,149.84402125,171.44437625,205.37768,218.5059475
feature:jiu3,2,2,2,3,2,5,0,1,0,1,6,1,0,1,1,0,0,0,0,0,0,0,1,1,4,NONE,NONE,NONE,6,1,6,2,7,2,0.7,3
f0:214.101212857,210.108503333,206.514255714,203.753,194.207762857,164.692332857,130.524413333,101.317377143,95.7356866667,128.003598571
feature:yue5,2,2,0,5,3,0,0,1,0,0,7,1,0,0,2,0,0,0,110,0,0,0,4,1,0,NONE,NONE,0,7,0,7,1,8,1,0.8,5
f0:163.89532,187.47308,212.278923333,231.308375714,234.586584286,214.709382857,182.807011429,145.807631667,104.362678571,97.6366
