feature:ji2,2,0,2,2,0,2,0,0,2,12,0,0,2,6,0,0,0,0,0,0,0,0,1,0,1,NONE,0,NONE,0,12,0,13,1,4,0.167,2
f0:266.617,266.617,266.617,267.149645,280.597937143,302.263274286,317.043178333,326.180068571,326.0027,312.377265714
feature:yu2,2,2,2,2,2,3,0,0,2,11,1,0,2,5,1,0,0,0,0,0,0,0,1,1,1,NONE,NONE,NONE,1,11,1,12,2,3,0.333,2
f0:280.530708571,249.92941,234.901586667,234.414408571,241.93561,253.895557143,267.529247143,280.564716667,287.625021429,279.221381429
feature:dang3,2,2,2,3,2,4,0,0,2,10,2,0,2,4,2,0,0,0,0,0,0,0,1,1,1,NONE,NONE,NONE,2,10,2,11,3,2,0.5,3
f0:230.638135714,208.016178571,237.467958571,227.972868571,183.5013375,154.07498,139.668421429,133.285354286,134.87591,165.417602857
feature:ji4,2,2,2,4,3,3,0,0,2,9,3,0,2,3,3,0,0,0,0,0,0,0,1,1,1,NONE,NONE,NONE,3,9,3,10,4,1,0.667,4
f0:194.88362,215.423481667,248.145715,283.7338,310.320193333,316.709583333,314.64749,297.492258333,269.06677,229.426176667
feature:chu3,2,2,2,3,4,4,0,0,2,8,4,0,2,2,4,0,0,0,0,0,0,0,1,1,1,NONE,NONE,NONE,4,8,4,9,1,9,0.091,3
f0:226.622056667,226.854,226.854,226.854,226.849028333,215.355573333,182.092031667,174.202348,183.813196667,201.168675
feature:fen4,2,2,2,4,3,5,0,0,2,7,5,0,2,1,5,0,0,0,0,0,0,0,1,1,1,NONE,NONE,NONE,5,7,5,8,2,8,0.182,4
f0:219.742385714,238.316101667,255.161085714,258.752194286,246.666502857,230.420065,211.725028571,195.783965714,185.830403333,181.821004286
feature:de5,2,2,2,5,4,1,0,0,2,6,6,0,2,0,6,0,0,1,124.655,0,0,124.655,1,1,1,NONE,NONE,Accented,6,6,6,7,3,7,0.273,5
f0:181.205088,180.3492,176.01499,169.572736,166.742764,164.6614775,160.474134,157.469982,157.410404,165.417824
feature:qi1,2,2,2,1,5,3,0,0,1,5,7,0,1,3,7,1,0,0,127.655,124.655,124.655,127.655,1,1,1,Accented,NONE,NONE,7,5,7,6,4,6,0.364,1
f0:194.6937,214.510642857,237.44313,262.23537875,287.02763375,309.839302857,322.83394125,329.57436375,334.604514286,302.8927525
feature:bai3,2,2,2,3,1,4,0,1,1,4,8,1,1,2,0,0,1,0,0,127.655,127.655,0,1,1,1,NONE,Accented,NONE,8,4,8,5,5,5,0.455,3
f0:276.954712,261.151202,246.559456667,214.504688,183.867336,160.78641,142.783026,138.433656667,141.934832,144.55946
feature:liu4,2,2,2,4,3,2,0,1,1,3,9,1,1,1,1,0,0,0,0,0,0,0,1,1,1,NONE,NONE,NONE,9,3,9,4,6,4,0.545,4
f0:149.852248,162.342443333,199.947116,221.99107,224.775701667,216.964684,194.908624,174.816252,163.283251667,161.880816
feature:shi2,2,2,2,2,4,1,0,1,1,2,10,1,1,0,2,0,0,1,119.138,0,0,119.138,1,1,1,NONE,NONE,Accented,10,2,10,3,7,3,0.636,2
f0:164.96709,168.19434,171.234164,174.273985,177.3138,180.512848,181.66994,182.331248,185.1392025,193.632216
feature:yi1,2,2,2,1,2,2,0,1,0,1,11,1,0,1,3,1,0,0,122.138,119.138,119.138,122.138,1,1,4,Accented,NONE,NONE,11,1,11,2,8,2,0.727,1
f0:199.510178333,206.116242,223.294658333,244.527372,261.954105,277.338191667,288.59394,294.833918333,293.80919,275.280201667
feature:ren2,2,2,0,2,1,0,0,2,0,0,12,2,0,0,0,0,1,0,110,122.138,122.138,0,4,1,0,NONE,Accented,0,12,0,12,1,9,1,0.818,2
f0:234.63357125,211.08495,166.679907778,138.84100375,80.58552625,63.29341,61.9912825,66.5971955556,85.8286825,98.55344625
