feature:ta1,2,0,2,1,0,3,0,0,0,6,0,0,0,15,0,1,0,0,137.459,139.459,0,137.459,1,0,1,Accented,0,NONE,0,6,0,7,1,7,0.111,1
f0:263.18399,263.18399,263.18399,263.18399,262.627615,256.933455,246.8676625,240.783612,239.63549,238.84021
feature:wan3,2,2,2,3,1,2,0,0,0,5,1,0,0,14,0,0,1,0,0,137.459,137.459,0,1,1,1,NONE,Accented,NONE,1,5,1,6,2,6,0.222,3
f0:236.307956,234.645085,232.758612,226.026565,213.104266,200.39174,187.423154,174.4986225,163.53472,159.2733625
feature:ru2,2,2,2,2,3,4,0,0,0,4,2,0,0,13,1,0,0,0,0,0,0,0,1,1,1,NONE,NONE,NONE,2,4,2,5,3,5,0.333,2
f0:158.373306667,157.986274,156.784661667,154.82133,159.773756667,166.943313333,169.189186,180.465148333,194.830988,210.294255
feature:yi4,2,2,2,4,2,2,0,0,0,3,3,0,0,12,2,0,0,0,0,0,0,0,1,1,1,NONE,NONE,NONE,3,3,3,4,4,4,0.444,4
f0:215.746065,222.1147125,230.600838,231.0294325,228.661945,223.00977,215.4784975,203.736034,195.0988075,194.4011175
feature:tiao2,2,2,2,2,4,2,0,0,0,2,4,0,0,11,3,0,0,0,0,0,0,0,1,1,1,NONE,NONE,NONE,4,2,4,3,5,3,0.556,2
f0:198.485321667,198.030723333,193.177241667,190.97891,187.588681667,174.950751667,166.747595,174.318471667,194.562003333,203.40006
feature:chou2,2,2,2,2,2,4,0,0,0,1,5,0,0,10,4,0,0,0,0,0,0,0,1,1,3,NONE,NONE,NONE,5,1,5,2,6,2,0.667,2
f0:202.547065,200.455447143,197.335755,194.10971,190.88367375,187.35583,174.38451625,166.70459,175.23804,194.742835714
feature:dai4,2,2,2,4,2,2,0,0,0,0,6,0,0,9,5,0,0,0,0,0,0,0,3,1,1,NONE,NONE,NONE,6,0,6,1,7,1,0.778,4
f0:201.69564625,253.70933125,297.48170125,278.04202875,230.66804,178.15844375,145.9530725,136.810325,163.64523375,205.66489625
feature:rou2,2,2,2,2,4,4,0,0,1,9,0,0,1,8,6,0,0,0,0,0,0,0,1,3,1,NONE,NONE,NONE,0,9,0,10,1,10,0.083,2
f0:200.2194,200.992433333,200.110222,198.666938,195.819338333,193.153924,193.489624,199.162742,219.003556667,251.786722
feature:mei4,2,2,2,4,2,5,0,0,1,8,1,0,1,7,7,0,0,0,0,0,0,0,1,1,1,NONE,NONE,NONE,1,8,1,9,2,9,0.167,4
f0:280.499005,311.814108333,334.964754,358.098278333,361.848878333,353.321786667,325.373015,290.080652,254.995155,211.249973333
feature:de5,2,2,2,5,4,2,0,0,1,7,2,0,1,6,8,0,0,0,0,0,0,0,1,1,1,NONE,NONE,NONE,2,7,2,8,3,8,0.25,5
f0:186.783686,184.776385,182.554888,175.530228,165.095846,156.49838,151.390068,150.990392,154.4714825,159.151542
feature:chan2,2,2,2,2,5,3,0,0,1,6,3,0,1,5,9,0,0,0,0,0,0,0,1,1,1,NONE,NONE,NONE,3,6,3,7,4,7,0.333,2
f0:162.753575,166.26682,170.131382857,173.995946667,177.50919,180.602793333,180.319961667,172.425904286,169.89051,171.65025
feature:rao3,2,2,2,3,2,4,0,0,1,5,4,0,1,4,10,0,0,0,0,0,0,0,1,1,1,NONE,NONE,NONE,4,5,4,6,5,6,0.417,3
f0:181.457023333,206.957546,235.74783,249.291122,245.950908333,230.140292,211.131495,193.548876,182.6806,179.31485
feature:zai4,2,2,2,4,3,2,0,0,1,4,5,0,1,3,11,0,0,0,0,0,0,0,1,1,1,NONE,NONE,NONE,5,4,5,5,6,5,0.5,4
f0:180.24027,183.32352,182.767054286,176.341084286,165.872185714,159.12903,153.466134286,153.077761429,154.38111,155.550467143
feature:guang2,2,2,2,2,4,3,0,0,1,3,6,0,1,2,12,0,0,0,0,0,0,0,1,1,1,NONE,NONE,NONE,6,3,6,4,7,4,0.583,2
f0:179.717788571,199.161005714,209.961117143,196.401668571,184.27042875,177.076335714,178.751964286,195.242752857,233.692331429,261.40541
feature:chang3,2,2,2,3,2,2,0,0,1,2,7,0,1,1,13,0,0,0,0,0,0,0,1,1,1,NONE,NONE,NONE,7,2,7,3,8,3,0.667,3
f0:257.777063333,247.080881429,236.22014,226.452478333,218.169504286,195.115751667,155.885628333,134.094705,128.39422,131.220558333
feature:nan2,2,2,2,2,3,1,0,0,1,1,8,0,1,0,14,0,0,1,117.162,0,0,117.162,1,1,4,NONE,NONE,Accented,8,1,8,2,9,2,0.75,2
f0:142.896583333,147.222076667,144.412103333,136.47634,132.853253333,135.241891667,138.586415,151.268903333,174.64389,192.222298333
feature:bian1,2,2,0,1,2,0,0,0,0,0,9,0,0,0,15,1,0,0,120.162,117.162,117.162,0,4,1,0,Accented,NONE,0,9,0,9,1,10,1,0.833,1
f0:202.0474125,237.51114,244.21338625,241.74313,245.773516667,245.0041725,243.29858375,242.701585,250.63399625,253.1995575
