feature:bu4,2,0,2,4,0,3,0,0,4,16,0,0,4,1,0,0,0,0,0,130,0,0,1,0,1,NONE,0,NONE,0,16,0,17,1,17,0.053,4
f0:207.5020025,207.5189475,226.7422375,341.35263,390.8524525,388.4180075,374.2786575,359.3699725,351.1412375,344.285965
feature:jin3,2,2,2,3,4,1,0,0,4,15,1,0,4,0,1,0,0,1,132.297,0,0,132.297,1,1,1,NONE,NONE,Accented,1,15,1,16,2,16,0.105,3
f0:327.735041429,290.368007143,250.368627143,218.313594286,187.86604,169.863663333,157.537007143,155.915661429,164.126122857,180.433665714
feature:jiang1,2,2,2,1,3,1,0,0,3,14,2,0,3,0,2,1,0,1,135.7565,132.297,132.297,135.7565,1,1,1,Accented,NONE,Accented,2,14,2,15,3,15,0.158,1
f0:203.726014286,238.776015,266.452012857,270.25315,272.047424286,272.188328571,268.83185875,269.170154286,276.1546175,282.237964286
feature:dang1,2,2,2,1,1,4,0,1,2,13,3,1,2,11,0,1,1,0,134.216,135.7565,135.7565,134.216,1,1,1,Accented,Accented,NONE,3,13,3,14,4,14,0.211,1
f0:285.664831667,299.800706667,315.329872,318.332901667,319.363561667,317.492626667,315.273513333,316.283808,320.636953333,320.305765
feature:di4,2,2,2,4,1,5,0,2,2,12,4,2,2,10,0,0,1,0,0,134.216,134.216,0,1,1,1,NONE,Accented,NONE,4,12,4,13,5,13,0.263,4
f0:318.828642,321.1394425,321.374214,312.878065,294.611442,267.650428,246.1912125,231.904094,222.38943,205.828454
feature:de5,2,2,2,5,4,4,0,2,2,11,5,2,2,9,1,0,0,0,0,0,0,0,1,1,1,NONE,NONE,NONE,5,11,5,12,6,12,0.316,5
f0:193.32947,199.940298,199.16202,191.203914,184.459968333,182.87537,182.901351667,186.001156,192.085788333,195.422794
feature:da4,2,2,2,4,5,2,0,2,2,10,6,2,2,8,2,0,0,0,0,0,0,0,1,1,1,NONE,NONE,NONE,6,10,6,11,7,11,0.368,4
f0:198.884143333,234.862451667,295.21198,331.576578333,333.202163333,326.268776667,311.878061667,295.129408,271.018625,237.71124
feature:xiao2,2,2,2,2,4,2,0,2,2,9,7,2,2,7,3,0,0,0,0,0,0,0,1,1,1,NONE,NONE,NONE,7,9,7,10,8,10,0.421,2
f0:213.483715714,211.899386667,211.240925714,210.582463333,207.007162857,183.159624286,161.322976667,152.382794286,145.995346667,142.769388571
feature:lv2,2,2,2,2,2,2,0,2,2,8,8,2,2,6,4,0,0,0,0,0,0,0,1,1,1,NONE,NONE,NONE,8,8,8,9,9,9,0.474,2
f0:140.715626667,144.057342,160.367531667,169.252292,172.346918333,185.215284,209.562286667,238.188366,264.493395,273.51016
feature:guan2,2,2,2,2,2,3,0,2,2,7,9,2,2,5,5,0,0,0,0,0,0,0,1,1,1,NONE,NONE,NONE,9,7,9,8,10,8,0.526,2
f0:268.458716,258.3778,234.63543,193.651483333,158.29917,142.563275556,143.287147,152.105428889,182.780995,206.702584444
feature:ji3,2,2,2,3,2,5,0,2,2,6,10,2,2,4,6,0,0,0,0,0,0,0,1,1,1,NONE,NONE,NONE,10,6,10,7,11,7,0.579,3
f0:207.062624,207.12843,213.0118,219.457628,217.545498,202.566798,184.841672,162.693548333,153.297554,143.504284
feature:le5,2,2,2,5,3,4,0,2,2,5,11,2,2,3,7,0,0,0,0,0,0,0,1,1,1,NONE,NONE,NONE,11,5,11,6,12,6,0.632,5
f0:138.423623333,141.26537,149.754923333,158.991246667,163.450915,164.853753333,165.733923333,166.01084,166.842003333,170.781003333
feature:ge4,2,2,2,4,5,3,0,2,2,4,12,2,2,2,8,0,0,0,0,0,0,0,1,1,1,NONE,NONE,NONE,12,4,12,5,13,5,0.684,4
f0:186.787818571,207.816015,215.216471429,204.347641429,187.306514286,176.864511667,169.280658571,164.694024286,154.622685,151.31114
feature:man3,2,2,2,3,4,5,0,2,2,3,13,2,2,1,9,0,0,0,0,0,0,0,1,1,1,NONE,NONE,NONE,13,3,13,4,14,4,0.737,3
f0:161.12406875,178.080188571,197.31430125,188.041208571,177.83131375,177.05961125,190.875657143,231.04591625,267.256928571,289.88292
feature:man5,2,2,2,5,3,1,0,2,2,2,14,2,2,0,10,0,0,1,118.243,0,0,118.243,1,1,1,NONE,NONE,Accented,14,2,14,3,15,3,0.789,5
f0:298.413915,291.177748333,275.613221667,245.406125,197.337408333,164.410654,142.799945,140.108775,100.323745,59.1362266667
feature:dang1,2,2,2,1,5,1,0,2,1,1,15,2,1,0,11,1,0,1,121.7025,118.243,118.243,121.7025,1,1,4,Accented,NONE,Accented,15,1,15,2,16,2,0.842,1
f0:61.7211366667,104.604847143,178.613436667,238.507345,261.905755714,266.657165,267.793873333,270.735376667,274.752642857,274.37027
feature:dang1,2,2,0,1,1,0,0,3,0,0,16,3,0,0,0,1,1,0,120.162,121.7025,121.7025,0,4,1,0,Accented,Accented,0,16,0,16,1,17,1,0.895,1
f0:272.62953625,285.8603775,288.2586225,285.47780625,285.970672222,283.79691375,283.1744775,287.120435,295.06917,298.11064
