feature:xian4,2,0,2,4,0,4,0,0,5,19,0,0,5,1,0,0,0,0,0,0,0,0,1,0,1,NONE,0,NONE,0,19,0,20,1,18,0.05,4
f0:377.259025,377.25903,377.25903,377.507093333,381.056361667,381.679073333,368.554715,339.815256667,313.466283333,302.635525
feature:zai4,2,2,2,4,4,1,0,0,5,18,1,0,5,0,1,0,0,1,132.619,0,0,132.619,1,1,1,NONE,NONE,Accented,1,18,1,19,2,17,0.1,4
f0:303.973345714,318.550051667,314.872842857,299.553548333,286.153785714,271.619947143,256.64741,243.34674,238.69285,232.08953
feature:zhen1,2,2,2,1,4,1,0,0,4,17,2,0,4,0,2,1,0,1,136.14301,132.619,132.619,136.14301,1,1,1,Accented,NONE,Accented,2,17,2,18,3,16,0.15,1
f0:220.216726667,241.873442,277.579235,311.670556667,323.04751,327.861444,329.5084,325.49988,323.569778,322.493891667
feature:ni1,2,2,2,1,1,2,0,1,3,16,3,1,3,5,0,1,1,0,134.66701,136.14301,136.14301,134.66701,1,1,1,Accented,Accented,NONE,3,16,3,17,4,15,0.2,1
f0:312.003426,295.1396,277.3746425,254.731688,236.947794,232.967536,238.80599,250.5157825,261.460014,268.879332
feature:fu2,2,2,2,2,1,2,0,2,3,15,4,2,3,4,0,0,1,0,0,134.66701,134.66701,0,1,1,1,NONE,Accented,NONE,4,15,4,16,5,14,0.25,2
f0:267.466312222,251.192754444,233.167087778,197.536956667,170.832237778,178.262691111,191.521301111,198.314146667,208.268966667,196.090031111
feature:yi2,2,2,2,2,2,3,0,2,3,14,5,2,3,3,1,0,0,0,0,0,0,0,1,1,1,NONE,NONE,NONE,5,14,5,15,6,13,0.3,2
f0:197.266218333,206.316348571,209.352525,200.843611667,193.812381429,196.121893333,205.396281667,222.238826667,247.182135714,262.545731667
feature:bai3,2,2,2,3,2,4,0,2,3,13,6,2,3,2,2,0,0,0,0,0,0,0,1,1,1,NONE,NONE,NONE,6,13,6,14,7,12,0.35,3
f0:259.10891125,248.953237143,238.47861875,228.189174286,201.63603375,173.354488571,151.14070375,136.822908571,134.89589125,144.192534286
feature:bei4,2,2,2,4,3,5,0,2,3,12,7,2,3,1,3,0,0,0,0,0,0,0,1,1,1,NONE,NONE,NONE,7,12,7,13,8,11,0.4,4
f0:181.381815,211.150346,241.473471667,273.387605,285.047908333,281.83985,268.247956667,248.859023333,233.414174,210.525425
feature:de5,2,2,2,5,4,1,0,2,3,11,8,2,3,0,4,0,0,1,125.952,0,0,125.952,1,1,1,NONE,NONE,Accented,8,11,8,12,9,10,0.45,5
f0:190.343476667,189.112676667,186.9411125,185.19954,183.531203333,180.6955,179.234196667,178.1939,177.514003333,177.673003333
feature:guan1,2,2,2,1,5,1,0,2,2,10,9,2,2,0,5,1,0,1,129.476,125.952,125.952,129.476,1,1,1,Accented,NONE,Accented,9,10,9,11,10,9,0.5,1
f0:184.227378333,206.410766,233.316003333,263.18685,285.40276,288.502968,289.284451667,291.783041667,294.065656,297.721985
feature:xin1,2,2,2,1,1,4,0,3,1,9,10,3,1,7,0,1,1,0,128,129.476,129.476,128,1,1,1,Accented,Accented,NONE,10,9,10,10,11,8,0.55,1
f0:301.16490125,296.33572,293.67306375,300.41699125,307.778762222,309.39448875,303.39152625,301.0881775,304.919153333,307.2607625
feature:zhao4,2,2,2,4,1,4,0,4,1,8,11,4,1,6,0,0,1,0,0,128,128,0,1,1,1,NONE,Accented,NONE,11,8,11,9,12,7,0.6,4
f0:318.328266667,346.161398571,364.100318333,358.758981429,337.163128333,312.007538333,272.161617143,225.3897,190.686408571,168.366598333
feature:gu4,2,2,2,4,4,2,0,4,1,7,12,4,1,5,1,0,0,0,0,0,0,0,1,1,1,NONE,NONE,NONE,12,7,12,8,13,6,0.65,4
f0:166.056938571,182.7504375,188.8508,182.116832857,171.77560125,160.16485125,102.107158571,153.756935714,229.72867625,230.928042857
feature:hui2,2,2,2,2,4,4,0,4,1,6,13,4,1,4,2,0,0,0,0,0,0,0,1,1,1,NONE,NONE,NONE,13,6,13,7,14,5,0.7,2
f0:237.94617,255.9251,275.9613,295.602633333,275.825807143,201.860081429,177.934261667,177.477061429,185.19418,202.995132857
feature:bao4,2,2,2,4,2,2,0,4,1,5,14,4,1,3,3,0,0,0,0,0,0,0,1,1,1,NONE,NONE,NONE,14,5,14,6,15,4,0.75,4
f0:215.046452857,233.873395,243.061747143,233.019077143,211.785848571,190.36277,179.077694286,169.27338,158.618511667,149.659151429
feature:ye2,2,2,2,2,4,5,0,4,1,4,15,4,1,2,4,0,0,0,0,0,0,0,1,1,1,NONE,NONE,NONE,15,4,15,5,16,3,0.8,2
f0:154.174795,165.028228571,174.447136667,176.496673333,176.645584286,177.218735,166.72345,155.91828,156.133288571,177.744761667
feature:ye5,2,2,2,5,2,5,0,4,1,3,16,4,1,1,5,0,0,0,0,0,0,0,1,1,1,NONE,NONE,NONE,16,3,16,4,17,2,0.85,5
f0:212.672286,236.071674,249.98692,257.114012,265.066478,269.352582,264.935476,243.36299,219.781222,207.871708
feature:de5,2,2,1,5,5,1,0,4,1,2,17,4,1,0,6,0,0,1,112.381,0,0,122.381,1,1,1,NONE,NONE,Accented,17,2,17,3,18,1,0.9,5
f0:196.6486725,183.304384,174.13745,153.752736,144.924675,140.131005,126.212554,94.9572325,87.23676,90.35621
feature:en1,1,2,2,1,5,2,0,4,0,1,18,4,0,1,7,1,0,0,122.381,122.381,112.381,122.381,1,1,4,Accented,NONE,NONE,18,1,18,2,1,2,0.25,1
f0:218.283428,240.7536125,265.92003,277.034782,282.783184,290.227735,300.452996,308.897408,310.57795,305.45757
feature:qing2,2,1,0,2,1,0,0,5,0,0,19,5,0,0,0,0,1,0,110,122.381,122.381,0,4,1,0,NONE,Accented,0,19,0,19,1,2,1,0.5,2
f0:283.852444,256.519191,230.518007,202.676261,152.800552,129.377098,128.450289,140.575553,176.627747,202.346536
