feature:sheng1,2,0,2,1,0,2,0,0,1,4,0,0,1,2,0,1,0,0,137.355,139.355,0,137.355,1,0,1,Accented,0,NONE,0,4,0,5,1,5,0.143,1
f0:370.217995,370.21799,370.21799,370.21799,363.752057143,352.999121667,350.957966667,348.602753333,351.57449,353.987096667
feature:huo2,2,2,2,2,1,5,0,0,1,3,1,0,1,1,0,0,1,0,0,137.355,137.355,0,1,1,1,NONE,Accented,NONE,1,3,1,4,2,4,0.286,2
f0:350.379003333,339.269426,314.911006667,288.044196,261.190825,235.130796667,203.223178,193.889636667,200.10525,205.572398333
feature:de5,2,2,2,5,2,1,0,0,1,2,2,0,1,0,1,0,0,1,130.48399,0,0,130.48399,1,1,1,NONE,NONE,Accented,2,2,2,3,3,3,0.429,5
f0:210.660775,213.433146667,218.485365,220.060666667,219.3560025,215.88131,212.5186325,210.927923333,209.4439475,203.294983333
feature:ji1,2,2,2,1,5,2,0,0,0,1,3,0,0,9,2,1,0,0,133.48399,130.48399,130.48399,133.48399,1,1,3,Accented,NONE,NONE,3,1,3,2,4,2,0.571,1
f0:194.689972,203.308068333,232.166314,264.225155,291.255242,301.56311,313.847096667,319.499846,315.379565,280.963962
feature:qing2,2,2,2,2,1,4,0,1,0,0,4,1,0,8,0,0,1,0,0,133.48399,133.48399,0,3,1,1,NONE,Accented,NONE,4,0,4,1,5,1,0.714,2
f0:255.976908889,241.628751111,228.365748889,218.051136667,184.973562222,163.860777778,162.506348889,171.801242222,180.210855556,191.648867778
feature:zai4,2,2,2,4,2,4,0,0,1,8,0,0,1,7,1,0,0,0,0,0,0,0,1,3,1,NONE,NONE,NONE,0,8,0,9,1,9,0.091,4
f0:328.35599,325.599075714,300.932298571,269.572645714,251.809955714,242.99391,239.403652857,238.241001429,242.902735714,249.635197143
feature:feng4,2,2,2,4,4,2,0,0,1,7,1,0,1,6,2,0,0,0,0,0,0,0,1,1,1,NONE,NONE,NONE,1,7,1,8,2,8,0.182,4
f0:259.481357143,287.664288571,317.47586,347.287422857,376.593514286,382.477651429,363.196874286,333.73399,295.140301429,253.288471429
feature:huang2,2,2,2,2,4,5,0,0,1,6,2,0,1,5,3,0,0,0,0,0,0,0,1,1,1,NONE,NONE,NONE,2,6,2,7,3,7,0.273,2
f0:214.397171429,207.623645714,212.28322875,213.39446,192.568577143,172.125285714,174.488905714,181.508745,201.266257143,217.076007143
feature:de5,2,2,2,5,2,4,0,0,1,5,3,0,1,4,4,0,0,0,0,0,0,0,1,1,1,NONE,NONE,NONE,3,5,3,6,4,6,0.364,5
f0:231.2103575,240.810933333,240.886085,238.893546667,233.8711725,228.352646667,223.9570275,221.9007,220.3046125,214.324433333
feature:chi4,2,2,2,4,5,3,0,0,1,4,4,0,1,3,5,0,0,0,0,0,0,0,1,1,1,NONE,NONE,NONE,4,4,4,5,5,5,0.455,4
f0:212.426294286,228.818837143,250.90367,272.988512857,295.073341429,315.31777,333.687971429,339.551078571,322.686488571,290.197004286
feature:bang3,2,2,2,3,4,4,0,0,1,3,5,0,1,2,6,0,0,0,0,0,0,0,1,1,1,NONE,NONE,NONE,5,3,5,4,6,4,0.545,3
f0:267.60315,251.072858,236.526225,216.499478,181.769182,149.775458,131.580256,125.935505,125.439518,134.732902
feature:shang4,2,2,2,4,3,2,0,0,1,2,6,0,1,1,7,0,0,0,0,0,0,0,1,1,1,NONE,NONE,NONE,6,2,6,3,7,3,0.636,4
f0:155.144997143,167.749203333,179.845338571,193.327438333,205.55472,206.930233333,192.780014286,179.621865,172.300272857,165.816128333
feature:yan2,2,2,2,2,4,1,0,0,1,1,7,0,1,0,8,0,0,1,117.581,0,0,117.581,1,1,4,NONE,NONE,Accented,7,1,7,2,8,2,0.727,2
f0:161.313278333,159.779162,157.662211667,153.127816,146.814335,141.63959,139.076015,141.744752,148.931213333,170.181906
feature:shen1,2,2,0,1,2,0,0,0,0,0,8,0,0,0,9,1,0,0,120.581,117.581,117.581,0,4,1,0,Accented,NONE,0,8,0,8,1,9,1,0.818,1
f0:191.455711818,217.771208,254.379529091,268.131821,268.256531818,270.073757273,273.56677,278.891945455,293.022379,290.451415455
