feature:jing1,2,0,2,1,0,3,0,0,5,10,0,0,5,1,0,1,0,0,137.459,139.459,0,137.459,1,0,1,Accented,0,NONE,0,10,0,11,1,6,0.125,1
f0:305.78201,305.78201,305.78976125,308.04193375,312.29053875,310.371085,308.85939,311.92813625,318.91742125,321.36599125
feature:sheng3,2,2,2,3,1,1,0,0,5,9,1,0,5,0,0,0,1,1,132.297,137.459,137.459,132.297,1,1,1,NONE,Accented,Accented,1,9,1,10,2,5,0.25,3
f0:309.96072,292.789763333,274.748745,256.707708889,237.67919,211.772945,186.975133333,167.39660875,160.931204444,165.56477625
feature:ke1,2,2,2,1,3,4,0,0,4,8,2,0,4,1,1,1,0,0,135.297,132.297,132.297,135.297,1,1,1,Accented,NONE,NONE,2,8,2,9,3,4,0.375,1
f0:180.707368333,204.768178333,230.29835,255.828508333,283.911695714,312.067911667,335.122628333,344.500675,348.672375,336.084791667
feature:ji4,2,2,2,4,1,1,0,1,4,7,3,1,4,0,0,0,1,1,130.13499,135.297,135.297,130.13499,1,1,1,NONE,Accented,Accented,3,7,3,8,4,3,0.5,4
f0:319.906006,315.515504,311.99649,306.90078,291.058428,268.25285,246.126862,228.1449575,211.978052,207.732182
feature:ting1,2,2,2,1,4,3,0,1,3,6,4,1,3,1,1,1,0,0,133.13499,130.13499,130.13499,133.13499,1,1,1,Accented,NONE,NONE,4,6,4,7,5,2,0.625,1
f0:220.220315714,240.457205714,260.734315714,281.733894286,303.193897143,308.708585,308.968972857,312.069601429,316.593877143,304.48263
feature:zu3,2,2,2,3,1,1,0,2,3,5,5,2,3,0,0,0,1,1,122.973,133.13499,133.13499,132.97301,1,1,1,NONE,Accented,Accented,5,5,5,6,6,1,0.75,3
f0:286.72008,275.163495,263.643156667,250.903493333,226.717326667,185.349058333,150.258273333,134.502116667,134.059168333,135.634486667
feature:zhi1,2,2,2,1,3,5,0,2,2,4,6,2,2,1,1,1,0,0,130.97301,132.97301,122.973,130.97301,1,1,1,Accented,NONE,NONE,6,4,6,5,1,5,0.143,1
f0:198.01401,198.01401,198.01401,197.291875,194.20452,191.540663333,190.7524775,190.2570775,189.966306667,189.977255
feature:de5,2,2,2,5,1,1,0,3,2,3,7,3,2,0,0,0,1,1,125.811,130.97301,130.97301,125.811,1,1,1,NONE,Accented,Accented,7,3,7,4,2,4,0.286,5
f0:191.391442,194.543208,193.57051,184.652752,177.141546,169.863788,164.112226,163.7729625,165.117956,169.76057
feature:zhuan1,2,2,2,1,5,1,0,3,1,2,8,3,1,0,1,1,0,1,129.27051,125.811,125.811,129.27051,1,1,1,Accented,NONE,Accented,8,2,8,3,3,3,0.429,1
f0:189.114878571,214.692132857,247.333875,279.663281429,298.752598571,304.679541429,309.622874286,313.702051667,314.732231429,312.190325714
feature:jia1,2,2,2,1,1,3,0,4,0,1,9,4,0,4,0,1,1,0,127.73,129.27051,129.27051,127.73,1,1,3,Accented,Accented,NONE,9,1,9,2,4,2,0.571,1
f0:313.845143333,318.814108333,323.218771667,323.45673,316.90108,312.108291667,313.736796667,321.053075,325.199708333,317.994491667
feature:zu3,2,2,2,3,1,4,0,5,0,0,10,5,0,3,0,0,1,0,0,127.73,127.73,0,3,1,1,NONE,Accented,NONE,10,0,10,1,5,1,0.714,3
f0:294.651541111,266.93450625,238.984464444,206.6651325,175.819661111,157.244435,144.00578,127.40831375,124.292345556,123.1960075
feature:xian4,2,2,2,4,3,3,0,0,2,5,0,0,2,2,1,0,0,0,0,0,0,0,1,3,1,NONE,NONE,NONE,0,5,0,6,1,6,0.125,4
f0:364.763,364.763,364.763,364.763,365.57125,366.408305714,350.50964625,314.551818571,256.25470625,222.148148571
feature:chang3,2,2,2,3,4,2,0,0,2,4,1,0,2,1,2,0,0,0,0,0,0,0,1,1,1,NONE,NONE,NONE,1,4,1,5,2,5,0.25,3
f0:208.36832375,205.80529,203.56371375,201.1497175,183.178315,152.938495714,138.27956125,134.280555,136.78766,155.3825975
feature:shi2,2,2,2,2,3,1,0,0,2,3,2,0,2,0,3,0,0,1,119.324,0,0,119.324,1,1,1,NONE,NONE,Accented,2,3,2,4,3,4,0.375,2
f0:171.496545,177.551004286,182.50075375,187.8312525,193.15382125,195.864322857,188.98985625,191.18655375,203.778664286,216.2607975
feature:ge1,2,2,2,1,2,4,0,0,1,2,3,0,1,1,4,1,0,0,122.324,119.324,119.324,122.324,1,1,1,Accented,NONE,NONE,3,2,3,3,4,3,0.5,1
f0:239.16613,266.129248,290.181426,298.833432,301.038356,302.0764925,303.174336,305.025116,307.109632,306.809822
feature:yan4,2,2,2,4,1,1,0,1,1,1,4,1,1,0,0,0,1,1,117.162,122.324,122.324,117.162,1,1,4,NONE,Accented,Accented,4,1,4,2,5,2,0.625,4
f0:298.169845,290.324061667,291.228088333,291.731106667,276.329738333,239.420984,191.983595,141.485861667,116.26878,95.3023833333
feature:shou1,2,2,0,1,4,0,0,1,0,0,5,1,0,0,1,1,0,0,120.162,117.162,117.162,0,4,1,0,Accented,NONE,0,5,0,5,1,6,1,0.75,1
f0:91.18105,137.852764444,189.207858889,223.430405556,218.433866,216.788778889,218.397586667,218.448046667,217.201581111,241.548536667
