feature:ji2,2,0,2,2,0,3,0,0,2,13,0,0,2,1,0,0,0,0,0,0,0,0,1,0,1,NONE,0,NONE,0,13,0,14,1,14,0.063,2
f0:263.43701,263.43701,263.43701,263.524848,272.289621667,299.835106667,330.055294,362.039988333,380.9513,379.140005
feature:ti3,2,2,2,3,2,1,0,0,2,12,1,0,2,0,1,0,0,1,131.774,0,0,131.774,1,1,1,NONE,NONE,Accented,1,12,1,13,2,13,0.125,3
f0:361.849022,341.456372,315.965566667,290.47475,266.599164,233.041556,191.18618,171.189763333,163.341368,177.602602
feature:jing1,2,2,2,1,3,4,0,0,1,11,2,0,1,9,2,1,0,0,134.774,131.774,131.774,134.774,1,1,1,Accented,NONE,NONE,2,11,2,12,3,12,0.188,1
f0:197.551093333,215.980508,233.950125,241.66509,245.739253333,251.220484,255.392055,259.730785,264.998808,265.217671667
feature:ji4,2,2,2,4,1,3,0,1,1,10,3,1,1,8,0,0,1,0,0,134.774,134.774,0,1,1,1,NONE,Accented,NONE,3,10,3,11,4,11,0.25,4
f0:264.234355714,269.115401667,271.477382857,255.579216667,232.812288571,213.31098,198.895488333,191.952047143,191.384313333,196.336125714
feature:suo3,2,2,2,3,4,2,0,1,1,9,4,1,1,7,1,0,0,0,0,0,0,0,1,1,1,NONE,NONE,NONE,4,9,4,10,5,10,0.313,3
f0:200.4266675,208.643698571,217.6621975,225.970442857,218.9068875,192.767978571,180.64536125,169.50982,159.42380375,157.29226
feature:ti2,2,2,2,2,3,4,0,1,1,8,5,1,1,6,2,0,0,0,0,0,0,0,1,1,1,NONE,NONE,NONE,5,8,5,9,6,9,0.375,2
f0:163.707243333,165.66425,166.31404,167.01024,167.706453333,168.53915,175.082133333,186.184423333,189.776588333,194.148933333
feature:chang4,2,2,2,4,2,5,0,1,1,7,6,1,1,5,3,0,0,0,0,0,0,0,1,1,1,NONE,NONE,NONE,6,7,6,8,7,8,0.438,4
f0:212.5458925,242.54414375,272.58389875,293.96086,285.9124675,261.130432857,233.19496375,207.19621125,197.54630375,192.358915
feature:de5,2,2,2,5,4,4,0,1,1,6,7,1,1,4,4,0,0,0,0,0,0,0,1,1,1,NONE,NONE,NONE,7,6,7,7,8,7,0.5,5
f0:190.384995,189.19637,184.024003333,174.776638,171.668525,169.976485,168.706738,168.058293333,171.62379,186.19099
feature:hu4,2,2,2,4,5,4,0,1,1,5,8,1,1,3,5,0,0,0,0,0,0,0,1,1,1,NONE,NONE,NONE,8,5,8,6,9,6,0.563,4
f0:207.234763,207.06964,203.496436,199.723398,195.950351,193.394955556,300.699449,341.09223,277.856387778,228.56661
feature:zhu4,2,2,2,4,4,2,0,1,1,4,9,1,1,2,6,0,0,0,0,0,0,0,1,1,1,NONE,NONE,NONE,9,4,9,5,10,5,0.625,4
f0:218.76034,248.194862857,274.74242,280.347458571,267.034862857,233.408628571,201.838417143,183.163656667,178.258397143,187.67716
feature:he2,2,2,2,2,4,4,0,1,1,3,10,1,1,1,7,0,0,0,0,0,0,0,1,1,1,NONE,NONE,NONE,10,3,10,4,11,4,0.688,2
f0:195.156441667,199.628738571,204.012033333,208.338381429,209.211601667,191.595883333,179.612551429,178.945603333,185.190917143,201.828231667
feature:zuo4,2,2,2,4,2,1,0,1,1,2,11,1,1,0,8,0,0,1,118.871,0,0,118.871,1,1,1,NONE,NONE,Accented,11,2,11,3,12,3,0.75,4
f0:219.758225,257.025066667,301.18329,335.65124,339.999528571,326.4053,296.41235,256.311626667,207.858801667,177.779716667
feature:jing1,2,2,2,1,4,5,0,1,0,1,12,1,0,1,9,1,0,0,121.871,118.871,118.871,121.871,1,1,4,Accented,NONE,NONE,12,1,12,2,13,2,0.813,1
f0:175.879683333,181.953006,189.922508333,198.740058333,204.35707,203.514914,198.463568333,196.659188333,197.93174,201.071158333
feature:shen5,2,2,0,5,1,0,0,2,0,0,13,2,0,0,0,0,1,0,110,121.871,121.871,0,4,1,0,NONE,Accented,0,13,0,13,1,14,1,0.875,5
f0:198.614421429,175.071151429,142.25435,109.361198571,83.0596471429,71.1828333333,71.4214914286,94.4787471429,148.427631429,212.98091
