feature:xi1,2,0,1,1,0,1,0,0,3,8,0,0,3,0,0,1,0,1,137.8235,139.412,0,137.8235,1,0,1,Accented,0,Accented,0,8,0,9,1,9,0.091,1
f0:309.93399,309.93399,309.93399,309.93399,309.331776667,302.593128333,300.70421,303.052283333,305.565957143,305.086543333
feature:an1,1,2,2,1,1,5,0,0,2,7,1,0,2,1,0,1,1,0,138.235,137.8235,137.8235,138.235,1,1,1,Accented,Accented,NONE,1,7,1,8,2,8,0.182,1
f0:303.454002,303.233544,303.56504,304.942724,307.062566,307.175365,303.077296,299.984676,296.925146,290.329114
feature:de5,2,1,2,5,1,1,0,1,2,6,2,1,2,0,0,0,1,1,131.47099,138.235,138.235,131.47099,1,1,1,NONE,Accented,Accented,2,6,2,7,3,7,0.273,5
f0:282.780635,270.808764286,241.140241667,214.61836,202.890407143,200.029396667,198.084421667,195.330398333,196.744431429,196.686735
feature:gao1,2,2,2,1,5,3,0,1,1,5,3,1,1,3,1,1,0,0,134.47099,131.47099,131.47099,134.47099,1,1,1,Accented,NONE,NONE,3,5,3,6,4,6,0.364,1
f0:193.892928333,222.236891429,276.94212,318.890812857,326.40942,329.218078333,333.885034286,338.340256667,339.822714286,334.635741667
feature:ya3,2,2,2,3,1,2,0,2,1,4,4,2,1,2,0,0,1,0,0,134.47099,134.47099,0,1,1,1,NONE,Accented,NONE,4,4,4,5,5,5,0.455,3
f0:304.256928571,275.956076667,261.278872857,224.563016667,185.977322857,158.361448333,147.830765714,141.720558333,139.52908,137.916228333
feature:yu2,2,2,2,2,3,4,0,2,1,3,5,2,1,1,1,0,0,0,0,0,0,0,1,1,1,NONE,NONE,NONE,5,3,5,4,6,4,0.545,2
f0:139.814375,143.034802,149.371558333,156.707022,165.317533333,172.82407,178.039306667,181.566416,187.76321,200.028418
feature:le4,2,2,2,4,2,1,0,2,1,2,6,2,1,0,2,0,0,1,126.765,0,0,126.765,1,1,1,NONE,NONE,Accented,6,2,6,3,7,3,0.636,4
f0:226.298148,243.358088333,260.089426,268.002766667,261.53676,245.338518,225.624451667,208.533458,200.412355,196.628526
feature:can1,2,2,2,1,4,3,0,2,0,1,7,2,0,4,3,1,0,0,129.765,126.765,126.765,129.765,1,1,3,Accented,NONE,NONE,7,1,7,2,8,2,0.727,1
f0:194.050586667,207.848126667,231.283337143,254.777868333,276.13653,297.495198333,319.585361667,333.397748571,336.833468333,338.158315
feature:yin3,2,2,2,3,1,4,0,3,0,0,8,3,0,3,0,0,1,0,0,129.765,129.765,0,3,1,1,NONE,Accented,NONE,8,0,8,1,9,1,0.818,3
f0:333.080346667,319.50394,283.998585,234.400335556,191.068746667,162.84179,141.726987778,83.0510225,62.1634255556,59.6005111111
feature:you4,2,2,2,4,3,4,0,0,1,6,0,0,1,2,1,0,0,0,0,0,0,0,1,3,1,NONE,NONE,NONE,0,6,0,7,1,7,0.111,4
f0:266.683526,271.179908333,271.742944,268.08604,257.316456667,245.563698,234.718488,224.570418,217.64463,202.444794
feature:zhuan4,2,2,2,4,4,5,0,0,1,5,1,0,1,1,2,0,0,0,0,0,0,0,1,1,1,NONE,NONE,NONE,1,5,1,6,2,6,0.222,4
f0:200.800384286,235.299077143,276.186248333,279.71774,260.050524286,236.4391,214.238254286,197.968761667,195.064942857,191.555731429
feature:ge5,2,2,2,5,4,1,0,0,1,4,2,0,1,0,3,0,0,1,120.882,0,0,120.882,1,1,1,NONE,NONE,Accented,2,4,2,5,3,5,0.333,5
f0:189.414428333,190.702586667,191.137677143,188.361956667,181.682211667,175.93588,171.758048333,169.631518571,172.461456667,177.798025
feature:bo1,2,2,2,1,5,3,0,0,0,3,3,0,0,3,4,1,0,0,123.882,120.882,120.882,123.882,1,1,1,Accented,NONE,NONE,3,3,3,4,4,4,0.444,1
f0:193.810281429,226.521484286,262.680957143,294.509245714,308.903318571,316.013295,319.857395714,323.597334286,329.096274286,324.548801429
feature:man3,2,2,2,3,1,2,0,1,0,2,4,1,0,2,0,0,1,0,0,123.882,123.882,0,1,1,1,NONE,Accented,NONE,4,2,4,3,5,3,0.556,3
f0:304.137115,288.684397143,261.443111667,215.349873333,172.767378571,146.594031667,133.35553,127.950125,140.565492857,156.273131667
feature:pen2,2,2,2,2,3,3,0,1,0,1,5,1,0,1,1,0,0,0,0,0,0,0,1,1,4,NONE,NONE,NONE,5,1,5,2,6,2,0.667,2
f0:173.66970375,181.170714286,184.73896875,188.183052857,186.7348225,169.4559775,172.641372857,191.500255,226.580707143,257.95495375
feature:man3,2,2,0,3,2,0,0,1,0,0,6,1,0,0,2,0,0,0,110,0,0,0,4,1,0,NONE,NONE,0,6,0,6,1,7,1,0.778,3
f0:264.053362,258.921564,236.397486,191.447354,150.492472,129.830066,124.789416,110.127958,94.183662,91.5241
