feature:gen1,2,0,2,1,0,4,0,0,1,8,0,0,1,6,0,1,0,0,137.524,134.524,0,137.524,1,0,1,Accented,0,NONE,0,8,0,9,1,9,0.091,1
f0:374.01999,374.01999,373.698012,363.71653,354.942305,354.621348,354.526956,353.453614,350.979456,341.046286
feature:ju4,2,2,1,4,1,4,0,0,1,7,1,0,1,5,0,0,1,0,0,137.524,137.524,0,1,1,1,NONE,Accented,NONE,1,7,1,8,2,8,0.182,4
f0:331.820965,329.658005,328.064453333,326.650401667,311.06446,282.601478,263.782625,249.119116667,239.635298333,224.44698
feature:er4,1,2,2,4,4,4,0,0,1,6,2,0,1,4,1,0,0,0,0,0,0,0,1,1,1,NONE,NONE,NONE,2,6,2,7,3,7,0.273,4
f0:220.982788333,234.158023333,257.65223,281.421066667,303.998945,311.16334,302.191571667,277.774976667,252.546786667,228.107466667
feature:pao4,2,1,2,4,4,4,0,0,1,5,3,0,1,3,2,0,0,0,0,0,0,0,1,1,1,NONE,NONE,NONE,3,5,3,6,4,6,0.364,4
f0:208.62007,222.750671429,240.87159,258.992512857,271.62788,257.74331875,229.36061,216.15552375,211.62514,211.279135
feature:kua4,2,2,2,4,4,4,0,0,1,4,4,0,1,2,3,0,0,0,0,0,0,0,1,1,1,NONE,NONE,NONE,4,4,4,5,5,5,0.455,4
f0:214.040671429,233.600108571,264.351324286,295.16371,325.947214286,353.097948571,361.86627,351.089251429,325.433568571,287.26434
feature:yue4,2,2,2,4,4,4,0,0,1,3,5,0,1,1,4,0,0,0,0,0,0,0,1,1,1,NONE,NONE,NONE,5,3,5,4,6,4,0.545,4
f0:262.495556,253.4521,250.844264,250.784324,250.440884,248.8621425,243.547948,230.954154,210.99772,196.18825
feature:shi4,2,2,2,4,4,1,0,0,1,2,6,0,1,0,5,0,0,1,128.33299,0,0,128.33299,1,1,1,NONE,NONE,Accented,6,2,6,3,7,3,0.636,4
f0:191.539525,190.079291667,190.579225,191.625561667,192.689635,193.647306,194.368511667,193.889303333,190.469246667,188.04721
feature:fa1,2,2,2,1,4,3,0,0,0,1,7,0,0,3,6,1,0,0,131.33299,128.33299,128.33299,131.33299,1,1,3,Accented,NONE,NONE,7,1,7,2,8,2,0.727,1
f0:190.685408333,207.219945,241.227885714,276.228621667,298.131703333,301.18523,299.246238333,301.187692857,308.211801667,297.595411667
feature:zhan3,2,2,2,3,1,4,0,1,0,0,8,1,0,2,0,0,1,0,0,131.33299,131.33299,0,3,1,1,NONE,Accented,NONE,8,0,8,1,9,1,0.818,3
f0:225.1484125,214.988211429,229.8562775,205.668041429,161.57606125,134.33260625,125.514221429,99.9222675,106.811627143,180.79988625
feature:dui4,2,2,2,4,3,4,0,0,4,10,0,0,4,1,1,0,0,0,0,0,0,0,1,3,1,NONE,NONE,NONE,0,10,0,11,1,11,0.077,4
f0:321.203,321.203,320.350325,304.048377143,286.5621025,268.440474286,253.10537875,244.452527143,239.8601775,237.758155714
feature:wu4,2,2,2,4,4,1,0,0,4,9,1,0,4,0,2,0,0,1,124.524,0,0,124.524,1,1,1,NONE,NONE,Accented,1,9,1,10,2,10,0.154,4
f0:241.530763333,262.916844,278.124766667,286.337544,303.7629,327.180776667,332.865466,325.237941667,304.908772,288.355511667
feature:zi1,2,2,2,1,4,3,0,0,3,8,2,0,3,3,3,1,0,0,127.524,124.524,124.524,127.524,1,1,1,Accented,NONE,NONE,2,8,2,9,3,9,0.231,1
f0:285.103764,287.652946,292.649876,297.774918,303.774315,319.34289,329.489324,329.872912,329.073528,324.02061
feature:bao3,2,2,2,3,1,4,0,1,3,7,3,1,3,2,0,0,1,0,0,127.524,127.524,0,1,1,1,NONE,Accented,NONE,3,7,3,8,4,8,0.308,3
f0:284.545448333,231.076446,221.5215,218.746202,195.197403333,169.689868,153.406701667,128.99157,120.743423333,148.568222
feature:zhang4,2,2,2,4,3,2,0,1,3,6,4,1,3,1,1,0,0,0,0,0,0,0,1,1,1,NONE,NONE,NONE,4,6,4,7,5,7,0.385,4
f0:194.51721375,230.3853025,260.35437875,274.83458625,262.0726375,230.424301429,195.564945,162.92071375,148.31769375,164.334015
feature:ti2,2,2,2,2,4,1,0,1,3,5,5,1,3,0,2,0,0,1,120.714,0,0,120.714,1,1,1,NONE,NONE,Accented,5,5,5,6,6,6,0.462,2
f0:185.010103333,189.216901667,193.695634,199.137928333,200.756963333,194.82989,191.47348,191.415296,191.48979,195.039385
feature:chu1,2,2,2,1,2,5,0,1,2,4,6,1,2,1,3,1,0,0,123.714,120.714,120.714,123.714,1,1,1,Accented,NONE,NONE,6,4,6,5,7,5,0.538,1
f0:201.702838,206.505786,211.289086,216.072394,220.855702,224.88554,232.299634,234.481564,233.771566,218.531666
feature:de5,2,2,2,5,1,1,0,2,2,3,7,2,2,0,0,0,1,1,118.81,123.714,123.714,118.81,1,1,1,NONE,Accented,Accented,7,3,7,4,8,4,0.615,5
f0:199.233115,198.701016,199.6084725,196.218714,185.0404175,177.2512925,169.114266,158.8656475,152.437364,152.10725
feature:xin1,2,2,2,1,5,1,0,2,1,2,8,2,1,0,1,1,0,1,122.3335,118.81,118.81,122.3335,1,1,1,Accented,NONE,Accented,8,2,8,3,9,3,0.692,1
f0:167.40784,188.840831429,213.93711125,239.123751429,262.372942857,287.705181429,306.425038571,309.815215,310.374171429,309.206062857
feature:yao1,2,2,2,1,1,2,0,3,0,1,9,3,0,1,0,1,1,0,120.857,122.3335,122.3335,120.857,1,1,4,Accented,Accented,NONE,9,1,9,2,10,2,0.769,1
f0:307.757794,306.2959125,303.722408,300.1589975,298.030772,298.483396,301.296835,303.326872,303.20138,290.155214
feature:qiu2,2,2,0,2,1,0,0,4,0,0,10,4,0,0,0,0,1,0,110,120.857,120.857,0,4,1,0,NONE,Accented,0,10,0,10,1,11,1,0.846,2
f0:253.57397125,232.558358889,213.01359625,193.584116667,174.014725,128.08475375,106.852893333,101.9761075,83.5963588889,71.94244875
