feature:wu3,2,0,2,3,0,4,0,0,6,11,0,0,6,1,0,0,0,0,0,0,0,0,1,0,1,NONE,0,NONE,0,11,0,12,1,12,0.071,3
f0:224.665002,224.460215,222.463826,218.999245,212.193884,199.493764,193.037335,193.098252,198.01201,203.469276
feature:han4,2,2,2,4,3,1,0,0,6,10,1,0,6,0,1,0,0,1,132.436,0,0,132.436,1,1,1,NONE,NONE,Accented,1,10,1,11,2,11,0.143,4
f0:213.74127625,242.221182222,272.7793,293.983233333,286.56136,268.4839625,251.340642222,240.06201625,241.035066667,248.81476
feature:dong1,2,2,2,1,4,2,0,0,5,9,2,0,5,1,2,1,0,0,135.436,132.436,132.436,135.436,1,1,1,Accented,NONE,NONE,2,9,2,10,3,10,0.214,1
f0:259.440108333,296.012848333,338.933871667,353.29331,354.012411429,354.801406667,356.227253333,360.613045,363.836168333,348.494326667
feature:hu2,2,2,2,2,1,1,0,1,5,8,3,1,5,0,0,0,1,1,130.38499,135.436,135.436,130.38499,1,1,1,NONE,Accented,Accented,3,8,3,9,4,9,0.286,2
f0:326.929291667,311.201095,295.532911667,279.329966667,241.94092,206.721218333,193.216861667,198.781578333,226.048088333,235.58904
feature:feng1,2,2,2,1,2,3,0,1,4,7,4,1,4,1,1,1,0,0,133.38499,130.38499,130.38499,133.38499,1,1,1,Accented,NONE,NONE,4,7,4,8,5,8,0.357,1
f0:247.072463333,271.23558,296.428625,318.639283333,326.344283333,327.668836,328.912638333,329.348638333,325.60757,306.422493333
feature:jing3,2,2,2,3,1,1,0,2,4,6,5,2,4,0,0,0,1,1,128.33299,133.38499,133.38499,128.33299,1,1,1,NONE,Accented,Accented,5,6,5,7,6,7,0.429,3
f0:285.934954,268.299296667,249.940202,228.80535,203.46188,179.79353,160.786136,146.207956,140.919448333,155.265682
feature:qu1,2,2,2,1,3,5,0,2,3,5,6,2,3,1,1,1,0,0,131.33299,128.33299,128.33299,131.33299,1,1,1,Accented,NONE,NONE,6,5,6,6,7,6,0.5,1
f0:179.891581667,193.936328,207.327066667,220.717808,233.580378333,239.883088,240.540115,240.66,235.790125,214.7163
feature:de5,2,2,2,5,1,1,0,3,3,4,7,3,3,0,0,0,1,1,126.282,131.33299,131.33299,126.282,1,1,1,NONE,Accented,Accented,7,4,7,5,8,5,0.571,5
f0:204.480754,208.275535,211.586816,209.523804,200.42596,189.554666,183.679676,183.610872,189.431918333,202.70915
feature:san1,2,2,2,1,5,1,0,3,2,3,8,3,2,0,1,1,0,1,129.769,126.282,126.282,129.769,1,1,1,Accented,NONE,Accented,8,3,8,4,9,4,0.643,1
f0:213.095937143,232.241155,257.3773,284.798551429,309.802774286,317.02214,315.20275,306.670541429,304.958505,302.509822857
feature:dui1,2,2,2,1,1,1,0,4,1,2,9,4,1,0,0,1,1,1,128.7435,129.769,129.769,128.7435,1,1,1,Accented,Accented,Accented,9,2,9,3,10,3,0.714,1
f0:298.811566,306.564735,317.25678,318.889654,317.02976,314.792175,314.578996,315.392272,316.014875,317.195814
feature:gou1,2,2,2,1,1,3,0,5,0,1,10,5,0,6,0,1,1,0,127.231,128.7435,128.7435,127.231,1,1,3,Accented,Accented,NONE,10,1,10,2,11,2,0.786,1
f0:322.012218333,331.236975,339.529713333,340.149391667,334.648875,333.443712,334.117466667,336.615661667,337.646646667,327.024221667
feature:huo3,2,2,2,3,1,4,0,6,0,0,11,6,0,5,0,0,1,0,0,127.231,127.231,0,3,1,1,NONE,Accented,NONE,11,0,11,1,12,1,0.857,3
f0:295.540895,265.461435556,235.87286625,207.508922222,175.69760875,154.94277625,234.382774444,352.25983625,363.4407,365.86951625
feature:che4,2,2,2,4,3,4,0,0,1,5,0,0,1,4,1,0,0,0,0,0,0,0,1,3,1,NONE,NONE,NONE,0,5,0,6,1,6,0.125,4
f0:326.021015,326.02103,326.02103,326.02103,333.226012857,340.43815,329.050713333,301.890278333,269.82499,233.591825
feature:ye4,2,2,2,4,4,2,0,0,1,4,1,0,1,3,2,0,0,0,0,0,0,0,1,1,1,NONE,NONE,NONE,1,4,1,5,2,5,0.25,4
f0:206.864866667,192.100263333,196.999612857,204.913361667,203.287231667,192.024795,174.790643333,143.529841429,129.362265,128.085123333
feature:xiong2,2,2,2,2,4,2,0,0,1,3,2,0,1,2,3,0,0,0,0,0,0,0,1,1,1,NONE,NONE,NONE,2,3,2,4,3,4,0.375,2
f0:144.18823125,155.8629525,166.53959625,178.8564125,192.053007778,200.8702875,181.911105,171.6753675,184.692015,226.268875
feature:xiong2,2,2,2,2,2,2,0,0,1,2,3,0,1,1,4,0,0,0,0,0,0,0,1,1,1,NONE,NONE,NONE,3,2,3,3,4,3,0.5,2
f0:247.640668571,241.72382,226.74044,211.380613333,196.426364286,186.291581667,174.881678571,168.282896667,174.549941429,186.794465
feature:ran2,2,2,2,2,2,1,0,0,1,1,4,0,1,0,5,0,0,1,117.051,0,0,117.051,1,1,4,NONE,NONE,Accented,4,1,4,2,5,2,0.625,2
f0:187.960946,183.129565,168.414054,151.73433,140.616736,133.392522,130.83173,129.562884,133.036225,142.907632
feature:shao1,2,2,0,1,2,0,0,0,0,0,5,0,0,0,6,1,0,0,120.051,117.051,117.051,0,4,1,0,Accented,NONE,0,5,0,5,1,6,1,0.75,1
f0:164.13056,185.1777625,206.935565556,228.021827778,231.185613333,228.84844375,228.307191111,226.25914,225.7925125,230.507716667
