feature:ru2,2,0,2,2,0,3,0,0,3,15,0,0,3,4,0,0,0,0,0,0,0,0,1,0,1,NONE,0,NONE,0,15,0,16,1,16,0.056,2
f0:247.29316,261.936848,272.067596,292.401764,317.593078,340.714972,357.863398,358.069118,338.864204,324.478784
feature:guo3,2,2,2,3,2,4,0,0,3,14,1,0,3,3,1,0,0,0,0,0,0,0,1,1,1,NONE,NONE,NONE,1,14,1,15,2,15,0.111,3
f0:312.1820225,297.428332,282.63318,271.23436,250.7259,214.0283525,194.4538225,182.2943825,175.680486,174.77348
feature:rang4,2,2,2,4,3,3,0,0,3,13,2,0,3,2,2,0,0,0,0,0,0,0,1,1,1,NONE,NONE,NONE,2,13,2,14,3,14,0.167,4
f0:180.080086,195.464155,220.25265,252.203901667,263.83468,265.489406,267.413091667,261.271558,245.026811667,229.084568
feature:ni3,2,2,2,3,4,4,0,0,3,12,3,0,3,1,3,0,0,0,0,0,0,0,1,1,1,NONE,NONE,NONE,3,12,3,13,4,13,0.222,3
f0:217.205973333,204.514954286,191.637206667,180.850227143,170.37415,158.817191667,153.886244286,154.007448333,154.909998571,159.318111667
feature:zai4,2,2,2,4,3,1,0,0,3,11,4,0,3,0,4,0,0,1,128.714,0,0,128.714,1,1,1,NONE,NONE,Accented,4,11,4,12,5,12,0.278,4
f0:187.72142625,224.620892857,244.41401125,236.472187143,220.4857725,207.129844286,196.01790625,188.705674286,187.2061,188.526234286
feature:jie1,2,2,2,1,4,2,0,0,2,10,5,0,2,2,5,1,0,0,131.714,128.714,128.714,131.714,1,1,1,Accented,NONE,NONE,5,10,5,11,6,11,0.333,1
f0:191.798918333,199.089801667,213.13119,227.73197,243.608191667,258.136788,262.304011667,264.991535,266.632445,263.420053333
feature:tou2,2,2,2,2,1,2,0,1,2,9,6,1,2,1,0,0,1,0,0,131.714,131.714,0,1,1,1,NONE,Accented,NONE,6,9,6,10,7,10,0.389,2
f0:252.07238,238.03688,224.001376667,210.916106667,182.788818889,170.276535556,168.773646667,174.410323333,186.55107,194.089622222
feature:lian2,2,2,2,2,2,1,0,1,2,8,7,1,2,0,1,0,0,1,125.286,0,0,125.286,1,1,1,NONE,NONE,Accented,7,8,7,9,8,9,0.444,2
f0:195.10179,193.408318571,191.095327143,185.449115714,177.561157143,173.339823333,173.09889,183.341452857,212.429888571,233.954435714
feature:dai1,2,2,2,1,2,3,0,1,1,7,8,1,1,1,2,1,0,0,128.286,125.286,125.286,128.286,1,1,1,Accented,NONE,NONE,8,7,8,8,9,8,0.5,1
f0:243.193043333,268.141208,303.504728333,309.01806,311.070323333,312.881558333,314.491112,316.591863333,317.994068,317.339305
feature:ji3,2,2,2,3,1,1,0,2,1,6,9,2,1,0,0,0,1,1,123,128.286,128.286,123,1,1,1,NONE,Accented,Accented,9,6,9,7,10,7,0.556,3
f0:308.007823333,286.008188333,261.826995,237.645786667,211.046455714,187.08166,169.051813333,151.572423333,148.854341667,173.060893333
feature:tian1,2,2,2,1,3,3,0,2,0,5,10,2,0,5,1,1,0,0,126,123,123,126,1,1,1,Accented,NONE,NONE,10,5,10,6,11,6,0.611,1
f0:190.820212222,206.269707778,221.919516667,239.084888889,258.052138889,260.12930625,260.922358889,265.687366667,273.467001111,278.738333333
feature:zhao3,2,2,2,3,1,2,0,3,0,4,11,3,0,4,0,0,1,0,0,126,126,0,1,1,1,NONE,Accented,NONE,11,4,11,5,12,5,0.667,3
f0:270.553255,262.476748333,254.629776667,247.740448333,229.763644286,180.056588333,142.203385,78.412275,64.24125,81.5650833333
feature:bu2,2,2,2,2,3,4,0,3,0,3,12,3,0,3,1,0,0,0,0,0,0,0,1,1,1,NONE,NONE,NONE,12,3,12,4,13,4,0.722,2
f0:93.8070366667,100.30453,112.26255,128.599705,145.109203333,158.316803333,173.1631475,183.742103333,194.0117775,198.80459
feature:dao4,2,2,2,4,2,2,0,3,0,2,13,3,0,2,2,0,0,0,0,0,0,0,1,1,1,NONE,NONE,NONE,13,2,13,3,14,3,0.778,4
f0:204.189238,235.159793333,254.460992,252.218226,241.404341667,221.71587,200.435982,180.860104,172.64152,181.588718
feature:huo2,2,2,2,2,4,4,0,3,0,1,14,3,0,1,3,0,0,0,0,0,0,0,1,1,4,NONE,NONE,NONE,14,1,14,2,15,2,0.833,2
f0:184.840281429,182.261056667,179.149837143,176.038618333,173.00817,166.061214286,152.462421667,157.321001429,172.67253,186.08684
feature:gan4,2,2,0,4,2,0,0,3,0,0,15,3,0,0,4,0,0,0,110,0,0,0,4,1,0,NONE,NONE,0,15,0,15,1,16,1,0.889,4
f0:200.44593625,241.992454286,281.68370125,277.253744286,246.3454825,193.324858571,116.12501875,102.860632857,172.2742325,194.050494286
