feature:yi3,2,0,2,3,0,1,0,0,5,16,0,0,5,0,0,0,0,1,133.33299,0,0,133.33299,1,0,1,NONE,0,Accented,0,16,0,17,1,8,0.1,3
f0:251.6557,252.159481667,249.133051667,244.859106667,241.676365,239.612506,238.692521667,239.281871667,243.981186667,247.73252
feature:ha1,2,2,1,1,3,3,0,0,4,15,1,0,4,1,1,1,0,0,131.5,133.33299,133.33299,131.5,1,1,1,Accented,NONE,NONE,1,15,1,16,2,7,0.2,1
f0:258.155978333,271.032124,283.945495,296.858908,310.06374,334.770588333,349.89995,353.067756667,352.226312,343.536168333
feature:er3,1,2,2,3,1,1,0,1,4,14,2,1,4,0,0,0,1,1,131.66701,131.5,131.5,131.66701,1,1,1,NONE,Accented,Accented,2,14,2,15,3,6,0.3,3
f0:328.2447325,314.272173333,293.6521525,264.5109975,238.9562725,224.694503333,215.8481775,211.895095,210.675583333,210.749875
feature:bin1,2,1,2,1,3,1,0,1,3,13,3,1,3,0,1,1,0,1,135.11151,131.66701,131.66701,135.11151,1,1,1,Accented,NONE,Accented,3,13,3,14,4,5,0.4,1
f0:217.352774286,257.57046125,289.301307143,290.89287375,292.428104286,294.504774286,296.16862,298.157591429,301.9203725,299.285161429
feature:bing1,2,2,2,1,1,3,0,2,2,12,4,2,2,8,0,1,1,0,133.556,135.11151,135.11151,133.556,1,1,1,Accented,Accented,NONE,4,12,4,13,5,4,0.5,1
f0:296.978881667,309.849415,326.30732,339.56864,345.746655,350.167622,354.37145,359.903358333,362.787546667,357.284785
feature:xue3,2,2,2,3,1,4,0,3,2,11,5,3,2,7,0,0,1,0,0,133.556,133.556,0,1,1,1,NONE,Accented,NONE,5,11,5,12,6,3,0.6,3
f0:334.73471,315.356023333,296.880244286,276.72485,254.005781429,222.55355,196.969922857,165.031832857,149.962166667,154.709985714
feature:da4,2,2,2,4,3,4,0,3,2,10,6,3,2,6,1,0,0,0,0,0,0,0,1,1,1,NONE,NONE,NONE,6,10,6,11,7,2,0.7,4
f0:183.612603333,214.656206,245.699811667,273.769966,282.695328333,286.435502,284.64916,271.503498,256.343571667,246.505532
feature:shi4,2,2,2,4,4,4,0,3,2,9,7,3,2,5,2,0,0,0,0,0,0,0,1,1,1,NONE,NONE,NONE,7,9,7,10,8,1,0.8,4
f0:240.131026667,241.584775,250.715373333,261.084496667,271.453643333,281.82279,289.887671667,289.465338333,278.212786667,272.897085
feature:jie4,2,2,2,4,4,2,0,3,2,8,8,3,2,4,3,0,0,0,0,0,0,0,1,1,1,NONE,NONE,NONE,8,8,8,9,1,9,0.091,4
f0:337.305183333,342.11304,341.414211667,336.599194,331.635135,317.791616,292.94434,262.044926,225.366655,193.79481
feature:wei2,2,2,2,2,4,4,0,3,2,7,9,3,2,3,4,0,0,0,0,0,0,0,1,1,1,NONE,NONE,NONE,9,7,9,8,2,8,0.182,2
f0:171.90917,165.49704,165.885,166.262484,162.398546,157.5269375,157.657902,161.923478,168.666315,179.562438
feature:dai4,2,2,2,4,2,3,0,3,2,6,10,3,2,2,5,0,0,0,0,0,0,0,1,1,1,NONE,NONE,NONE,10,6,10,7,3,7,0.273,4
f0:201.387096667,230.805698,267.636996667,286.635796,287.820891667,284.067658,271.258121667,254.851364,237.901461667,214.104056
feature:biao3,2,2,2,3,4,5,0,3,2,5,11,3,2,1,6,0,0,0,0,0,0,0,1,1,1,NONE,NONE,NONE,11,5,11,6,4,6,0.364,3
f0:201.821406667,200.872901429,199.628861667,186.34653,161.348,136.978305,83.9100371429,74.7588783333,96.4372642857,112.1842
feature:de5,2,2,2,5,3,1,0,3,2,4,12,3,2,0,7,0,0,1,120.556,0,0,120.556,1,1,1,NONE,NONE,Accented,12,4,12,5,5,5,0.455,5
f0:129.417553333,148.357238571,163.133895,166.889435714,169.32163,171.69215,173.809751429,177.497215,179.798531429,183.288598333
feature:bing1,2,2,2,1,5,1,0,3,1,3,13,3,1,0,8,1,0,1,124,120.556,120.556,124,1,1,1,Accented,NONE,Accented,13,3,13,4,6,4,0.545,1
f0:198.17764875,220.044665,247.445008889,274.87999625,295.996385,305.64162,309.58146625,309.053795556,308.2137075,303.99693625
feature:diao1,2,2,2,1,1,3,0,4,0,2,14,4,0,2,0,1,1,0,122.444,124,124,122.444,1,1,1,Accented,Accented,NONE,14,2,14,3,7,3,0.636,1
f0:290.405493333,298.657008333,313.599238571,315.147793333,313.703131667,309.429926667,307.488641667,309.271158571,309.335708333,308.293518333
feature:xue3,2,2,2,3,1,4,0,5,0,1,15,5,0,1,0,0,1,0,0,122.444,122.444,0,1,1,4,NONE,Accented,NONE,15,1,15,2,8,2,0.727,3
f0:302.367257143,288.81514,273.936262857,259.057388333,244.178504286,227.790648571,203.818486667,165.345424286,109.674288333,89.9215828571
feature:su4,2,2,0,4,3,0,0,5,0,0,16,5,0,0,1,0,0,0,110,0,0,0,4,1,0,NONE,NONE,0,16,0,16,1,9,1,0.818,4
f0:115.085718889,156.455965556,197.868512222,239.281043333,269.32489,255.331556667,202.240416667,127.85419,81.2818866667,73.5917077778
