feature:shi4,2,0,2,4,0,2,0,0,0,6,0,0,0,7,0,0,0,0,0,130,0,0,1,0,1,NONE,0,NONE,0,6,0,7,1,7,0.111,4
f0:367.06799,367.06799,367.06799,367.06799,367.06799,367.06799,364.313788,354.7495025,342.099054,325.012
feature:yi2,2,2,2,2,4,4,0,0,0,5,1,0,0,6,1,0,0,0,0,0,0,0,1,1,1,NONE,NONE,NONE,1,5,1,6,2,6,0.222,2
f0:305.13629,279.132356,255.2330425,239.19317,228.974444,226.985775,228.3868925,232.856095,242.076858,248.5618425
feature:wei4,2,2,2,4,2,4,0,0,0,4,2,0,0,5,2,0,0,0,0,0,0,0,1,1,1,NONE,NONE,NONE,2,4,2,5,3,5,0.333,4
f0:250.934013333,260.240541667,287.570781667,293.962233333,289.057178333,278.330211667,265.310348333,252.725881667,247.067518333,246.756008333
feature:huan4,2,2,2,4,4,5,0,0,0,3,3,0,0,4,3,0,0,0,0,0,0,0,1,1,1,NONE,NONE,NONE,3,3,3,4,4,4,0.444,4
f0:247.500918333,255.545666667,279.15601,305.193688333,333.835144286,359.366578333,364.609775,360.465096667,349.394145,332.096125
feature:le5,2,2,2,5,4,4,0,0,0,2,4,0,0,3,4,0,0,0,0,0,0,0,1,1,1,NONE,NONE,NONE,4,2,4,3,5,3,0.556,5
f0:306.176924,272.455286667,246.055654,226.776361667,214.828912,208.349202,201.515535,197.592304,198.971961667,206.64964
feature:xue4,2,2,1,4,5,2,0,0,0,1,5,0,0,2,5,0,0,0,0,0,0,0,1,1,3,NONE,NONE,NONE,5,1,5,2,6,2,0.667,4
f0:212.357118571,221.3558,242.50961,265.087951429,289.54785625,313.275612857,322.134321429,312.551781429,281.681585714,246.753578571
feature:ai2,1,2,2,2,4,2,0,0,0,0,6,0,0,1,6,0,0,0,0,0,0,0,3,1,1,NONE,NONE,NONE,6,0,6,1,7,1,0.778,2
f0:201.455852222,159.557931111,156.3531975,155.519706667,152.300401111,156.957554444,162.578614444,161.74793,169.877721111,189.947318889
feature:cong2,2,1,2,2,2,1,0,0,2,8,0,0,2,0,7,0,0,1,125.588,0,0,125.588,1,3,1,NONE,NONE,Accented,0,8,0,9,1,9,0.091,2
f0:226.19901,226.19901,225.71235875,202.77542,182.351334444,181.21076,189.189855,196.61197125,209.765075,222.0079775
feature:jiang1,2,2,2,1,2,1,0,0,1,7,1,0,1,0,8,1,0,1,129,125.588,125.588,129,1,1,1,Accented,NONE,Accented,1,7,1,8,2,8,0.182,1
f0:227.953705,250.996356667,289.521368333,318.382873333,324.69866,325.821132,323.622915,321.16448,321.73215,317.906388333
feature:su1,2,2,2,1,1,2,0,1,0,6,2,1,0,6,0,1,1,0,127.412,129,129,127.412,1,1,1,Accented,Accented,NONE,2,6,2,7,3,7,0.273,1
f0:312.606426667,314.295704,318.334096667,322.464276,326.95597,333.617648333,334.180106,329.802643333,326.338916,312.958073333
feature:lai2,2,2,2,2,1,5,0,2,0,5,3,2,0,5,0,0,1,0,0,127.412,127.412,0,1,1,1,NONE,Accented,NONE,3,5,3,6,4,6,0.364,2
f0:288.90157,272.149574,238.884822,198.856202,168.09271,151.545346,150.089412,153.999236,160.171326,165.215004
feature:de5,2,2,2,5,2,3,0,2,0,4,4,2,0,4,1,0,0,0,0,0,0,0,1,1,1,NONE,NONE,NONE,4,4,4,5,5,5,0.455,5
f0:178.17319,192.433593333,198.919176,197.438851667,189.682182,180.536582,170.696543333,165.555158,161.041545,140.510574
feature:mei3,2,2,2,3,5,4,0,2,0,3,5,2,0,3,2,0,0,0,0,0,0,0,1,1,1,NONE,NONE,NONE,5,3,5,4,6,4,0.545,3
f0:97.683225,109.501665714,171.589378333,194.082093333,188.605497143,179.811651667,161.549376667,141.323266667,133.288877143,135.05266
feature:li4,2,2,2,4,3,4,0,2,0,2,6,2,0,2,3,0,0,0,0,0,0,0,1,1,1,NONE,NONE,NONE,6,2,6,3,7,3,0.636,4
f0:144.554991667,177.24589,221.88649,256.907503333,274.663371667,273.35277,256.696428333,234.593972,217.026855,213.383083333
feature:shao4,2,2,2,4,4,3,0,2,0,1,7,2,0,1,4,0,0,0,0,0,0,0,1,1,4,NONE,NONE,NONE,7,1,7,2,8,2,0.727,4
f0:225.809241429,247.984168333,270.552202857,293.120245,313.357078571,317.150166667,303.598327143,274.37333,240.150058571,207.643758333
feature:nv3,2,2,0,3,4,0,0,2,0,0,8,2,0,0,5,0,0,0,110,0,0,0,4,1,0,NONE,NONE,0,8,0,8,1,9,1,0.818,3
f0:183.467772857,168.447284286,157.848987143,153.021741429,147.344074286,136.329945,112.846391429,118.592674286,166.255185714,232.050087143
