feature:quan2,2,0,2,2,0,3,0,0,1,7,0,0,1,2,0,0,0,0,0,130,0,0,1,0,1,NONE,0,NONE,0,7,0,8,1,4,0.167,2
f0:274.43301,274.43301,274.43301,274.050233333,251.165645714,230.871814286,240.49074,273.044877143,314.131013333,333.080674286
feature:chang3,2,2,2,3,2,2,0,0,1,6,1,0,1,1,1,0,0,0,0,0,0,0,1,1,1,NONE,NONE,NONE,1,6,1,7,2,3,0.333,3
f0:316.776235714,292.357191667,267.960092857,248.005726667,230.238838571,180.429392857,146.856341667,106.85232,80.6570716667,83.93833
feature:zhi2,2,2,2,2,3,1,0,0,1,5,2,0,1,0,2,0,0,1,130.48399,0,0,130.48399,1,1,1,NONE,NONE,Accented,2,5,2,6,3,2,0.5,2
f0:93.5835183333,113.841086,135.275246667,156.709404,175.38015,187.570748333,196.33237,208.541195,214.34021,217.514043333
feature:gong1,2,2,2,1,2,4,0,0,0,4,3,0,0,9,3,1,0,0,133.48399,130.48399,130.48399,0,1,1,1,Accented,NONE,NONE,3,4,3,5,4,1,0.667,1
f0:252.179804286,282.646914286,283.703594286,282.293434286,281.31066,281.827581667,283.724891429,284.442167143,266.116221429,231.098522857
feature:li4,2,2,2,4,1,2,0,1,0,3,4,1,0,8,0,0,1,0,0,0,133.48399,0,1,1,1,NONE,Accented,NONE,4,3,4,4,1,4,0.167,4
f0:286.791326,298.557244,321.14064,355.999846,354.779498,341.613164,324.923638,294.186981667,261.582742,235.146952
feature:zu2,2,2,2,2,4,3,0,1,0,2,5,1,0,7,1,0,0,0,0,0,0,0,1,1,1,NONE,NONE,NONE,5,2,5,3,2,3,0.333,2
f0:219.602866,223.021631667,233.491506,236.401424,231.850373333,232.093048,240.760074,252.726288,259.722945,235.429008
feature:gang3,2,2,2,3,2,4,0,1,0,1,6,1,0,6,2,0,0,0,0,0,0,0,1,1,3,NONE,NONE,NONE,6,1,6,2,3,2,0.5,3
f0:195.36618,220.790888571,218.72274125,166.576107143,129.05605125,81.73953375,66.3034514286,71.17016125,81.3844314286,152.63232125
feature:wei4,2,2,2,4,3,4,0,1,0,0,7,1,0,5,3,0,0,0,0,0,0,0,3,1,1,NONE,NONE,NONE,7,0,7,1,4,1,0.667,4
f0:235.940857143,276.505473333,283.350067143,273.859331429,250.318787143,206.653101667,160.219342857,123.561212857,109.041096667,105.980312857
feature:da4,2,2,2,4,4,3,0,0,1,5,0,0,1,4,4,0,0,0,0,0,0,0,1,3,1,NONE,NONE,NONE,0,5,0,6,1,2,0.25,4
f0:316.737,316.737,316.198434,311.054726,302.405616,291.3950275,275.802264,251.909878,227.666874,213.960074
feature:gao3,2,2,2,3,4,4,0,0,1,4,1,0,1,3,5,0,0,0,0,0,0,0,1,1,1,NONE,NONE,NONE,1,4,1,5,2,1,0.5,3
f0:201.051207143,194.210252857,185.458381429,169.589572857,140.968001429,118.747907143,112.816801429,102.855987143,98.1132,98.1132
feature:ji4,2,2,2,4,3,4,0,0,1,3,2,0,1,2,6,0,0,0,0,0,0,0,1,1,1,NONE,NONE,NONE,2,3,2,4,1,2,0.25,4
f0:293.40302,293.40302,293.40302,293.35112,291.264154,288.4067625,280.581968,260.680132,238.239672,216.174318
feature:shu4,2,2,2,4,4,2,0,0,1,2,3,0,1,1,7,0,0,0,0,0,0,0,1,1,1,NONE,NONE,NONE,3,2,3,3,2,1,0.5,4
f0:210.940823333,212.044902,213.853315,215.661734,216.73926,211.874548333,192.591704,171.81442,142.894874,120.41221
feature:ge2,2,2,2,2,4,1,0,0,1,1,4,0,1,0,8,0,0,1,117.581,0,0,117.581,1,1,4,NONE,NONE,Accented,4,1,4,2,1,2,0.25,2
f0:163.421015,163.42102,161.181535,151.3281925,139.226542,137.25201,139.5439,142.9125825,154.324182,180.0200875
feature:xin1,2,2,0,1,2,0,0,0,0,0,5,0,0,0,9,1,0,0,120.581,117.581,117.581,0,4,1,0,Accented,NONE,0,5,0,5,1,2,1,0.5,1
f0:196.431917778,216.004147778,238.771286667,260.046667778,266.754801111,268.56803625,271.29352,273.259951111,282.074263333,291.893867778
