feature:mu4,2,0,2,4,0,3,0,0,1,7,0,0,1,5,0,0,0,0,0,0,0,0,1,0,1,NONE,0,NONE,0,7,0,8,1,8,0.1,4
f0:349.92054,357.8001475,367.208566667,373.4514075,374.3364875,372.758965,366.284105,356.589703333,345.255365,326.6014875
feature:han3,2,2,2,3,4,4,0,0,1,6,1,0,1,4,1,0,0,0,0,0,0,0,1,1,1,NONE,NONE,NONE,1,6,1,7,2,7,0.2,3
f0:286.852758,252.768256667,242.125692,232.183063333,222.249602,214.363696,198.904365,180.599006,175.146988333,168.890324
feature:mo4,2,2,2,4,3,2,0,0,1,5,2,0,1,3,2,0,0,0,0,0,0,0,1,1,1,NONE,NONE,NONE,2,5,2,6,3,6,0.3,4
f0:165.403145,172.734956667,188.968116667,211.58913,230.583548333,233.681426667,227.738568333,217.601393333,203.078015,192.567393333
feature:de2,2,2,2,2,4,4,0,0,1,4,3,0,1,2,3,0,0,0,0,0,0,0,1,1,1,NONE,NONE,NONE,3,4,3,5,4,5,0.4,2
f0:192.752817143,191.558148333,183.091582857,172.066835714,170.552498571,174.59929,176.076714286,178.041198571,191.712575,210.198335714
feature:xie4,2,2,2,4,2,3,0,0,1,3,4,0,1,1,4,0,0,0,0,0,0,0,1,1,1,NONE,NONE,NONE,4,3,4,4,5,4,0.5,4
f0:225.267656667,241.63787,261.503023333,281.376185,303.236672857,325.046251667,338.161643333,337.207181667,321.679028333,289.001338333
feature:li3,2,2,2,3,4,1,0,0,1,2,5,0,1,0,5,0,0,1,129.694,0,0,129.694,1,1,1,NONE,NONE,Accented,5,2,5,3,6,3,0.6,3
f0:237.688958,212.646322,202.64439,193.408152,172.482772,149.14644,131.002318,118.4568925,108.077358,105.959616
feature:fu1,2,2,2,1,3,4,0,0,0,1,6,0,0,2,6,1,0,0,132.694,129.694,129.694,132.694,1,1,3,Accented,NONE,NONE,6,1,6,2,7,2,0.7,1
f0:120.166743333,145.489938,171.290931667,197.091922,222.892908333,247.868023333,256.499542,262.0292,266.761116,267.013326667
feature:han4,2,2,2,4,1,4,0,1,0,0,7,1,0,1,0,0,1,0,0,132.694,132.694,0,3,1,1,NONE,Accented,NONE,7,0,7,1,8,1,0.8,4
f0:269.62017,280.986015556,293.359315,297.029564444,260.69244125,199.445715,154.302633333,135.717815,131.474567778,171.27895375
feature:zai4,2,2,2,4,4,1,0,0,5,14,0,0,5,0,1,0,0,1,127.245,0,0,127.245,1,3,1,NONE,NONE,Accented,0,14,0,15,1,15,0.059,4
f0:321.889027143,304.988181667,271.92572,255.521826667,245.746574286,234.52964,225.21235,219.042295714,218.537008333,216.02532
feature:jing1,2,2,2,1,4,4,0,0,4,13,1,0,4,2,2,1,0,0,130.245,127.245,127.245,130.245,1,1,1,Accented,NONE,NONE,1,13,1,14,2,14,0.118,1
f0:209.633638333,220.142264,240.979563333,264.509268333,288.392468333,302.220446,308.11525,310.390916667,311.659774,315.041133333
feature:guo4,2,2,2,4,1,3,0,1,4,12,2,1,4,1,0,0,1,0,0,130.245,130.245,0,1,1,1,NONE,Accented,NONE,2,12,2,13,3,13,0.176,4
f0:319.746333333,314.642028,299.963526667,281.750164,264.435636667,239.766418333,219.705288,208.20425,200.679872,196.716973333
feature:jing3,2,2,2,3,4,1,0,1,4,11,3,1,4,0,1,0,0,1,124.79601,0,0,124.79601,1,1,1,NONE,NONE,Accented,3,11,3,12,4,12,0.235,3
f0:195.005351429,199.672723333,207.574242857,212.879412857,206.516087143,185.595325,163.665077143,145.810585714,141.745231667,152.117681429
feature:fang1,2,2,2,1,3,2,0,1,3,10,4,1,3,6,2,1,0,0,127.796,124.79601,124.79601,127.796,1,1,1,Accented,NONE,NONE,4,10,4,11,5,11,0.294,1
f0:181.379461667,211.513062857,240.764023333,254.267583333,254.845485714,257.659228333,260.521738333,261.53509,267.327085714,273.065443333
feature:xun2,2,2,2,2,1,4,0,2,3,9,5,2,3,5,0,0,1,0,0,127.796,127.796,0,1,1,1,NONE,Accented,NONE,5,9,5,10,6,10,0.353,2
f0:268.536035,258.134754286,252.168068333,246.248178571,240.328291667,234.946571667,225.335097143,194.524878333,179.837098571,183.482471667
feature:wen4,2,2,2,4,2,4,0,2,3,8,6,2,3,4,1,0,0,0,0,0,0,0,1,1,1,NONE,NONE,NONE,6,8,6,9,7,9,0.412,4
f0:199.562534,225.356572,250.55671,266.060112,299.826368,320.974855,323.070938,317.35877,296.217938,269.141064
feature:hou4,2,2,2,4,4,4,0,2,3,7,7,2,3,3,2,0,0,0,0,0,0,0,1,1,1,NONE,NONE,NONE,7,7,7,8,8,8,0.471,4
f0:228.065074444,200.421841,197.084185556,204.777102,210.886021111,189.686158889,150.292082,129.469836667,160.517828,242.459178889
feature:bei4,2,2,2,4,4,4,0,2,3,6,8,2,3,2,3,0,0,0,0,0,0,0,1,1,1,NONE,NONE,NONE,8,6,8,7,9,7,0.529,4
f0:244.14358375,245.170321111,246.26227125,246.186627778,227.5167425,203.42760375,187.676296667,175.17619625,168.820608889,180.0455325
feature:dai4,2,2,2,4,4,2,0,2,3,5,9,2,3,1,4,0,0,0,0,0,0,0,1,1,1,NONE,NONE,NONE,9,5,9,6,10,6,0.588,4
f0:194.481534,216.950528,247.485,275.176758,285.576148,282.106596,272.79334,260.2121025,238.840856,214.637222
feature:hui2,2,2,2,2,4,1,0,2,3,4,10,2,3,0,5,0,0,1,119.082,0,0,119.082,1,1,1,NONE,NONE,Accented,10,4,10,5,11,5,0.647,2
f0:188.463388889,186.384624444,196.725134444,205.967463333,181.897707778,159.51553125,152.850065556,155.400171111,161.798951111,176.624648889
feature:ba1,2,2,2,1,2,1,0,2,2,3,11,2,2,0,6,1,0,1,122.6735,119.082,119.082,122.6735,1,1,1,Accented,NONE,Accented,11,3,11,4,12,4,0.706,1
f0:192.23213,236.28936,280.869025714,287.179631667,288.521584286,290.827064286,292.112511667,292.815098571,292.665461667,281.605324286
feature:gao1,2,2,2,1,1,1,0,3,1,2,12,3,1,0,0,1,1,1,121.85699,122.6735,122.6735,121.85699,1,1,1,Accented,Accented,Accented,12,2,12,3,13,3,0.765,1
f0:281.012323333,296.009864,297.828871667,289.442916,284.40162,283.14349,283.393138333,285.150038,286.886215,279.21195
feature:zhuan1,2,2,2,1,1,3,0,4,0,1,13,4,0,1,0,1,1,0,120.449,121.85699,121.85699,120.449,1,1,4,Accented,Accented,NONE,13,1,13,2,14,2,0.824,1
f0:272.928246667,286.817093333,308.146428333,322.131595,323.632343333,323.159128333,322.449346667,319.936101667,317.339598333,315.734308333
feature:shu3,2,2,0,3,1,0,0,5,0,0,14,5,0,0,0,0,1,0,110,120.449,120.449,0,4,1,0,NONE,Accented,0,14,0,14,1,15,1,0.882,3
f0:302.82004125,277.796813333,252.3881825,226.979553333,202.22788375,173.23143125,139.636294444,114.8675275,121.679667778,131.03799
