feature:shou1,2,0,2,1,0,3,0,0,2,11,0,0,2,2,0,1,0,0,137.57401,139.57401,0,137.57401,1,0,1,Accented,0,NONE,0,11,0,12,1,12,0.071,1
f0:376.140994286,376.14099,376.14099,376.14099,372.820804286,366.025757143,370.212182857,374.77266,371.091317143,348.355111429
feature:jiao3,2,2,2,3,1,2,0,0,2,10,1,0,2,1,0,0,1,0,0,137.57401,137.57401,0,1,1,1,NONE,Accented,NONE,1,10,1,11,2,11,0.143,3
f0:333.043312857,312.068095,274.586041429,219.302662857,176.65802375,159.57530125,150.737201429,148.779881429,153.61716875,168.50406
feature:he2,2,2,2,2,3,1,0,0,2,9,2,0,2,0,1,0,0,1,132.021,0,0,132.021,1,1,1,NONE,NONE,Accented,2,9,2,10,3,10,0.214,2
f0:186.762973333,197.600491667,211.091038571,223.934768333,223.865831667,204.239145,194.214486667,192.162528571,197.412461667,216.072546667
feature:xiao1,2,2,2,1,2,3,0,0,1,8,3,0,1,7,2,1,0,0,135.021,132.021,132.021,135.021,1,1,1,Accented,NONE,NONE,3,8,3,9,4,9,0.286,1
f0:233.558301429,265.012237143,300.570155714,331.136047143,335.978382857,330.51784,332.8353,339.920387143,345.712585714,338.651658571
feature:hui3,2,2,2,3,1,4,0,1,1,7,4,1,1,6,0,0,1,0,0,135.021,135.021,0,1,1,1,NONE,Accented,NONE,4,7,4,8,5,8,0.357,3
f0:314.329934444,286.881683333,260.350143333,230.086267778,182.699708889,153.04914125,142.430591111,144.592233333,152.676964444,164.324504444
feature:zhi4,2,2,2,4,3,3,0,1,1,6,5,1,1,5,1,0,0,0,0,0,0,0,1,1,1,NONE,NONE,NONE,5,6,5,7,6,7,0.429,4
f0:190.885245,216.700338333,245.50974,274.319136667,303.115703333,325.94362,336.338496667,335.64126,315.936913333,275.302255
feature:jia3,2,2,2,3,4,2,0,1,1,5,6,1,1,4,2,0,0,0,0,0,0,0,1,1,1,NONE,NONE,NONE,6,5,6,6,7,6,0.5,3
f0:236.793808333,235.45213,236.052645714,230.406088333,213.932963333,184.80167,154.618521667,143.877454286,145.734311667,153.478596667
feature:yuan2,2,2,2,2,3,3,0,1,1,4,7,1,1,3,3,0,0,0,0,0,0,0,1,1,1,NONE,NONE,NONE,7,4,7,5,8,5,0.571,2
f0:160.17322,164.098152857,168.682141667,168.540698571,163.800118333,163.360593333,176.788311429,210.616435,249.532435714,270.47957
feature:fu3,2,2,2,3,2,4,0,1,1,3,8,1,1,2,4,0,0,0,0,0,0,0,1,1,1,NONE,NONE,NONE,8,3,8,4,9,4,0.643,3
f0:270.785058,262.89673,249.767032,236.414552,223.062074,209.7096,194.193202,171.214096,157.067706,149.454644
feature:liao4,2,2,2,4,3,3,0,1,1,2,9,1,1,1,5,0,0,0,0,0,0,0,1,1,1,NONE,NONE,NONE,9,2,9,3,10,3,0.714,4
f0:142.89621,164.657862857,203.70708,227.083895,229.239565714,210.216335,191.912223333,176.328363333,164.318692857,160.571333333
feature:wu3,2,2,2,3,4,1,0,1,1,1,10,1,1,0,6,0,0,1,125.213,0,0,125.213,1,1,3,NONE,NONE,Accented,10,1,10,2,11,2,0.786,3
f0:159.653775714,164.289705,168.320732857,168.479338333,163.411147143,151.667171667,138.613381429,126.267788333,133.749682857,157.901295
feature:che1,2,2,2,1,3,1,0,1,0,0,11,1,0,0,7,1,0,1,128.213,125.213,125.213,129.362,3,1,1,Accented,NONE,Accented,11,0,11,1,12,1,0.857,1
f0:181.822286667,204.295844,227.882206667,250.69517,259.244828,251.865007778,250.77419,252.147797778,253.330847,254.75867
feature:yan1,2,2,2,1,1,1,0,0,2,3,0,0,2,0,0,1,1,1,127.9365,129.362,128.213,127.9365,1,3,1,Accented,Accented,Accented,0,3,0,4,1,4,0.167,1
f0:265.061503333,272.588511667,283.842068571,289.236938333,290.949956667,291.263101667,292.486676667,295.354605714,296.897426667,293.415141667
feature:si1,2,2,2,1,1,2,0,0,1,2,1,0,1,1,0,1,1,0,126.511,127.9365,127.9365,126.511,1,1,1,Accented,Accented,NONE,1,2,1,3,2,3,0.333,1
f0:284.51055,286.327958571,290.706395,295.142452857,299.096815,298.545746667,294.4261,294.733846667,295.104295714,291.186758333
feature:shi2,2,2,2,2,1,1,0,1,1,1,2,1,1,0,0,0,1,1,121.809,126.511,126.511,121.809,1,1,3,NONE,Accented,Accented,2,1,2,2,3,2,0.5,2
f0:281.956668571,262.980223333,243.082835714,223.185453333,203.288065714,183.515998333,172.35188,171.893548333,176.875218571,188.576376667
feature:dun1,2,2,2,1,2,3,0,1,0,0,3,1,0,4,1,1,0,0,124.809,121.809,121.809,0,3,1,1,Accented,NONE,NONE,3,0,3,1,4,1,0.667,1
f0:195.907492857,243.0473825,269.986231429,276.48974125,280.793924286,281.280348571,282.02821625,282.51013,284.421265,279.306571429
feature:ju3,2,2,2,3,1,4,0,0,1,5,0,0,1,3,0,0,1,0,0,0,124.809,0,1,3,1,NONE,Accented,NONE,0,5,0,6,1,2,0.25,3
f0:193.918006667,193.91801,193.91801,193.91801,193.782245,188.792216667,171.399478333,155.880253333,153.096431667,157.273693333
feature:bang4,2,2,2,4,3,4,0,0,1,4,1,0,1,2,1,0,0,0,0,0,0,0,1,1,1,NONE,NONE,NONE,1,4,1,5,2,1,0.5,4
f0:204.69935625,248.184997143,278.98237875,281.73306,267.923275,240.467587143,209.1985475,196.615595714,186.7497575,161.628425714
feature:yi4,2,2,2,4,4,3,0,0,1,3,2,0,1,1,2,0,0,0,0,0,0,0,1,1,1,NONE,NONE,NONE,2,3,2,4,1,4,0.167,4
f0:223.650326,258.2029625,292.232006,321.1786275,338.050984,346.093528,344.92915,325.048652,281.0878425,268.028062
feature:bai3,2,2,2,3,4,1,0,0,1,2,3,0,1,0,3,0,0,1,117.553,0,0,117.553,1,1,1,NONE,NONE,Accented,3,2,3,3,2,3,0.333,3
f0:254.843174,240.508622,224.30204,189.035438,152.907975,129.730404,128.121124,138.486402,155.927074,173.630104
feature:duo1,2,2,2,1,3,4,0,0,0,1,4,0,0,1,4,1,0,0,120.553,117.553,117.553,120.553,1,1,4,Accented,NONE,NONE,4,1,4,2,3,2,0.5,1
f0:191.333124,211.187576667,225.337712,223.989296,216.153041667,211.744104,209.863286,209.49155,211.224323333,208.556404
feature:jian4,2,2,0,4,1,0,0,1,0,0,5,1,0,0,0,0,1,0,110,120.553,120.553,0,4,1,0,NONE,Accented,0,5,0,5,1,4,1,0.667,4
f0:206.3516675,224.49952625,239.456252222,227.75606875,190.8443,154.78171875,131.73859375,117.867615556,132.92292625,207.03566875
