feature:feng1,2,0,2,1,0,4,0,0,2,4,0,0,2,2,0,1,0,0,137.556,139.556,0,137.556,1,0,1,Accented,0,NONE,0,4,0,5,1,5,0.143,1
f0:375.37799,375.37799,375.37799,375.37799,372.87818,360.49123,359.779855714,359.873505,360.359382857,364.30339
feature:li4,2,2,2,4,1,5,0,0,2,3,1,0,2,1,0,0,1,0,0,137.556,137.556,0,1,1,1,NONE,Accented,NONE,1,3,1,4,2,4,0.286,4
f0:366.0266425,366.618488,365.4820475,359.400485,338.182996,311.21151,285.096315,260.2430925,236.09794,212.8457325
feature:de5,2,2,2,5,4,1,0,0,2,2,2,0,2,0,1,0,0,1,131.88901,0,0,131.88901,1,1,1,NONE,NONE,Accented,2,2,2,3,3,3,0.429,5
f0:197.258535,196.71706,198.455115,198.3801275,194.443622,187.249315,184.4580125,183.909435,183.5165175,183.331575
feature:jian1,2,2,2,1,5,1,0,0,1,1,3,0,1,0,2,1,0,1,135.4445,131.88901,131.88901,135.4445,1,1,3,Accented,NONE,Accented,3,1,3,2,4,2,0.571,1
f0:188.625971429,212.977105714,240.147934286,267.768808571,287.658455714,291.130645714,291.373455714,289.862252857,289.42172,287.863444286
feature:dao1,2,2,2,1,1,1,0,1,0,0,4,1,0,0,0,1,1,1,134,135.4445,135.4445,135.11099,3,1,1,Accented,Accented,Accented,4,0,4,1,5,1,0.714,1
f0:288.780684286,294.604753333,292.976442857,288.797063333,286.384111429,285.294348333,286.608934286,288.722681667,283.520461429,271.26672
feature:shen1,2,2,2,1,1,1,0,0,3,9,0,0,3,0,0,1,1,1,133.6665,135.11099,134,133.6665,1,3,1,Accented,Accented,Accented,0,9,0,10,1,6,0.125,1
f0:344.985995,344.98599,344.98599,344.98599,344.98599,344.360731667,339.310518333,337.430716667,337.251064286,333.406851667
feature:shen1,2,2,2,1,1,5,0,0,2,8,1,0,2,1,0,1,1,0,132.222,133.6665,133.6665,132.222,1,1,1,Accented,Accented,NONE,1,8,1,9,2,5,0.25,1
f0:325.319995714,332.14299,344.108621429,352.139566667,341.235695714,334.67361,333.041182857,328.043891667,324.625031429,308.433106667
feature:de5,2,2,2,5,1,1,0,1,2,7,2,1,2,0,0,0,1,1,127.444,132.222,132.222,127.444,1,1,1,NONE,Accented,Accented,2,7,2,8,3,4,0.375,5
f0:292.268494,284.315852,268.065944,239.409582,207.325844,185.9935275,176.095904,172.463548,171.852218,174.923092
feature:zha1,2,2,2,1,5,4,0,1,1,6,3,1,1,2,1,1,0,0,130.444,127.444,127.444,130.444,1,1,1,Accented,NONE,NONE,3,6,3,7,4,3,0.5,1
f0:188.278206667,212.977498333,244.69962,271.629765,277.724716667,272.636291667,267.497111667,268.030586,271.777821667,269.308598333
feature:jin4,2,2,2,4,1,5,0,2,1,5,4,2,1,1,0,0,1,0,0,130.444,130.444,0,1,1,1,NONE,Accented,NONE,4,5,4,6,5,2,0.625,4
f0:262.58767,264.1901075,268.124516,272.18036,274.749872,273.627755,265.497178,248.6651,232.546042,213.0075825
feature:le5,2,2,2,5,4,1,0,2,1,4,5,2,1,0,1,0,0,1,119.778,0,0,129.778,1,1,1,NONE,NONE,Accented,5,4,5,5,6,1,0.75,5
f0:193.986472,177.579408333,161.772434,148.491588,139.448726667,136.654798,132.034036,131.323538,138.65974,141.887438
feature:ta1,2,2,2,1,5,5,0,2,0,3,6,2,0,4,2,1,0,0,127.778,129.778,119.778,127.778,1,1,1,Accented,NONE,NONE,6,3,6,4,1,4,0.167,1
f0:299.45499,299.45499,299.45499,299.45499,299.45499,298.640492,293.101898,289.621796,289.28346,263.55049
feature:de5,2,2,2,5,1,3,0,3,0,2,7,3,0,3,0,0,1,0,0,127.778,127.778,0,1,1,1,NONE,Accented,NONE,7,2,7,3,2,3,0.333,5
f0:210.78441,200.53466,207.452285,224.88528,230.31028,229.540666667,220.308355,206.307496667,195.3446875,188.576486667
feature:zuo3,2,2,2,3,5,4,0,3,0,1,8,3,0,2,1,0,0,0,0,0,0,0,1,1,3,NONE,NONE,NONE,8,1,8,2,3,2,0.5,3
f0:186.15369,184.733845,182.052004286,179.057552857,176.138035714,162.69332,139.247511429,123.544917143,115.922031667,121.890434286
feature:bi4,2,2,2,4,3,4,0,3,0,0,9,3,0,1,2,0,0,0,0,0,0,0,3,1,1,NONE,NONE,NONE,9,0,9,1,4,1,0.667,4
f0:165.84239125,216.208071429,243.83335875,245.91094,232.14867,205.040078571,169.801105,160.948202857,173.9948125,185.842244286
feature:hou4,2,2,2,4,4,1,0,0,2,5,0,0,2,0,3,0,0,1,120.333,0,0,120.333,1,3,1,NONE,NONE,Accented,0,5,0,6,1,6,0.125,4
f0:362.60101,362.60101,362.60101,362.60101,362.60101,362.60101,357.4344225,336.901727143,304.20711375,284.62385
feature:jing1,2,2,2,1,4,3,0,0,1,4,1,0,1,1,4,1,0,0,123.333,120.333,120.333,123.333,1,1,1,Accented,NONE,NONE,1,4,1,5,2,5,0.25,1
f0:285.377102857,290.48893,293.023236667,295.723794286,300.522745714,302.45741,305.801242857,310.522015,313.501135714,306.828494286
feature:fa3,2,2,2,3,1,1,0,1,1,3,2,1,1,0,0,0,1,1,118.556,123.333,123.333,118.556,1,1,1,NONE,Accented,Accented,2,3,2,4,3,4,0.375,3
f0:295.184663333,281.414041429,264.299645,247.137728571,229.610921667,186.846338333,151.165571429,140.234596667,133.183574286,120.471766667
feature:yi1,2,2,2,1,3,4,0,1,0,2,3,1,0,2,1,1,0,0,121.556,118.556,118.556,121.556,1,1,1,Accented,NONE,NONE,3,2,3,3,4,3,0.5,1
f0:103.670424,103.549303333,132.68091,177.55758,219.512593333,237.16248,245.085516,255.840336,265.407655,264.888268
feature:jian4,2,2,2,4,1,4,0,2,0,1,4,2,0,1,0,0,1,0,0,121.556,121.556,0,1,1,4,NONE,Accented,NONE,4,1,4,2,5,2,0.625,4
f0:257.471038333,265.809447143,280.381671667,291.788265714,285.450368333,254.685116667,211.588272857,161.573503333,134.851817143,131.002216667
feature:ding4,2,2,0,4,4,0,0,2,0,0,5,2,0,0,1,0,0,0,110,0,0,0,4,1,0,NONE,NONE,0,5,0,5,1,6,1,0.75,4
f0:139.675586667,162.740313333,184.488806667,191.8469,179.908094286,166.794828333,148.639235,128.972988333,101.402066667,91.5421016667
