feature:yi2,2,0,2,2,0,4,0,0,3,13,0,0,3,8,0,0,0,0,0,130,0,0,1,0,1,NONE,0,NONE,0,13,0,14,1,14,0.063,2
f0:257.69501,257.595573333,255.2616175,251.83317,250.32523,249.543556667,248.6332725,247.16576,247.34903,252.927306667
feature:liang4,2,2,2,4,2,4,0,0,3,12,1,0,3,7,1,0,0,0,0,0,0,0,1,1,1,NONE,NONE,NONE,1,12,1,13,2,13,0.125,4
f0:275.35234,300.095271667,326.951247143,357.708698333,373.837381667,377.493715,368.67327,340.135572857,306.944575,289.797481667
feature:xiang4,2,2,2,4,4,4,0,0,3,11,2,0,3,6,2,0,0,0,0,0,0,0,1,1,1,NONE,NONE,NONE,2,11,2,12,3,12,0.188,4
f0:279.545117,297.276855,324.914123,353.153625,353.00213,314.185932,259.358148,220.966339,194.156036,195.34857
feature:jiu4,2,2,2,4,4,3,0,0,3,10,3,0,3,5,3,0,0,0,0,0,0,0,1,1,1,NONE,NONE,NONE,3,10,3,11,4,11,0.25,4
f0:209.32890875,242.733358571,268.21881375,257.62463,240.2331125,220.185642857,204.72297875,193.27685,187.44978,185.116344286
feature:mian3,2,2,2,3,4,5,0,0,3,9,4,0,3,4,4,0,0,0,0,0,0,0,1,1,1,NONE,NONE,NONE,4,9,4,10,5,10,0.313,3
f0:191.202174286,197.072802857,198.23841,190.96614,176.9284875,156.822862857,140.797944286,137.558815714,141.854458571,160.766997143
feature:bu5,2,2,2,5,3,2,0,0,3,8,5,0,3,3,5,0,0,0,0,0,0,0,1,1,1,NONE,NONE,NONE,5,8,5,9,6,9,0.375,5
f0:186.32672,202.4012725,221.057544,241.973495,257.0508075,265.570235,267.139935,264.210362,254.5352325,238.1777625
feature:liao2,2,2,2,2,5,3,0,0,3,7,6,0,3,2,6,0,0,0,0,0,0,0,1,1,1,NONE,NONE,NONE,6,7,6,8,7,8,0.438,2
f0:212.439702222,199.126527778,179.438895556,158.61576,150.130902222,150.52451375,152.871364444,162.597751111,179.315261111,204.317601111
feature:qian3,2,2,2,3,2,2,0,0,3,6,7,0,3,1,7,0,0,0,0,0,0,0,1,1,1,NONE,NONE,NONE,7,6,7,7,8,7,0.5,3
f0:228.231028,235.757451,239.94891,243.635871,235.797591,194.52499,150.606904,133.176806364,130.689937,136.733612
feature:bo2,2,2,2,2,3,1,0,0,3,5,8,0,3,0,8,0,0,1,122.742,0,0,122.742,1,1,1,NONE,NONE,Accented,8,5,8,6,9,6,0.563,2
f0:167.871458571,172.6189525,153.219937143,150.216145,148.007024286,152.254825714,157.94199125,169.87471,191.6976575,210.466682857
feature:cu1,2,2,2,1,2,1,0,0,2,4,9,0,2,0,9,1,0,1,126.097,122.742,122.742,126.097,1,1,1,Accented,NONE,Accented,9,4,9,5,10,5,0.625,1
f0:221.15640125,236.532004286,257.36451125,278.197011429,299.0295225,321.604152857,330.33501125,330.336554286,331.024865,323.923945714
feature:cao1,2,2,2,1,1,3,0,1,1,3,10,1,1,1,0,1,1,0,124.452,126.097,126.097,124.452,1,1,1,Accented,Accented,NONE,10,3,10,4,11,4,0.688,1
f0:318.708355,315.657996667,312.789805,318.172677778,323.68350625,318.2436125,317.085446667,318.77451625,320.116445556,309.0554225
feature:yu3,2,2,2,3,1,1,0,2,1,2,11,2,1,0,0,0,1,1,118.871,124.452,124.452,118.871,1,1,1,NONE,Accented,Accented,11,2,11,3,12,3,0.75,3
f0:285.039323333,264.08296,246.293068333,229.66299,199.636828333,171.315588,149.90116,138.274015,132.551466667,114.789396667
feature:cu1,2,2,2,1,3,2,0,2,0,1,12,2,0,1,1,1,0,0,121.871,118.871,118.871,121.871,1,1,4,Accented,NONE,NONE,12,1,12,2,13,2,0.813,1
f0:114.833512857,144.01883,178.629172857,213.239524286,250.73406125,285.650537143,303.241445714,308.825997143,316.807688571,320.582485714
feature:su2,2,2,0,2,1,0,0,3,0,0,13,3,0,0,0,0,1,0,110,121.871,121.871,0,4,1,0,NONE,Accented,0,13,0,13,1,14,1,0.875,2
f0:296.490449,254.200042727,212.028384,178.376667,149.753325455,144.572354,142.580213,145.347619,178.344047273,222.389409
