feature:er2,1,0,2,2,0,3,0,0,3,12,0,0,3,1,0,0,0,0,0,0,0,0,1,0,1,NONE,0,NONE,0,12,0,13,1,4,0.167,2
f0:244.187006,244.1220125,243.990722,246.397116,258.976324,278.3511725,298.859162,320.57845,332.0579325,328.307022
feature:ba3,2,1,2,3,2,1,0,0,3,11,1,0,3,0,1,0,0,1,132.14301,0,0,132.14301,1,1,1,NONE,NONE,Accented,1,11,1,12,2,3,0.333,3
f0:266.853117143,235.464224286,246.917617143,212.855327143,182.57395875,168.419578571,159.016217143,155.303085714,155.976157143,168.804877143
feature:xu1,2,2,2,1,3,1,0,0,2,10,2,0,2,0,2,1,0,1,135.4285,132.14301,132.14301,135.4285,1,1,1,Accented,NONE,Accented,2,10,2,11,3,2,0.5,1
f0:191.26919375,210.470575,235.444421429,260.67378125,287.84386125,314.2097375,325.3808725,327.690164286,335.3048575,331.65526125
feature:fang1,2,2,2,1,1,3,0,1,1,9,3,1,1,7,0,1,1,0,133.714,135.4285,135.4285,0,1,1,1,Accented,Accented,NONE,3,9,3,10,4,1,0.667,1
f0:325.812135,334.9845425,339.559204286,334.260575,330.48732125,328.08473125,329.2917875,332.024681429,318.65175625,263.84788375
feature:ling3,2,2,2,3,1,4,0,2,1,8,4,2,1,6,0,0,1,0,0,0,133.714,0,1,1,1,NONE,Accented,NONE,4,8,4,9,1,9,0.091,3
f0:228.7562,238.60784,234.27085,220.213213333,206.39066,192.747528333,176.246478333,161.575692,159.084346667,169.643728333
feature:dao4,2,2,2,4,3,3,0,2,1,7,5,2,1,5,1,0,0,0,0,0,0,0,1,1,1,NONE,NONE,NONE,5,7,5,8,2,8,0.182,4
f0:191.336137143,224.602606667,239.482482857,239.002451429,230.213014286,213.624921667,203.343117143,197.618694286,190.785251667,187.98224
feature:ma3,2,2,2,3,4,5,0,2,1,6,6,2,1,4,2,0,0,0,0,0,0,0,1,1,1,NONE,NONE,NONE,6,6,6,7,3,7,0.273,3
f0:190.749114286,196.800262857,200.573061429,197.905572857,187.66728,164.588787143,149.646154286,139.591048571,137.603498571,142.63799
feature:tou5,2,2,2,5,3,4,0,2,1,5,7,2,1,3,3,0,0,0,0,0,0,0,1,1,1,NONE,NONE,NONE,7,5,7,6,4,6,0.364,5
f0:152.502572222,160.823913333,168.999187778,177.095404444,180.581056667,178.153665556,178.837793333,183.532837778,210.349813333,250.565086667
feature:huo4,2,2,2,4,5,3,0,2,1,4,8,2,1,2,4,0,0,0,0,0,0,0,1,1,1,NONE,NONE,NONE,8,4,8,5,5,5,0.455,4
f0:268.248761429,289.631422857,311.680965714,333.7305,357.900862857,374.40216,370.222808571,348.571584286,301.839668571,255.201591429
feature:chang3,2,2,2,3,4,4,0,2,1,3,9,2,1,1,5,0,0,0,0,0,0,0,1,1,1,NONE,NONE,NONE,9,3,9,4,6,4,0.545,3
f0:235.1690925,231.31844625,227.7587375,224.1990275,220.14305125,198.594025,161.15988875,146.4525975,140.73714,150.76020875
feature:huo4,2,2,2,4,3,1,0,2,1,2,10,2,1,0,6,0,0,1,119.286,0,0,119.286,1,1,1,NONE,NONE,Accented,10,2,10,3,7,3,0.636,4
f0:182.681767143,171.698144286,117.187361667,103.628075714,120.092114286,225.028494286,241.123025714,214.94964,182.826162857,163.529432857
feature:cang1,2,2,2,1,4,4,0,2,0,1,11,2,0,1,7,1,0,0,122.286,119.286,119.286,122.286,1,1,4,Accented,NONE,NONE,11,1,11,2,8,2,0.727,1
f0:172.666054286,200.60531125,229.557122857,256.281864286,283.91711875,299.77808625,302.782382857,299.929125714,304.01330625,309.31069
feature:ku4,2,2,0,4,1,0,0,3,0,0,12,3,0,0,0,0,1,0,110,122.286,122.286,0,4,1,0,NONE,Accented,0,12,0,12,1,9,1,0.818,4
f0:317.84768625,322.71876125,327.867502222,331.63868625,315.5899,267.46458,188.45516625,88.2964855556,92.276865,166.800175
