feature:wo3,2,0,2,3,0,5,0,0,1,3,0,0,1,2,0,0,0,0,0,130,0,0,1,0,1,NONE,0,NONE,0,3,0,4,1,4,0.167,3
f0:233.41299,233.2245175,231.8495725,229.8020625,227.79419,222.5716325,205.23669,192.973225,185.03236,180.923445
feature:men5,2,2,2,5,3,2,0,0,1,2,1,0,1,1,1,0,0,0,0,0,0,0,1,1,1,NONE,NONE,NONE,1,2,1,3,2,3,0.333,5
f0:180.659285,182.1268,185.367166667,193.1357125,203.1840275,213.329105,228.832895,243.44512,254.45253,259.1801275
feature:chang2,2,2,2,2,5,1,0,0,1,1,2,0,1,0,2,0,0,1,130.172,0,0,130.172,1,1,3,NONE,NONE,Accented,2,1,2,2,3,2,0.5,2
f0:257.709571667,251.294236,243.842393333,236.39055,228.938706667,221.486866,211.91537,198.331284,194.710008333,197.954888
feature:shuo1,2,2,2,1,2,1,0,0,0,0,3,0,0,0,3,1,0,1,133.172,130.172,130.172,133.793,3,1,1,Accented,NONE,Accented,3,0,3,1,4,1,0.667,1
f0:217.931943333,248.865663333,271.210346667,292.347694444,297.415799,287.518761111,284.834401111,285.688327778,289.437754444,294.833566667
feature:zhen1,2,2,2,1,1,3,0,0,0,8,0,0,0,8,0,1,1,0,131.793,133.793,133.172,131.793,1,3,1,Accented,Accented,NONE,0,8,0,9,1,9,0.091,1
f0:360.13,360.13,360.132205,361.388676,364.9054625,366.43637,368.2115,372.8847525,377.520928,378.34479
feature:li3,2,2,2,3,1,4,0,0,0,7,1,0,0,7,0,0,1,0,0,131.793,131.793,0,1,1,1,NONE,Accented,NONE,1,7,1,8,2,8,0.182,3
f0:376.432378571,365.187871429,341.849487143,306.403704286,258.61648125,208.803621429,175.711605714,151.267848571,143.948967143,156.955918571
feature:jiu4,2,2,2,4,3,4,0,0,0,6,2,0,0,6,1,0,0,0,0,0,0,0,1,1,1,NONE,NONE,NONE,2,6,2,7,3,7,0.273,4
f0:174.334755,196.686893333,219.607571667,242.528238333,260.770287143,259.553408333,243.443733333,221.16215,205.831121667,197.072441667
feature:zai4,2,2,2,4,4,4,0,0,0,5,3,0,0,5,2,0,0,0,0,0,0,0,1,1,1,NONE,NONE,NONE,3,5,3,6,4,6,0.364,4
f0:196.185707143,227.28113125,234.792321429,212.81183875,192.448821429,187.364357143,182.052415,179.017597143,176.46867125,186.68262
feature:miu4,2,2,2,4,4,4,0,0,0,4,4,0,0,4,3,0,0,0,0,0,0,0,1,1,1,NONE,NONE,NONE,4,4,4,5,5,5,0.455,4
f0:213.610205714,241.0266,277.582618571,305.322693333,330.901844286,342.147623333,339.46296,325.455973333,297.71008,259.849813333
feature:wu4,2,2,2,4,4,5,0,0,0,3,5,0,0,3,4,0,0,0,0,0,0,0,1,1,1,NONE,NONE,NONE,5,3,5,4,6,4,0.545,4
f0:230.566092857,216.088706667,219.993132857,235.014335,253.574432857,269.760225,272.252364286,260.339811667,237.555758571,206.842303333
feature:de5,2,2,2,5,4,2,0,0,0,2,6,0,0,2,5,0,0,0,0,0,0,0,1,1,1,NONE,NONE,NONE,6,2,6,3,7,3,0.636,5
f0:181.095715,177.145456667,173.4,166.591426667,157.5152825,150.544366667,145.0461025,141.709193333,136.882835,133.960663333
feature:ge2,2,2,2,2,5,4,0,0,0,1,7,0,0,1,6,0,0,0,0,0,0,0,1,1,4,NONE,NONE,NONE,7,1,7,2,8,2,0.727,2
f0:135.096353333,140.093503333,145.7685,150.198146667,147.345673333,138.2238,134.672735,134.477406667,140.740835,165.239996667
feature:bi4,2,2,0,4,2,0,0,0,0,0,8,0,0,0,7,0,0,0,110,0,0,0,4,1,0,NONE,NONE,0,8,0,8,1,9,1,0.818,4
f0:199.75800375,231.207202857,249.5288925,240.644548571,211.120535,172.11983375,150.037525714,151.747815,193.123361429,232.75975125
