feature:gong1,2,0,2,1,0,4,0,0,5,17,0,0,5,2,0,1,0,0,137.487,134.487,0,137.487,1,0,1,Accented,0,NONE,0,17,0,18,1,5,0.143,1
f0:372.828,372.942834,373.30071,373.150422,372.072206,370.684326,368.409082,367.527283333,366.655798,358.996288
feature:wu4,2,2,2,4,1,4,0,0,5,16,1,0,5,1,0,0,1,0,0,137.487,137.487,0,1,1,1,NONE,Accented,NONE,1,16,1,17,2,4,0.286,4
f0:355.78253,358.811438,358.316682,346.993152,318.018006667,282.794642,251.672488,230.279566,215.064124,207.441934
feature:ke4,2,2,2,4,4,1,0,0,5,15,2,0,5,0,1,0,0,1,131.41,0,0,131.41,1,1,1,NONE,NONE,Accented,2,15,2,16,3,3,0.429,4
f0:216.142235714,238.637508571,260.299255,281.721435714,294.00491,277.470692857,236.552767143,215.597115,206.692392857,204.707747143
feature:deng1,2,2,2,1,4,1,0,0,4,14,3,0,4,0,2,1,0,1,134.89749,131.41,131.41,134.89749,1,1,1,Accented,NONE,Accented,3,14,3,15,4,2,0.571,1
f0:207.21766,226.677003333,262.213786,291.183568333,302.812493333,305.586083333,305.885808333,306.974592,308.965128333,309.175995
feature:ji1,2,2,2,1,1,2,0,1,3,13,4,1,3,3,0,1,1,0,133.38499,134.89749,134.89749,0,1,1,1,Accented,Accented,NONE,4,13,4,14,5,1,0.714,1
f0:309.35636,312.2586,316.844502,321.3652425,324.498432,326.721802,327.0894325,325.848578,321.7960575,307.98498
feature:qian2,2,2,2,2,1,2,0,2,3,12,5,2,3,2,0,0,1,0,0,0,133.38499,0,1,1,1,NONE,Accented,NONE,5,12,5,13,1,13,0.067,2
f0:186.679,186.679,186.679,178.241433,154.10366,146.178841,153.474526,166.524691818,187.592348,217.024886
feature:ke2,2,2,2,2,2,3,0,2,3,11,6,2,3,1,1,0,0,0,0,0,0,0,1,1,1,NONE,NONE,NONE,6,11,6,12,2,12,0.133,2
f0:217.6114825,216.611,215.8823025,215.153614,214.4249025,213.7749075,211.05857,207.9106525,210.060594,219.34147
feature:yi3,2,2,2,3,2,1,0,2,3,10,7,2,3,0,2,0,0,1,126.282,0,0,126.282,1,1,1,NONE,NONE,Accented,7,10,7,11,3,11,0.2,3
f0:221.092261667,215.295308333,208.228106,197.57995,184.445215,167.375641667,155.299076667,153.904446,160.120445,166.950195
feature:shu1,2,2,2,1,3,4,0,2,2,9,8,2,2,5,3,1,0,0,129.282,126.282,126.282,129.282,1,1,1,Accented,NONE,NONE,8,9,8,10,4,10,0.267,1
f0:179.230583333,203.032607143,228.695238333,254.357881429,279.991501667,297.423588333,302.275971429,303.877035,307.023248571,305.898093333
feature:shi4,2,2,2,4,1,5,0,3,2,8,9,3,2,4,0,0,1,0,0,129.282,129.282,0,1,1,1,NONE,Accented,NONE,9,8,9,9,5,9,0.333,4
f0:289.205598333,284.36092,285.621185714,287.195515,288.626725,289.982386667,289.714975,271.49596,247.204956667,217.066076667
feature:de5,2,2,2,5,4,4,0,3,2,7,10,3,2,3,1,0,0,0,0,0,0,0,1,1,1,NONE,NONE,NONE,10,7,10,8,6,8,0.4,5
f0:198.626,199.370216,199.682396,197.473648,190.296933333,183.836058,180.375344,180.57038,182.428534,185.804012
feature:zai4,2,2,2,4,5,4,0,3,2,6,11,3,2,2,2,0,0,0,0,0,0,0,1,1,1,NONE,NONE,NONE,11,6,11,7,7,7,0.467,4
f0:192.860966,203.72693,228.41398,256.44816,265.007186,261.2164925,252.10812,244.425206,241.0751175,240.624242
feature:na4,2,2,2,4,4,5,0,3,2,5,12,3,2,1,3,0,0,0,0,0,0,0,1,1,1,NONE,NONE,NONE,12,5,12,6,8,6,0.533,4
f0:244.48372,253.2206625,264.993468,273.1966125,272.220216,265.844232,258.302645,248.69157,237.13577,224.658702
feature:li5,2,2,2,5,4,1,0,3,2,4,13,3,2,0,4,0,0,1,120.128,0,0,120.128,1,1,1,NONE,NONE,Accented,13,4,13,5,9,5,0.6,5
f0:202.586548571,183.372805,180.703754286,173.209843333,156.316667143,149.747601667,151.265818571,150.707111667,156.512924286,167.957228333
feature:xiu1,2,2,2,1,5,5,0,3,1,3,14,3,1,2,5,1,0,0,123.128,120.128,120.128,123.128,1,1,1,Accented,NONE,NONE,14,3,14,4,10,4,0.667,1
f0:187.186077143,206.682648571,226.18088,245.679117143,266.80219625,289.447401429,303.007794286,306.9277,315.957108571,321.649391429
feature:xi5,2,2,2,5,1,4,0,4,1,2,15,4,1,1,0,0,1,0,0,123.128,123.128,0,1,1,1,NONE,Accented,NONE,15,2,15,3,11,3,0.733,5
f0:311.161966667,292.99209,280.217493333,267.714038,255.210593333,241.31789,228.814442,216.310996667,204.040606,188.312505
feature:yong4,2,2,2,4,5,1,0,4,1,1,16,4,1,0,1,0,0,1,117.051,0,0,117.051,1,1,4,NONE,NONE,Accented,16,1,16,2,12,2,0.8,4
f0:167.66931375,138.8563,129.22637875,117.18328,93.4886475,187.04169375,223.997446667,207.05239875,178.548222222,163.7087775
feature:can1,2,2,0,1,4,0,0,4,0,0,17,4,0,0,2,1,0,0,120.051,117.051,117.051,0,4,1,0,Accented,NONE,0,17,0,17,1,13,1,0.867,1
f0:190.760381111,223.204024,255.421758889,280.919265,286.197034444,286.474507778,292.379303,292.01801,291.602629,305.492877778
