feature:yong3,2,0,2,3,0,4,0,0,2,9,0,0,2,2,0,0,0,0,0,130,0,0,1,0,1,NONE,0,NONE,0,9,0,10,1,10,0.083,3
f0:220.483998333,223.345125,221.34676,206.915503333,197.099748333,188.324501667,182.426168333,181.57699,186.029006667,206.308088333
feature:le4,2,2,2,4,3,4,0,0,2,8,1,0,2,1,1,0,0,0,0,0,0,0,1,1,1,NONE,NONE,NONE,1,8,1,9,2,9,0.167,4
f0:238.525036667,265.34637,311.518433333,332.062408,335.355641667,325.432464,303.368953333,277.283972,267.14353,267.499442
feature:da4,2,2,2,4,4,1,0,0,2,7,2,0,2,0,2,0,0,1,131.81799,0,0,131.81799,1,1,1,NONE,NONE,Accented,2,7,2,8,3,8,0.25,4
f0:280.246318,305.567096,322.12239,323.001824,318.83333,311.980188,300.60573,281.04962,260.529048,254.27268
feature:zhong1,2,2,2,1,4,4,0,0,1,6,3,0,1,4,3,1,0,0,134.81799,131.81799,131.81799,134.81799,1,1,1,Accented,NONE,NONE,3,6,3,7,4,7,0.333,1
f0:259.529822,276.772998,296.344568333,308.013598,309.474284,309.960358,311.79224,317.95677,321.96811,320.664558
feature:shang4,2,2,2,4,1,5,0,1,1,5,4,1,1,3,0,0,1,0,0,134.81799,134.81799,0,1,1,1,NONE,Accented,NONE,4,5,4,6,5,6,0.417,4
f0:312.159837143,313.925044286,323.003341667,328.527167143,315.592712857,281.75048,250.142911429,225.58208,208.584571429,198.303512857
feature:de5,2,2,2,5,4,4,0,1,1,4,5,1,1,2,1,0,0,0,0,0,0,0,1,1,1,NONE,NONE,NONE,5,4,5,5,6,5,0.5,5
f0:191.764663333,189.435768,185.48221,176.202968,170.308823333,168.905905,169.249138,172.956613333,182.90787,186.344416667
feature:fan4,2,2,2,4,5,2,0,1,1,3,6,1,1,1,2,0,0,0,0,0,0,0,1,1,1,NONE,NONE,NONE,6,3,6,4,7,4,0.583,4
f0:180.744148571,182.332991667,187.930308571,193.618366667,197.736324286,195.952158333,184.755111429,179.38372,190.432885714,219.181226667
feature:wen2,2,2,2,2,4,1,0,1,1,2,7,1,1,0,3,0,0,1,127.27299,0,0,127.27299,1,1,1,NONE,NONE,Accented,7,2,7,3,8,3,0.667,2
f0:253.214382857,274.95859375,272.197505714,254.8257725,217.233798571,187.905592857,178.07009375,182.616168571,200.65978625,212.42117
feature:jing1,2,2,2,1,2,4,0,1,0,1,8,1,0,4,4,1,0,0,130.27299,127.27299,127.27299,130.27299,1,1,3,Accented,NONE,NONE,8,1,8,2,9,2,0.75,1
f0:217.522021667,242.420921429,278.623606667,303.445295,307.888832857,306.954308333,306.630945,309.27854,313.144487143,311.804686667
feature:zhou4,2,2,2,4,1,3,0,2,0,0,9,2,0,3,0,0,1,0,0,130.27299,130.27299,0,3,1,1,NONE,Accented,NONE,9,0,9,1,10,1,0.833,4
f0:316.88982,325.193627143,300.270885,247.806551429,203.74424375,169.159095714,153.2651825,152.824405714,152.845,152.845002857
feature:shu3,2,2,2,3,4,2,0,0,2,10,0,0,2,2,1,0,0,0,0,0,0,0,1,3,1,NONE,NONE,NONE,0,10,0,11,1,11,0.077,3
f0:212.74699,212.74699,212.74699,212.74699,212.74699,212.74699,209.332705,194.148902,185.172896667,185.6986
feature:yu2,2,2,2,2,3,2,0,0,2,9,1,0,2,1,2,0,0,0,0,0,0,0,1,1,1,NONE,NONE,NONE,1,9,1,10,2,10,0.154,2
f0:184.770298889,187.46252375,193.546192222,193.74777,196.567252222,200.0190525,206.196663333,213.676637778,206.4329975,165.579661111
feature:lan2,2,2,2,2,2,1,0,0,2,8,2,0,2,0,3,0,0,1,122.727,0,0,122.727,1,1,1,NONE,NONE,Accented,2,8,2,9,3,9,0.231,2
f0:184.818061429,206.204553333,206.02915,193.512946667,187.686472857,189.201671667,197.226732857,218.51837,241.979552857,247.963055
feature:cuo1,2,2,2,1,2,2,0,0,1,7,3,0,1,5,4,1,0,0,125.727,122.727,122.727,125.727,1,1,1,Accented,NONE,NONE,3,7,3,8,4,8,0.308,1
f0:223.02728625,236.336452857,265.4041525,296.73994,317.17046375,318.929277143,319.58903875,323.08680375,325.479375714,321.79394
feature:ni2,2,2,2,2,1,2,0,1,1,6,4,1,1,4,0,0,1,0,0,125.727,125.727,0,1,1,1,NONE,Accented,NONE,4,6,4,7,5,7,0.385,2
f0:303.25644,295.280012,280.195303333,257.232954,232.721211667,219.500795,226.583678,244.765496667,264.082942,277.823328333
feature:bo2,2,2,1,2,2,2,0,1,1,5,5,1,1,3,1,0,0,0,0,0,0,0,1,1,1,NONE,NONE,NONE,5,5,5,6,6,6,0.462,2
f0:286.944516,292.4110875,299.234728,300.848284,297.071716,294.486625,293.19435,291.660206,289.4843975,286.92215
feature:er2,1,2,2,2,2,3,0,1,1,4,6,1,1,2,2,0,0,0,0,0,0,0,1,1,1,NONE,NONE,NONE,6,4,6,5,7,5,0.538,2
f0:283.9199825,279.8537825,276.2674575,272.3753125,270.254596,270.5596925,274.5675525,280.3560425,282.7959225,281.27376
feature:yu3,2,1,2,3,2,4,0,1,1,3,7,1,1,1,3,0,0,0,0,0,0,0,1,1,1,NONE,NONE,NONE,7,3,7,4,8,4,0.615,3
f0:271.31352,256.216886,239.0351025,229.532858,218.3961875,207.618425,196.573406,183.9759425,169.170348,155.651435
feature:yi4,2,2,2,4,3,1,0,1,1,2,8,1,1,0,4,0,0,1,117.727,0,0,117.727,1,1,1,NONE,NONE,Accented,8,2,8,3,9,3,0.692,4
f0:144.23897,142.677168333,146.946595714,165.729196667,199.662444286,234.563077143,264.991048333,280.372372857,276.777553333,253.728062857
feature:yin1,2,2,2,1,4,3,0,1,0,1,9,1,0,1,5,1,0,0,120.727,117.727,117.727,120.727,1,1,4,Accented,NONE,NONE,9,1,9,2,10,2,0.769,1
f0:229.069485714,223.390246667,235.87439,260.34214,276.759292857,279.805823333,279.088004286,280.432575,288.2935,289.188333333
feature:ti3,2,2,0,3,1,0,0,2,0,0,10,2,0,0,0,0,1,0,110,120.727,120.727,0,4,1,0,NONE,Accented,0,10,0,10,1,11,1,0.846,3
f0:276.67620375,259.816672857,242.752,226.049255714,189.668515,126.34295375,109.380351429,125.37654875,129.767542857,174.25829625
