feature:yong4,2,0,2,4,0,1,0,0,3,9,0,0,3,0,0,0,0,1,133.82401,130,0,133.82401,1,0,1,NONE,0,Accented,0,9,0,10,1,10,0.083,4
f0:245.292051111,246.6830025,229.421563333,209.55437,193.696475556,184.7779525,181.298873333,180.0460425,181.395363333,191.39010375
feature:dong1,2,2,2,1,4,4,0,0,2,8,1,0,2,1,1,1,0,0,136.82401,133.82401,133.82401,136.82401,1,1,1,Accented,NONE,NONE,1,8,1,9,2,9,0.167,1
f0:202.834294286,253.586205714,307.508692857,316.274231429,316.405361429,316.973491429,321.958062857,328.886368571,338.36551,334.447371429
feature:jie4,2,2,2,4,1,1,0,1,2,7,2,1,2,0,0,0,1,1,132.255,136.82401,136.82401,132.255,1,1,1,NONE,Accented,Accented,2,7,2,8,3,8,0.25,4
f0:318.84797,316.533885,315.469984286,307.278898333,280.706952857,244.687272857,208.028431667,186.498004286,179.772005,184.22926
feature:xi1,2,2,2,1,4,4,0,1,1,6,3,1,1,3,1,1,0,0,135.255,132.255,132.255,135.255,1,1,1,Accented,NONE,NONE,3,6,3,7,4,7,0.333,1
f0:194.705534286,207.797345714,232.834002857,258.23599,283.637982857,306.747315,321.13935,327.67854,333.333931429,328.033967143
feature:cou4,2,2,2,4,1,2,0,2,1,5,4,2,1,2,0,0,1,0,0,135.255,135.255,0,1,1,1,NONE,Accented,NONE,4,5,4,6,5,6,0.417,4
f0:324.396946667,322.416173333,320.588812,319.003981667,319.830568333,321.846425,299.920985,268.181288,238.308345,214.2167
feature:lai2,2,2,2,2,4,5,0,2,1,4,5,2,1,1,1,0,0,0,0,0,0,0,1,1,1,NONE,NONE,NONE,5,4,5,5,6,5,0.5,2
f0:201.58674,190.788586,179.370526,161.08783,146.629562,144.8931475,147.171748,152.568604,157.716768,164.431364
feature:de5,2,2,2,5,2,1,0,2,1,3,6,2,1,0,2,0,0,1,129.118,0,0,129.118,1,1,1,NONE,NONE,Accented,6,3,6,4,7,4,0.583,5
f0:179.531471667,195.678123333,192.237713333,181.439471667,168.605218333,162.045934,160.72416,163.054375,169.304856667,184.263181667
feature:san1,2,2,2,1,5,4,0,2,0,2,7,2,0,6,3,1,0,0,132.118,129.118,129.118,132.118,1,1,1,Accented,NONE,NONE,7,2,7,3,8,3,0.667,1
f0:196.556,216.963384,244.093795,274.268411667,304.359218333,323.65422,323.52175,319.41182,321.089612,323.86702
feature:wan4,2,2,2,4,1,2,0,3,0,1,8,3,0,5,0,0,1,0,0,132.118,132.118,0,1,1,3,NONE,Accented,NONE,8,1,8,2,9,2,0.75,4
f0:328.028156667,334.99568,336.288635,333.14124,318.660516667,289.906996,248.847776667,209.299845,181.665403333,161.692078333
feature:yuan2,2,2,2,2,4,3,0,3,0,0,9,3,0,4,1,0,0,0,0,0,0,0,3,1,1,NONE,NONE,NONE,9,0,9,1,10,1,0.833,2
f0:154.810795,153.991932222,153.389404,153.04244,160.410666,149.818896,146.614705556,155.283236,174.747214444,189.55098
feature:mai3,2,2,2,3,2,2,0,0,1,9,0,0,1,3,2,0,0,0,0,0,0,0,1,3,1,NONE,NONE,NONE,0,9,0,10,1,5,0.143,3
f0:217.625008,216.173996,206.107272,196.11418,190.353864,184.22338,174.414648,168.114968,167.074488,171.374064
feature:hui2,2,2,2,2,3,2,0,0,1,8,1,0,1,2,3,0,0,0,0,0,0,0,1,1,1,NONE,NONE,NONE,1,8,1,9,2,4,0.286,2
f0:179.699082857,181.937371429,185.280162857,188.198588571,186.879548571,183.21949,183.428795714,186.417535714,191.075045714,202.205982857
feature:yi2,2,2,2,2,2,4,0,0,1,7,2,0,1,1,4,0,0,0,0,0,0,0,1,1,1,NONE,NONE,NONE,2,7,2,8,3,3,0.429,2
f0:205.014988333,184.186186,169.849315,184.38035,200.29482,201.699852,203.010335,217.748966667,239.093854,261.101086667
feature:wan4,2,2,2,4,2,1,0,0,1,6,3,0,1,0,5,0,0,1,123.627,0,0,123.627,1,1,1,NONE,NONE,Accented,3,6,3,7,4,2,0.571,4
f0:275.561361667,308.435075,343.275935,339.985426667,322.161671429,292.450943333,258.499216667,222.215471667,204.0465,199.87878
feature:zhu1,2,2,2,1,4,4,0,0,0,5,4,0,0,5,6,1,0,0,126.627,123.627,123.627,0,1,1,1,Accented,NONE,NONE,4,5,4,6,5,1,0.714,1
f0:193.1735425,221.584074444,254.59644875,253.60483625,250.664587778,250.28537,253.55820375,256.3791925,262.154438889,264.80334875
feature:ci4,2,2,2,4,1,2,0,1,0,4,5,1,0,4,0,0,1,0,0,0,126.627,0,1,1,1,NONE,Accented,NONE,5,4,5,5,1,2,0.25,4
f0:376.17401,376.17401,376.17401,376.17401,376.17401,376.17401,376.17401,376.17401,376.17401,376.10841
feature:huai2,2,2,2,2,4,2,0,1,0,3,6,1,0,3,1,0,0,0,0,0,0,0,1,1,1,NONE,NONE,NONE,6,3,6,4,2,1,0.5,2
f0:345.312859167,256.168331667,168.198251667,182.387005,174.351263846,149.88189,153.826405833,155.3914075,182.295316667,197.85737
feature:yu2,2,2,2,2,2,4,0,1,0,2,7,1,0,2,2,0,0,0,0,0,0,0,1,1,1,NONE,NONE,NONE,7,2,7,3,1,3,0.2,2
f0:200.834765,200.84761,197.516616667,194.403072,193.703956667,193.643781667,198.067826,212.732475,234.789218,250.826125
feature:shu4,2,2,2,4,2,2,0,1,0,1,8,1,0,1,3,0,0,0,0,0,0,0,1,1,3,NONE,NONE,NONE,8,1,8,2,2,2,0.4,4
f0:263.931938333,280.546706,297.481933333,316.298843333,333.844381667,339.583132,328.663723333,292.128916667,261.541072,233.580668333
feature:miao2,2,2,2,2,4,1,0,1,0,0,9,1,0,0,4,0,0,1,113.922,0,0,123.922,3,1,1,NONE,NONE,Accented,9,0,9,1,3,1,0.6,2
f0:199.033821,178.377064444,163.493739,149.528377778,137.552091,137.662882222,143.845869,153.629697778,169.667167,187.419745556
feature:zai1,2,2,2,1,2,3,0,0,1,3,0,0,1,1,5,1,0,0,121.922,123.922,113.922,121.922,1,3,1,Accented,NONE,NONE,0,3,0,4,1,4,0.167,1
f0:290.76099,290.76099,290.6991,286.603968,274.671388,269.311756,269.175348,271.307641667,273.460328,268.073652
feature:man3,2,2,2,3,1,1,0,0,1,2,1,0,1,0,0,0,1,1,117.353,121.922,121.922,117.353,1,1,1,NONE,Accented,Accented,1,2,1,3,2,3,0.333,3
f0:258.856698333,254.723663333,245.235033333,227.333,193.680981667,165.116604,142.202658333,128.764225,135.937633333,151.89427
feature:sha1,2,2,2,1,3,3,0,0,0,1,2,0,0,1,1,1,0,0,120.353,117.353,117.353,120.353,1,1,4,Accented,NONE,NONE,2,1,2,2,3,2,0.5,1
f0:169.662297143,196.87845,224.116894286,251.355338571,274.849365714,279.261618333,277.05984,279.562054286,283.497785714,283.404144286
feature:hai3,2,2,0,3,1,0,0,1,0,0,3,1,0,0,0,0,1,0,110,120.353,120.353,0,4,1,0,NONE,Accented,0,3,0,3,1,4,1,0.667,3
f0:274.6756925,262.37787,250.01005125,237.20212,205.16135875,153.9100075,135.717191429,129.1821625,127.91801,127.91800875
