feature:guo2,2,0,2,2,0,3,0,0,5,19,0,0,5,1,0,0,0,0,0,130,0,0,1,0,1,NONE,0,NONE,0,19,0,20,1,20,0.045,2
f0:250.050994,248.513002,246.312742,250.349948,267.352523333,292.511076,322.576342,359.120804,384.227464,387.015872
feature:tu3,2,2,2,3,2,1,0,0,5,18,1,0,5,0,1,0,0,1,132.674,0,0,132.674,1,1,1,NONE,NONE,Accented,1,18,1,19,2,19,0.091,3
f0:374.888164,351.17215,327.090572,305.684732,285.000371667,269.08053,234.134766,195.033308,168.640736667,168.321038
feature:zi1,2,2,2,1,3,2,0,0,4,17,2,0,4,3,2,1,0,0,135.674,132.674,132.674,135.674,1,1,1,Accented,NONE,NONE,2,17,2,18,3,18,0.136,1
f0:184.425786,201.9063,217.75348,235.883786,253.988966,267.8776175,277.284186,291.570588,297.053585,296.405438
feature:yuan2,2,2,2,2,1,5,0,1,4,16,3,1,4,2,0,0,1,0,0,135.674,135.674,0,1,1,1,NONE,Accented,NONE,3,16,3,17,4,17,0.182,2
f0:287.322792857,267.84325,248.428411429,228.4948,194.853525714,175.973371667,171.130822857,171.597987143,181.479765714,195.803547143
feature:de5,2,2,2,5,2,4,0,1,4,15,4,1,4,1,1,0,0,0,0,0,0,0,1,1,1,NONE,NONE,NONE,4,15,4,16,5,16,0.227,5
f0:204.68604,220.283782,227.35148,223.95453,212.51144,201.9514,193.826482,187.30436,185.367494,185.799464
feature:te4,2,2,2,4,5,1,0,1,4,14,5,1,4,0,2,0,0,1,128.953,0,0,128.953,1,1,1,NONE,NONE,Accented,5,14,5,15,6,15,0.273,4
f0:191.542678333,211.906997143,242.16166,269.961466667,300.541234286,327.576593333,334.243066667,325.118058333,294.724295714,270.458211667
feature:shu1,2,2,2,1,4,4,0,1,3,13,6,1,3,5,3,1,0,0,131.953,128.953,128.953,131.953,1,1,1,Accented,NONE,NONE,6,13,6,14,7,14,0.318,1
f0:262.423131667,269.781696,286.617895,303.836732,320.781758333,330.85386,332.559218333,334.34583,338.67604,341.458054
feature:xing4,2,2,2,4,1,2,0,2,3,12,7,2,3,4,0,0,1,0,0,131.953,131.953,0,1,1,1,NONE,Accented,NONE,7,12,7,13,8,13,0.364,4
f0:330.031787,324.159245556,322.496309,318.435012222,278.451834,225.451561,182.412895556,157.775803,109.715275556,82.404436
feature:jue2,2,2,2,2,4,4,0,2,3,11,8,2,3,3,1,0,0,0,0,0,0,0,1,1,1,NONE,NONE,NONE,8,11,8,12,9,12,0.409,2
f0:204.879355714,245.4907875,228.086505714,217.211597143,205.552285,195.06231125,187.91244,182.959255714,189.3697575,198.357715714
feature:ding4,2,2,2,4,2,5,0,2,3,10,9,2,3,2,2,0,0,0,0,0,0,0,1,1,1,NONE,NONE,NONE,9,10,9,11,10,11,0.455,4
f0:204.772321667,225.053548,249.684846667,249.305578333,236.50694,220.916162,206.87288,194.95388,184.254066,176.733585
feature:le5,2,2,2,5,4,4,0,2,3,9,10,2,3,1,3,0,0,0,0,0,0,0,1,1,1,NONE,NONE,NONE,10,9,10,10,11,10,0.5,5
f0:174.247594,170.108562,166.411665,162.77362,157.259054,154.711836,155.02423,158.86655,167.0655,176.71287
feature:bi4,2,2,2,4,5,1,0,2,3,8,11,2,3,0,4,0,0,1,123.37199,0,0,123.37199,1,1,1,NONE,NONE,Accented,11,8,11,9,12,9,0.545,4
f0:191.55997,216.62806,239.726954,262.825851667,285.425696667,290.531783333,279.461036667,260.244002,243.097488333,231.258608333
feature:xu1,2,2,2,1,4,1,0,2,2,7,12,2,2,0,5,1,0,1,126.907,123.37199,123.37199,126.907,1,1,1,Accented,NONE,Accented,12,7,12,8,13,8,0.591,1
f0:232.16342,242.32932,253.687511429,265.045715714,273.513295714,272.747678571,272.082662857,273.886552857,277.107257143,274.560314286
feature:jia1,2,2,2,1,1,4,0,3,1,6,13,3,1,4,0,1,1,0,125.442,126.907,126.907,125.442,1,1,1,Accented,Accented,NONE,13,6,13,7,14,7,0.636,1
f0:270.11972,278.747801429,291.473455,304.946315714,324.384133333,328.091665,327.205088571,329.02124,332.877414286,335.138628333
feature:kuai4,2,2,2,4,1,2,0,4,1,5,14,4,1,3,0,0,1,0,0,125.442,125.442,0,1,1,1,NONE,Accented,NONE,14,5,14,6,15,6,0.682,4
f0:339.108005,335.115285714,327.55386375,320.316544286,317.2154075,303.23559,260.247621429,199.08077375,163.671327143,160.2476575
feature:shi2,2,2,2,2,4,4,0,4,1,4,15,4,1,2,1,0,0,0,0,0,0,0,1,1,1,NONE,NONE,NONE,15,4,15,5,16,5,0.727,2
f0:165.617533333,167.448382,165.98323,164.240526,162.497833333,160.755128,159.437348333,160.244284,167.427355,177.256966
feature:xian4,2,2,2,4,2,4,0,4,1,3,16,4,1,1,2,0,0,0,0,0,0,0,1,1,1,NONE,NONE,NONE,16,3,16,4,17,4,0.773,4
f0:191.641787143,199.41085,210.0276,220.854908333,231.541582857,237.389686667,227.940131429,197.540896667,153.450281429,122.94281
feature:xin4,2,2,2,4,4,1,0,4,1,2,17,4,1,0,3,0,0,1,117.791,0,0,117.791,1,1,1,NONE,NONE,Accented,17,2,17,3,18,3,0.818,4
f0:120.545307143,143.737954286,167.029922857,180.630275714,197.997371429,213.944338333,228.638277143,232.101331429,216.12514,190.340048571
feature:xi1,2,2,2,1,4,4,0,4,0,1,18,4,0,1,4,1,0,0,120.791,117.791,117.791,120.791,1,1,4,Accented,NONE,NONE,18,1,18,2,19,2,0.864,1
f0:165.521916667,162.361706667,175.756728571,196.511631667,215.502875,231.830766667,239.435726667,242.629987143,247.00454,249.117561667
feature:hua4,2,2,0,4,1,0,0,5,0,0,19,5,0,0,0,0,1,0,110,120.791,120.791,0,4,1,0,NONE,Accented,0,19,0,19,1,20,1,0.909,4
f0:242.07424,229.258265714,196.34852875,229.22941375,249.31590125,220.425435714,178.4393525,123.7910025,101.367167143,101.218
