feature:jin2,2,0,2,2,0,3,0,0,3,16,0,0,3,1,0,0,0,0,0,0,0,0,1,0,1,NONE,0,NONE,0,16,0,17,1,14,0.063,2
f0:267.901,267.901,263.769353333,254.814404,257.94008,273.877448,294.328058333,315.869446,334.392176667,340.380144
feature:guan3,2,2,2,3,2,1,0,0,3,15,1,0,3,0,1,0,0,1,132.297,0,0,132.297,1,1,1,NONE,NONE,Accented,1,15,1,16,2,13,0.125,3
f0:341.69039875,335.25774375,278.7371,209.7038825,179.73846625,167.23430375,162.57093,163.115388571,172.01484,193.4783275
feature:gang1,2,2,2,1,3,2,0,0,2,14,2,0,2,3,2,1,0,0,135.297,132.297,132.297,135.297,1,1,1,Accented,NONE,NONE,2,14,2,15,3,12,0.188,1
f0:239.291071667,281.929436667,306.978393333,312.148436667,323.062241667,330.502681667,332.533946667,338.556563333,341.704721667,338.450095
feature:chu2,2,2,2,2,1,5,0,1,2,13,3,1,2,2,0,0,1,0,0,135.297,135.297,0,1,1,1,NONE,Accented,NONE,3,13,3,14,4,11,0.25,2
f0:326.938568333,303.63301,277.293005,250.953008333,224.623925,203.090656667,184.885321667,185.017371667,201.240958333,202.508431667
feature:guo5,2,2,2,5,2,5,0,1,2,12,4,1,2,1,1,0,0,0,0,0,0,0,1,1,1,NONE,NONE,NONE,4,12,4,13,5,10,0.313,5
f0:166.035166,135.584358,158.208306,252.779846,270.181408,259.2314325,242.759056,220.070354,201.377702,184.611752
feature:de5,2,2,2,5,5,1,0,1,2,11,5,1,2,0,2,0,0,1,127.97301,0,0,127.97301,1,1,1,NONE,NONE,Accented,5,11,5,12,6,9,0.375,5
f0:176.02034,175.746796667,175.2254725,172.2695,168.45554,167.04608,166.971385,166.889976667,167.877145,173.816466667
feature:zhuang1,2,2,2,1,5,5,0,1,1,10,6,1,1,8,3,1,0,0,130.97301,127.97301,127.97301,130.97301,1,1,1,Accented,NONE,NONE,6,10,6,11,7,8,0.438,1
f0:191.937232857,220.801533333,258.21819,289.281807143,296.093082857,297.654081667,300.264944286,306.45023,313.020688333,307.007915714
feature:jia5,2,2,2,5,1,4,0,2,1,9,7,2,1,7,0,0,1,0,0,130.97301,130.97301,0,1,1,1,NONE,Accented,NONE,7,9,7,10,8,7,0.5,5
f0:293.0356,293.96142,296.29506,290.073256,251.86356,209.033292,180.144108,157.505708,148.344454,155.635674
feature:di4,2,2,2,4,5,4,0,2,1,8,8,2,1,6,1,0,0,0,0,0,0,0,1,1,1,NONE,NONE,NONE,8,8,8,9,9,6,0.563,4
f0:186.780558889,214.39028,225.017354444,213.32061,188.236675556,161.438821111,150.71253375,120.084452222,88.14332375,110.964292222
feature:bian4,2,2,2,4,4,4,0,2,1,7,9,2,1,5,2,0,0,0,0,0,0,0,1,1,1,NONE,NONE,NONE,9,7,9,8,10,5,0.625,4
f0:152.754818571,191.8259275,230.897032857,266.962668571,305.98764125,332.37302375,337.140002857,327.02122,295.68690375,243.852574286
feature:bu4,2,2,2,4,4,5,0,2,1,6,10,2,1,4,3,0,0,0,0,0,0,0,1,1,1,NONE,NONE,NONE,10,6,10,7,11,4,0.688,4
f0:213.518808333,208.853591667,210.232141667,222.871828333,239.586158333,243.451953333,231.741585,211.373626667,195.365171667,190.454338333
feature:zhe5,2,2,2,5,4,4,0,2,1,5,11,2,1,3,4,0,0,0,0,0,0,0,1,1,1,NONE,NONE,NONE,11,5,11,6,12,3,0.75,5
f0:198.400551667,204.729874,204.278605,192.027392,180.517668333,170.887045,164.212932,163.60018,165.149768,168.470513333
feature:bai4,2,2,2,4,5,3,0,2,1,4,12,2,1,2,5,0,0,0,0,0,0,0,1,1,1,NONE,NONE,NONE,12,4,12,5,13,2,0.813,4
f0:193.581735714,238.192002857,284.145997143,321.178462857,326.862397143,323.344366667,312.386405714,282.907541429,246.487925714,211.334398571
feature:cao3,2,2,2,3,4,5,0,2,1,3,13,2,1,1,6,0,0,0,0,0,0,0,1,1,1,NONE,NONE,NONE,13,3,13,4,14,1,0.875,3
f0:184.710405714,182.736478571,182.26285,181.789215714,181.27611,177.544564286,155.959295714,124.357501429,112.859012857,112.225761429
feature:de5,2,2,2,5,3,1,0,2,1,2,14,2,1,0,7,0,0,1,118.243,0,0,118.243,1,1,1,NONE,NONE,Accented,14,2,14,3,1,3,0.2,5
f0:149.944123333,156.11301,156.170756667,157.018696667,159.169463333,161.472243333,162.931063333,165.275753333,167.737493333,168.72521
feature:shi1,2,2,2,1,5,3,0,2,0,1,15,2,0,1,8,1,0,0,121.243,118.243,118.243,121.243,1,1,4,Accented,NONE,NONE,15,1,15,2,2,2,0.4,1
f0:174.570727143,191.33196,209.489928571,227.647893333,245.80585,264.830815714,273.923391667,275.395204286,271.133036667,235.390192857
feature:ti3,2,2,0,3,1,0,0,3,0,0,16,3,0,0,0,0,1,0,110,121.243,121.243,0,4,1,0,NONE,Accented,0,16,0,16,1,3,1,0.6,3
f0:221.55224875,215.621,209.68975125,203.83763,183.04083125,145.074404286,106.56064125,71.31879,56.30558375,55.7297
