feature:yi1,2,0,2,1,0,4,0,0,5,18,0,0,5,3,0,1,0,0,137.51199,139.51199,0,137.51199,1,0,1,Accented,0,NONE,0,18,0,19,1,11,0.077,1
f0:330.616,330.616,330.741066,334.091612,341.437,347.0023175,352.003254,353.592684,353.742916,359.689442
feature:zhao4,2,2,2,4,1,2,0,0,5,17,1,0,5,2,0,0,1,0,0,137.51199,137.51199,0,1,1,1,NONE,Accented,NONE,1,17,1,18,2,10,0.154,4
f0:367.942495714,364.763245,339.70147,310.285516667,283.886952857,264.420425,252.12065,242.876866667,238.588118571,239.87734
feature:xing2,2,2,2,2,4,3,0,0,5,16,2,0,5,1,1,0,0,0,0,0,0,0,1,1,1,NONE,NONE,NONE,2,16,2,17,3,9,0.231,2
f0:237.69142625,236.87141125,241.424808571,246.16631125,242.50234125,223.26126375,235.60330125,278.06522,324.27019375,330.1833075
feature:fa3,2,2,2,3,2,1,0,0,5,15,3,0,5,0,2,0,0,1,130.61,0,0,130.61,1,1,1,NONE,NONE,Accented,3,15,3,16,4,8,0.308,3
f0:323.946964286,322.450837143,316.888002857,254.479978571,188.27111,167.076304286,150.43823,141.388378571,142.856335714,167.366468571
feature:guan1,2,2,2,1,3,2,0,0,4,14,4,0,4,1,3,1,0,0,133.61,130.61,130.61,133.61,1,1,1,Accented,NONE,NONE,4,14,4,15,5,7,0.385,1
f0:192.020976667,216.823796,248.975761667,278.141956,286.755448333,284.650896,281.531496667,282.804144,287.84986,292.096248
feature:yu2,2,2,2,2,1,1,0,1,4,13,5,1,4,0,0,0,1,1,128.659,133.61,133.61,128.659,1,1,1,NONE,Accented,Accented,5,13,5,14,6,6,0.462,2
f0:290.47508,266.154493333,230.51890875,210.807094444,196.43595375,196.16783875,202.324153333,210.616625,222.842233333,242.71012875
feature:fei1,2,2,2,1,2,3,0,1,3,12,6,1,3,1,1,1,0,0,131.659,128.659,128.659,131.659,1,1,1,Accented,NONE,NONE,6,12,6,13,7,5,0.538,1
f0:271.51406875,300.176144286,328.83819625,356.461884286,366.65487375,365.801967143,363.83967375,364.842854286,367.41304,352.819822857
feature:fa3,2,2,2,3,1,1,0,2,3,11,7,2,3,0,0,0,1,1,126.707,131.659,131.659,126.707,1,1,1,NONE,Accented,Accented,7,11,7,12,8,4,0.615,3
f0:326.754712857,316.404178333,306.339751429,286.241928333,231.44758,188.373263333,166.760192857,154.432183333,151.932037143,163.468983333
feature:jing1,2,2,2,1,3,2,0,2,2,10,8,2,2,5,1,1,0,0,129.707,126.707,126.707,129.707,1,1,1,Accented,NONE,NONE,8,10,8,11,9,3,0.692,1
f0:184.301138333,204.396858,224.492571667,246.821138333,268.369958333,281.269794,291.150723333,295.911733333,295.792502,287.655686667
feature:ying2,2,2,2,2,1,4,0,3,2,9,9,3,2,4,0,0,1,0,0,129.707,129.707,0,1,1,1,NONE,Accented,NONE,9,9,9,10,10,2,0.769,2
f0:266.599083333,245.739366,220.811703333,187.10405,171.344888333,169.5424,172.571518,181.154736667,197.431406,218.249451667
feature:zui4,2,2,2,4,2,4,0,3,2,8,10,3,2,3,1,0,0,0,0,0,0,0,1,1,1,NONE,NONE,NONE,10,8,10,9,11,1,0.846,4
f0:245.614828571,275.80563,292.769984286,284.3570675,249.818441429,199.414255714,153.0031925,111.529565714,110.26575875,226.105475714
feature:huo4,2,2,2,4,4,3,0,3,2,7,11,3,2,2,2,0,0,0,0,0,0,0,1,1,1,NONE,NONE,NONE,11,7,11,8,1,2,0.25,4
f0:66.387,66.387,66.387,66.3910866667,67.3713483333,125.739198,264.341905,292.2362,277.280974,243.998996667
feature:zhe3,2,2,2,3,4,2,0,3,2,6,12,3,2,1,3,0,0,0,0,0,0,0,1,1,1,NONE,NONE,NONE,12,6,12,7,2,1,0.5,3
f0:199.495993333,197.191392,200.271983333,193.928271667,173.585403333,156.095634,150.747805,162.110635,161.10779,147.314701667
feature:qi2,2,2,2,2,3,1,0,3,2,5,13,3,2,0,4,0,0,1,120.854,0,0,120.854,1,1,1,NONE,NONE,Accented,13,5,13,6,1,6,0.125,2
f0:183.04601,183.04601,183.04601,183.04601,183.04601,183.331706,188.847702,196.467436,200.934085,208.00028
feature:ta1,2,2,2,1,2,4,0,3,1,4,14,3,1,2,5,1,0,0,123.854,120.854,120.854,123.854,1,1,1,Accented,NONE,NONE,14,4,14,5,2,5,0.25,1
f0:220.674478,250.495625,281.896436,312.030151667,326.563636,324.884616,322.06887,325.729442,333.644521667,329.785004
feature:zui4,2,2,2,4,1,5,0,4,1,3,15,4,1,1,0,0,1,0,0,123.854,123.854,0,1,1,1,NONE,Accented,NONE,15,3,15,4,3,4,0.375,4
f0:321.461604,325.821554,337.398701667,346.015408,346.092484,335.914224,313.913208,282.485253333,253.166654,216.554948
feature:de5,2,2,2,5,4,1,0,4,1,2,16,4,1,0,1,0,0,1,117.927,0,0,117.927,1,1,1,NONE,NONE,Accented,16,2,16,3,4,3,0.5,5
f0:189.792243333,185.527393333,182.11044,172.10219,159.49013,156.08781,156.010163333,157.408023333,160.65778,166.669896667
feature:gui1,2,2,2,1,5,4,0,4,0,1,17,4,0,1,2,1,0,0,120.927,117.927,117.927,120.927,1,1,4,Accented,NONE,NONE,17,1,17,2,5,2,0.625,1
f0:178.780392,192.94533,202.933506,204.602804,202.002105,199.835296,197.57142,197.098664,197.652004,196.138806
feature:ding4,2,2,0,4,1,0,0,5,0,0,18,5,0,0,0,0,1,0,110,120.927,120.927,0,4,1,0,NONE,Accented,0,18,0,18,1,6,1,0.75,4
f0:194.8407,207.558051667,210.924298333,199.439868333,181.076156667,163.935958333,154.207905,163.278023333,168.76701,168.767006667
