feature:chu1,2,0,2,1,0,4,0,0,4,18,0,0,4,2,0,1,0,0,137.5,139.5,0,137.5,1,0,1,Accented,0,NONE,0,18,0,19,1,3,0.2,1
f0:343.5830175,343.58304,343.58304,343.58304,344.6050875,349.677445,357.570496,359.415765,358.467674,351.4670925
feature:xian4,2,2,2,4,1,5,0,0,4,17,1,0,4,1,0,0,1,0,0,137.5,137.5,0,1,1,1,NONE,Accented,NONE,1,17,1,18,2,2,0.4,4
f0:339.17559,336.24176,339.439766,343.199074,346.397083333,343.495684,333.438484,320.842822,297.593533333,272.271846
feature:le5,2,2,1,5,4,1,0,0,4,16,2,0,4,0,1,0,0,1,126.5,0,0,136.5,1,1,1,NONE,NONE,Accented,2,16,2,17,3,1,0.6,5
f0:244.54335,221.97831375,210.26200125,198.11013625,187.711438889,187.1085225,184.79817375,181.44137875,183.82423,193.55023625
feature:a1,1,2,2,1,5,4,0,0,3,15,3,0,3,6,2,1,0,0,136.5,136.5,126.5,0,1,1,1,Accented,NONE,NONE,3,15,3,16,1,1,0.333,1
f0:253.621948,282.937384,308.625578333,315.668376,317.77148,319.764758,322.521978,323.157756667,320.789136,313.139174
feature:ge4,2,1,2,4,1,4,0,1,3,14,4,1,3,5,0,0,1,0,0,0,136.5,0,1,1,1,NONE,Accented,NONE,4,14,4,15,1,4,0.167,4
f0:335.509006,335.509,337.736784,342.09519,342.596972,337.050618,325.341425,308.871504,290.444535,277.941344
feature:jie4,2,2,2,4,4,2,0,1,3,13,5,1,3,4,1,0,0,0,0,0,0,0,1,1,1,NONE,NONE,NONE,5,13,5,14,2,3,0.333,4
f0:275.68011,275.979264,276.42061,276.784392,276.03441,268.260842,256.784988,239.255294,218.911348,197.672114
feature:ren2,2,2,2,2,4,4,0,1,3,12,6,1,3,3,2,0,0,0,0,0,0,0,1,1,1,NONE,NONE,NONE,6,12,6,13,3,2,0.5,2
f0:171.235796667,158.02043,152.40404,141.672461667,136.721866667,139.483755,152.315118333,168.518718571,180.231158333,192.658911667
feature:shi4,2,2,2,4,2,3,0,1,3,11,7,1,3,2,3,0,0,0,0,0,0,0,1,1,1,NONE,NONE,NONE,7,11,7,12,4,1,0.667,4
f0:204.918085,220.324123333,238.00762,254.862806667,252.140532,215.491328889,183.344009,165.907738889,130.881803,114.389094444
feature:yong3,2,2,2,3,4,4,0,1,3,10,8,1,3,1,4,0,0,0,0,0,0,0,1,1,1,NONE,NONE,NONE,8,10,8,11,1,11,0.077,3
f0:73.42821125,168.305867143,204.41926125,208.967591429,195.9722575,173.264798571,162.81007375,159.282591429,145.049765,145.327564286
feature:yue4,2,2,2,4,3,1,0,1,3,9,9,1,3,0,5,0,0,1,125,0,0,125,1,1,1,NONE,NONE,Accented,9,9,9,10,2,10,0.154,4
f0:174.742363333,214.256971667,249.982433333,282.975403333,305.658525,312.10643,303.657296667,276.979818333,243.292395,222.173048333
feature:can1,2,2,2,1,4,1,0,1,2,8,10,1,2,0,6,1,0,1,128.5,125,125,128.5,1,1,1,Accented,NONE,Accented,10,8,10,9,3,9,0.231,1
f0:210.665331429,227.65927,255.2075,282.810495714,312.9720075,331.76447,329.741172857,323.11248,321.008157143,318.030122857
feature:guan1,2,2,2,1,1,3,0,2,1,7,11,2,1,1,0,1,1,0,127,128.5,128.5,127,1,1,1,Accented,Accented,NONE,11,7,11,8,4,8,0.308,1
f0:317.85248,318.93298,321.099,324.91553,328.518656667,329.63684,330.222706667,331.573243333,331.93085,332.03835
feature:wo3,2,2,2,3,1,1,0,3,1,6,12,3,1,0,0,0,1,1,122,127,127,122,1,1,1,NONE,Accented,Accented,12,6,12,7,5,7,0.385,3
f0:332.203615556,330.743438889,332.962997778,332.808642222,323.969572222,297.02977,249.142511111,191.031355556,169.855932222,159.696148889
feature:shang1,2,2,2,1,3,2,0,3,0,5,13,3,0,5,1,1,0,0,125,122,122,125,1,1,1,Accented,NONE,NONE,13,5,13,6,6,6,0.462,1
f0:171.31112,196.010328571,230.763526667,268.798532857,299.34545,303.613201429,308.541411429,315.86331,319.960692857,311.962021429
feature:pin2,2,2,2,2,1,3,0,4,0,4,14,4,0,4,0,0,1,0,0,125,125,0,1,1,1,NONE,Accented,NONE,14,4,14,5,7,5,0.538,2
f0:287.486018333,260.3374,233.429266667,214.19746,199.111171667,181.274203333,181.12671,192.150803333,209.218324286,219.372243333
feature:zhan3,2,2,2,3,2,5,0,4,0,3,15,4,0,3,1,0,0,0,0,0,0,0,1,1,1,NONE,NONE,NONE,15,3,15,4,8,4,0.615,3
f0:225.018826,229.164326,221.660226,196.744732,162.812404,132.02753,110.49151,107.05647,110.378256,115.278922
feature:de5,2,2,2,5,3,4,0,4,0,2,16,4,0,2,2,0,0,0,0,0,0,0,1,1,1,NONE,NONE,NONE,16,2,16,3,9,3,0.692,5
f0:119.58494,123.890962,128.1969875,132.6628475,142.751566,149.3087075,151.8639125,154.7406125,164.722418,175.7198675
feature:sheng4,2,2,2,4,5,4,0,4,0,1,17,4,0,1,3,0,0,0,0,0,0,0,1,1,4,NONE,NONE,NONE,17,1,17,2,10,2,0.769,4
f0:191.78212,218.692167143,245.825611429,273.094757143,301.348137143,297.761148571,257.517455714,206.965417143,162.000718571,158.278562857
feature:kuang4,2,2,0,4,4,0,0,4,0,0,18,4,0,0,4,0,0,0,110,0,0,0,4,1,0,NONE,NONE,0,18,0,18,1,11,1,0.846,4
f0:175.40374875,187.27483625,199.888804444,212.338715,217.98088375,201.94338875,162.55336,132.281081111,108.67717875,85.46019125
