feature:qin1,2,0,2,1,0,2,0,0,1,3,0,0,1,1,0,1,0,0,137.535,139.535,0,137.535,1,0,1,Accented,0,NONE,0,3,0,4,1,3,0.2,1
f0:300.198017143,300.19803,300.19803,300.038076667,297.502641429,293.941262857,291.936405,292.11377,296.441096667,295.087178571
feature:qing2,2,2,2,2,1,1,0,0,1,2,1,0,1,0,0,0,1,1,132.674,137.535,137.535,132.674,1,1,1,NONE,Accented,Accented,1,2,1,3,2,2,0.4,2
f0:282.3722475,273.015313333,263.75551375,242.719955,206.87573,186.7972075,182.82769625,188.14435875,192.94618,204.0018375
feature:xiang1,2,2,2,1,2,2,0,0,0,1,2,0,0,5,1,1,0,0,135.674,132.674,132.674,0,1,1,3,Accented,NONE,NONE,2,1,2,2,3,1,0.6,1
f0:217.434865,244.319617143,277.13985875,309.955474286,332.94555875,336.12212375,335.348715714,333.18033625,333.896892857,322.6233475
feature:qing2,2,2,2,2,1,2,0,1,0,0,3,1,0,4,0,0,1,0,0,0,135.674,0,3,1,1,NONE,Accented,NONE,3,0,3,1,1,1,0.333,2
f0:228.27002,228.27002,226.892153,198.799696,168.06637,155.263449,154.857258,166.084005,183.395803,204.028914
feature:yi2,2,2,2,2,2,4,0,0,2,11,0,0,2,3,1,0,0,0,0,0,0,0,1,3,1,NONE,NONE,NONE,0,11,0,12,1,12,0.071,2
f0:230.37889,231.397524,231.7778175,232.3652925,237.470812,248.6556125,261.494775,275.1755675,287.140642,293.0481775
feature:xia4,2,2,2,4,2,5,0,0,2,10,1,0,2,2,2,0,0,0,0,0,0,0,1,1,1,NONE,NONE,NONE,1,10,1,11,2,11,0.143,4
f0:301.392045,319.372865,340.334377143,360.978276667,370.432118333,363.127248333,347.381103333,322.084902857,288.795623333,254.770893333
feature:zi5,2,2,2,5,4,3,0,0,2,9,2,0,2,1,3,0,0,0,0,0,0,0,1,1,1,NONE,NONE,NONE,2,9,2,10,3,10,0.214,5
f0:220.585418333,208.010613333,208.341518,208.83661,203.305198333,187.421945,176.49078,174.406766,174.374495,182.492118333
feature:ba3,2,2,2,3,5,1,0,0,2,8,3,0,2,0,4,0,0,1,127.093,0,0,127.093,1,1,1,NONE,NONE,Accented,3,8,3,9,4,9,0.286,3
f0:194.765685714,192.458745714,188.637224286,176.019275714,158.507895714,148.856478571,143.033651429,143.004891429,150.54464,165.23966
feature:zha1,2,2,2,1,3,2,0,0,1,7,4,0,1,3,5,1,0,0,130.093,127.093,127.093,130.093,1,1,1,Accented,NONE,NONE,4,7,4,8,5,8,0.357,1
f0:190.9996,218.59565,252.644805714,286.294225,302.19268,303.494666667,307.011278571,313.642186667,318.04064,315.114885
feature:wen2,2,2,2,2,1,2,0,1,1,6,5,1,1,2,0,0,1,0,0,130.093,130.093,0,1,1,1,NONE,Accented,NONE,5,6,5,7,6,7,0.429,2
f0:292.075702,272.4436125,255.96484,234.745606,208.601852,189.6795475,173.710922,165.909318,167.0205975,178.210552
feature:hong2,2,2,2,2,2,2,0,1,1,5,6,1,1,1,1,0,0,0,0,0,0,0,1,1,1,NONE,NONE,NONE,6,5,6,6,7,6,0.5,2
f0:212.004616667,224.146665556,205.138688889,198.209643333,186.819757778,169.780065,164.135611111,172.786382222,193.326208889,217.934914444
feature:hui2,2,2,2,2,2,1,0,1,1,4,7,1,1,0,2,0,0,1,123.37199,0,0,123.37199,1,1,1,NONE,NONE,Accented,7,4,7,5,8,5,0.571,2
f0:219.918148571,223.410272857,248.81788,271.58031,243.06908,190.561155714,183.672568571,185.765835714,202.407087143,213.185584286
feature:jia1,2,2,2,1,2,5,0,1,0,3,8,1,0,3,3,1,0,0,126.372,123.37199,123.37199,126.372,1,1,1,Accented,NONE,NONE,8,3,8,4,9,4,0.643,1
f0:219.22009,235.310235,265.431146667,296.86812,322.178454286,327.151656667,331.078701667,335.032268333,336.362576667,330.614751667
feature:de5,2,2,2,5,1,4,0,2,0,2,9,2,0,2,0,0,1,0,0,126.372,126.372,0,1,1,1,NONE,Accented,NONE,9,2,9,3,10,3,0.714,5
f0:302.5900875,289.530936667,284.0194775,274.950575,262.4328275,239.187886667,213.6958925,196.2136075,183.805503333,180.2822475
feature:nian4,2,2,2,4,5,5,0,2,0,1,10,2,0,1,1,0,0,0,0,0,0,0,1,1,3,NONE,NONE,NONE,10,1,10,2,11,2,0.786,4
f0:182.892752857,192.65139,209.627845714,220.098193333,215.408275714,197.513002857,171.387955,159.739384286,162.360028333,168.902702857
feature:tou5,2,2,2,5,4,1,0,2,0,0,11,2,0,0,2,0,0,1,114.651,0,0,124.651,3,1,1,NONE,NONE,Accented,11,0,11,1,12,1,0.857,5
f0:172.487905,152.06517125,123.62142625,96.300715,84.13243125,75.7132314286,66.35544875,66.62642,115.2749375,196.5565575
feature:la1,2,2,2,1,5,5,0,0,0,3,0,0,0,3,3,1,0,0,122.651,124.651,114.651,122.651,1,3,1,Accented,NONE,NONE,0,3,0,4,1,4,0.167,1
f0:271.130328,282.540028,290.01625,294.62169,295.528308,297.237608,303.370458,305.578498,301.936554,273.241144
feature:de5,2,2,2,5,1,3,0,0,0,2,1,0,0,2,0,0,1,0,0,122.651,122.651,0,1,1,1,NONE,Accented,NONE,1,2,1,3,2,3,0.333,5
f0:239.944226667,237.0589775,235.370816667,234.09866,228.967963333,220.13739,201.242545,185.82228,179.46528,178.35224
feature:hen3,2,2,2,3,5,4,0,0,0,1,2,0,0,1,1,0,0,0,0,0,0,0,1,1,4,NONE,NONE,NONE,2,1,2,2,3,2,0.5,3
f0:179.447967143,181.479628333,183.46777,185.554882857,184.814438571,167.848628333,161.929061429,182.285805714,190.209791667,189.102075714
feature:jin4,2,2,0,4,3,0,0,0,0,0,3,0,0,0,2,0,0,0,110,0,0,0,4,1,0,NONE,NONE,0,3,0,3,1,4,1,0.667,4
f0:192.82201125,209.126354286,228.4756325,240.54600125,232.4589625,208.583424286,179.49963875,114.0021425,67.8339185714,65.66155
