feature:ji2,2,0,2,2,0,2,0,0,2,15,0,0,2,3,0,0,0,0,0,0,0,0,1,0,1,NONE,0,NONE,0,15,0,16,1,9,0.091,2
f0:265.11499,265.11499,264.429248,262.266516,263.66129,274.04344,292.095888,310.809576,313.022065,299.387868
feature:tuan2,2,2,2,2,2,2,0,0,2,14,1,0,2,2,1,0,0,0,0,0,0,0,1,1,1,NONE,NONE,NONE,1,14,1,15,2,8,0.182,2
f0:290.49782,283.597035,278.800815714,270.43499875,227.929875714,209.135444286,208.3181975,213.383295714,235.20133125,245.727802857
feature:dang2,2,2,2,2,2,3,0,0,2,13,2,0,2,1,2,0,0,0,0,0,0,0,1,1,1,NONE,NONE,NONE,2,13,2,14,3,7,0.273,2
f0:238.021505,232.222812,228.040253333,221.416993333,227.572825,252.361186,280.170708333,303.11408,311.931374,311.505855
feature:wei3,2,2,2,3,2,1,0,0,2,12,3,0,2,0,3,0,0,1,129.85699,0,0,129.85699,1,1,1,NONE,NONE,Accented,3,12,3,13,4,6,0.364,3
f0:309.627625,300.702012,282.678855,245.742752,204.2869225,172.8988125,149.949172,143.007465,146.278676,156.869625
feature:shu1,2,2,2,1,3,5,0,0,1,11,4,0,1,4,4,1,0,0,132.85699,129.85699,129.85699,132.85699,1,1,1,Accented,NONE,NONE,4,11,4,12,5,5,0.455,1
f0:170.976065,190.987266667,209.410432,227.833615,248.020735,259.273785,260.35936,260.970058,264.004568333,263.09402
feature:ji5,2,2,2,5,1,2,0,1,1,10,5,1,1,3,0,0,1,0,0,132.85699,132.85699,0,1,1,1,NONE,Accented,NONE,5,10,5,11,6,4,0.545,5
f0:258.190612857,260.750645714,264.367707143,258.508251429,234.7576275,216.111052857,202.217397143,197.294552857,194.445244286,196.470288571
feature:tang2,2,2,2,2,5,2,0,1,1,9,6,1,1,2,1,0,0,0,0,0,0,0,1,1,1,NONE,NONE,NONE,6,9,6,10,7,3,0.636,2
f0:199.83091875,203.68972625,207.54853875,210.55611875,197.512415556,187.65617875,202.74666625,248.11212375,300.59894375,307.162505
feature:ji2,2,2,2,2,2,2,0,1,1,8,7,1,1,1,2,0,0,0,0,0,0,0,1,1,1,NONE,NONE,NONE,7,8,7,9,8,2,0.727,2
f0:299.95191,286.60167,272.77605,259.685128333,237.890358,224.179918,225.241595,238.112074,259.684836667,262.762188
feature:xia2,2,2,2,2,2,1,0,1,1,7,8,1,1,0,3,0,0,1,119.143,0,0,129.14301,1,1,1,NONE,NONE,Accented,8,7,8,8,9,1,0.818,2
f0:242.086364,225.643416667,212.216075,189.402632222,158.863218,151.354662222,155.596358,168.915106667,193.501295,217.952837778
feature:gao1,2,2,2,1,2,4,0,1,0,6,9,1,0,6,4,1,0,0,127.143,129.14301,119.143,127.143,1,1,1,Accented,NONE,NONE,9,6,9,7,1,5,0.143,1
f0:337.267005,337.267,337.267,337.267,337.544254286,338.694003333,340.842616667,343.023036667,347.656284286,342.673318333
feature:xing4,2,2,2,4,1,5,0,2,0,5,10,2,0,5,0,0,1,0,0,127.143,127.143,0,1,1,1,NONE,Accented,NONE,10,5,10,6,2,4,0.286,4
f0:331.170151667,331.890695714,335.107505,338.32431,339.00526,323.710255,286.161814286,252.351015,228.292001429,208.78581
feature:de5,2,2,2,5,4,4,0,2,0,4,11,2,0,4,1,0,0,0,0,0,0,0,1,1,1,NONE,NONE,NONE,11,4,11,5,3,3,0.429,5
f0:197.0838775,190.679844,186.7840975,182.64064,178.098,176.387535,176.67262,181.4799775,191.355938,195.2096475
feature:gao4,2,2,2,4,5,4,0,2,0,3,12,2,0,3,2,0,0,0,0,0,0,0,1,1,1,NONE,NONE,NONE,12,3,12,4,4,2,0.571,4
f0:196.299524,213.097521667,249.06963,287.972961667,314.746068,316.703308,304.173925,280.028708,253.14504,224.088356
feature:su4,2,2,2,4,4,4,0,2,0,2,13,2,0,2,3,0,0,0,0,0,0,0,1,1,1,NONE,NONE,NONE,13,2,13,3,5,1,0.714,4
f0:198.961714,192.3865625,190.649138,188.663494,186.677862,184.9404325,179.747298,163.485714,148.9503725,145.646734
feature:ji4,2,2,2,4,4,3,0,2,0,1,14,2,0,1,4,0,0,0,0,0,0,0,1,1,4,NONE,NONE,NONE,14,1,14,2,1,2,0.25,4
f0:167.226255,172.21301,172.31697,174.7080125,176.98712,174.14101,164.520215,153.348825,146.638352,145.397195
feature:zhe3,2,2,0,3,4,0,0,2,0,0,15,2,0,0,5,0,0,0,110,0,0,0,4,1,0,NONE,NONE,0,15,0,15,1,2,1,0.5,3
f0:147.518326667,152.151044286,155.20606,154.013996667,147.11877,123.618821667,113.648908333,119.423741667,157.417647143,205.900833333
