feature:er2,1,0,2,2,0,4,0,0,4,13,0,0,4,1,0,0,0,0,0,0,0,0,1,0,1,NONE,0,NONE,0,13,0,14,1,2,0.25,2
f0:203.109025,204.909893333,206.57192,206.929833333,207.3291,210.145985,215.413453333,223.961605,234.638646667,240.6990525
feature:shi4,2,1,2,4,2,1,0,0,4,12,1,0,4,0,1,0,0,1,127.5,0,0,137.5,1,1,1,NONE,NONE,Accented,1,12,1,13,2,1,0.5,4
f0:244.63302,247.34525625,249.5047575,251.24224375,244.66375875,222.866401429,208.82194875,203.16967625,204.19821375,193.6702525
feature:qian1,2,2,2,1,4,1,0,0,3,11,2,0,3,0,2,1,0,1,135.875,137.5,127.5,135.875,1,1,1,Accented,NONE,Accented,2,11,2,12,1,9,0.091,1
f0:298.086474286,304.75699,304.75699,304.75699,309.861625714,320.867772857,321.136506667,320.840262857,322.01681,316.255324286
feature:fang1,2,2,2,1,1,3,0,1,2,10,3,1,2,6,0,1,1,0,134.25,135.875,135.875,134.25,1,1,1,Accented,Accented,NONE,3,10,3,11,2,8,0.182,1
f0:307.152046667,316.247997143,328.050146667,325.399688571,314.557875,313.067171667,315.937931429,320.373346667,322.631422857,313.824131667
feature:bai3,2,2,2,3,1,4,0,2,2,9,4,2,2,5,0,0,1,0,0,134.25,134.25,0,1,1,1,NONE,Accented,NONE,4,9,4,10,3,7,0.273,3
f0:298.32288,286.560391429,269.462438333,228.711342857,181.31639,151.103838333,138.263672857,137.258435,136.380075714,139.052543333
feature:ji4,2,2,2,4,3,2,0,2,2,8,5,2,2,4,1,0,0,0,0,0,0,0,1,1,1,NONE,NONE,NONE,5,8,5,9,4,6,0.364,4
f0:159.37136,191.6075,218.01428,220.635162222,207.61848875,190.967085,175.891704444,147.54045875,100.832283333,84.03003375
feature:cong2,2,2,2,2,4,2,0,2,2,7,6,2,2,3,2,0,0,0,0,0,0,0,1,1,1,NONE,NONE,NONE,6,7,6,8,5,5,0.455,2
f0:109.322656364,146.358986667,183.234977273,197.808314545,183.749335,184.898164545,191.175444545,212.347811818,230.681316667,224.406014545
feature:nong2,2,2,2,2,2,2,0,2,2,6,7,2,2,2,3,0,0,0,0,0,0,0,1,1,1,NONE,NONE,NONE,7,6,7,7,6,4,0.545,2
f0:210.68984,198.86039,190.568438,185.11505,184.71377,186.29479,193.4939875,210.827772,234.03598,255.0911425
feature:min2,2,2,2,2,2,3,0,2,2,5,8,2,2,1,4,0,0,0,0,0,0,0,1,1,1,NONE,NONE,NONE,8,5,8,6,7,3,0.636,2
f0:284.227261429,311.969951667,324.843167143,323.828181429,307.528791429,282.168955,270.048477143,276.32817,292.573038333,303.635064286
feature:shou3,2,2,2,3,2,1,0,2,2,4,9,2,2,0,5,0,0,1,122.5,0,0,122.5,1,1,1,NONE,NONE,Accented,9,4,9,5,8,2,0.727,3
f0:299.107361429,282.232505714,262.745994286,243.862828571,227.84983,196.76863,159.739357143,133.958495714,132.077032857,153.771564286
feature:zhong1,2,2,2,1,3,1,0,2,1,3,10,2,1,0,6,1,0,1,125.5,122.5,122.5,126.25,1,1,1,Accented,NONE,Accented,10,3,10,4,9,1,0.818,1
f0:183.394347143,206.692486667,225.021721429,231.712388333,239.438397143,249.104438333,252.94598,255.483473333,243.317198571,213.295543333
feature:lao1,2,2,2,1,1,2,0,3,0,2,11,3,0,3,0,1,1,0,124.25,126.25,125.5,124.25,1,1,1,Accented,Accented,NONE,11,2,11,3,1,3,0.2,1
f0:292.874986667,284.17934,283.997921667,300.117893333,309.910571667,314.156618,316.54099,320.241571667,323.255823333,320.786173333
feature:qu2,2,2,2,2,1,3,0,4,0,1,12,4,0,2,0,0,1,0,0,124.25,124.25,0,1,1,3,NONE,Accented,NONE,12,1,12,2,2,2,0.4,2
f0:307.32194,287.28952,264.952555714,242.6156,222.309278333,202.03455,187.62324,187.565657143,200.910835,221.59549
feature:hao3,2,2,2,3,2,4,0,4,0,0,13,4,0,1,1,0,0,0,0,0,0,0,3,1,4,NONE,NONE,NONE,13,0,13,1,3,1,0.6,3
f0:223.927766667,214.651663333,200.72453,186.784286667,174.111353333,161.86085,151.130708333,126.711205714,100.151603333,96.8256016667
feature:chu4,2,2,0,4,3,0,0,0,0,0,0,0,0,0,2,0,0,0,110,0,0,0,4,3,0,NONE,NONE,0,0,0,0,1,1,1,0.333,4
f0:239.896001667,239.896,239.896,239.896,239.402525,229.427516667,203.675848333,177.63767,145.415116667,134.777186667
