feature:ta1,2,0,2,1,0,4,0,0,4,19,0,0,4,3,0,1,0,0,137.535,139.535,0,137.535,1,0,1,Accented,0,NONE,0,19,0,20,1,20,0.045,1
f0:354.70599,354.70599,354.70599,354.70599,354.590952,352.978424,352.0037,353.1088725,353.39583,349.00122
feature:jiu4,2,2,2,4,1,4,0,0,4,18,1,0,4,2,0,0,1,0,0,137.535,137.535,0,1,1,1,NONE,Accented,NONE,1,18,1,19,2,19,0.091,4
f0:345.234022,347.19547,350.80206,356.16003,361.232698,355.979542,335.81333,312.04372,289.239638333,268.971904
feature:shi4,2,2,2,4,4,2,0,0,4,17,2,0,4,1,1,0,0,0,0,0,0,0,1,1,1,NONE,NONE,NONE,2,17,2,18,3,18,0.136,4
f0:246.54671625,243.648144286,248.36001875,253.071885714,250.20581375,229.689957143,209.78888125,196.88245,191.26488,193.539095714
feature:cong2,2,2,2,2,4,1,0,0,4,16,3,0,4,0,2,0,0,1,130.814,0,0,130.814,1,1,1,NONE,NONE,Accented,3,16,3,17,4,17,0.182,2
f0:199.328803333,201.904896667,204.46094125,205.946391111,192.443104444,183.485213333,184.288958889,191.43330125,205.861162222,228.966013333
feature:xian1,2,2,2,1,2,4,0,0,3,15,4,0,3,1,3,1,0,0,133.814,130.814,130.814,133.814,1,1,1,Accented,NONE,NONE,4,15,4,16,5,16,0.227,1
f0:238.7220525,260.22076125,285.910101429,311.59945125,333.2551075,336.1767,334.0966875,332.855234286,333.78951125,333.76573125
feature:jin4,2,2,2,4,1,1,0,1,3,14,5,1,3,0,0,0,1,1,128.953,133.814,133.814,128.953,1,1,1,NONE,Accented,Accented,5,14,5,15,6,15,0.273,4
f0:330.815666667,327.784556667,325.185113333,322.745955,307.321728571,269.987031667,234.61284,212.745721667,207.27276,207.606945
feature:dan1,2,2,2,1,4,4,0,1,2,13,6,1,2,7,1,1,0,0,131.953,128.953,128.953,131.953,1,1,1,Accented,NONE,NONE,6,13,6,14,7,14,0.318,1
f0:209.6141075,218.7934075,246.536355,265.0280225,267.351868,267.3555375,267.342185,267.6970425,268.3734725,270.3709875
feature:wei4,2,2,2,4,1,5,0,2,2,12,7,2,2,6,0,0,1,0,0,131.953,131.953,0,1,1,1,NONE,Accented,NONE,7,12,7,13,8,13,0.364,4
f0:273.871314286,279.658568333,280.809437143,275.373575,262.982954286,237.384945714,210.37835,187.582522857,169.30663,164.24437
feature:de5,2,2,2,5,4,2,0,2,2,11,8,2,2,5,1,0,0,0,0,0,0,0,1,1,1,NONE,NONE,NONE,8,11,8,12,9,12,0.409,5
f0:173.731326,175.435695,173.813954,171.1177525,165.86961,160.993332,160.4083725,160.467868,160.1519625,160.016542
feature:ling2,2,2,2,2,5,2,0,2,2,10,9,2,2,4,2,0,0,0,0,0,0,0,1,1,1,NONE,NONE,NONE,9,10,9,11,10,11,0.455,2
f0:166.068411429,173.929727143,170.655474286,171.252318571,174.447817143,184.152461667,204.956067143,247.109642857,292.937258571,308.811558571
feature:dao2,2,2,2,2,2,3,0,2,2,9,10,2,2,3,3,0,0,0,0,0,0,0,1,1,1,NONE,NONE,NONE,10,9,10,10,11,10,0.5,2
f0:305.268043333,300.19917,289.168275,255.376925,222.162243333,211.440582,218.090048333,243.604438333,263.140606,262.743645
feature:gang3,2,2,2,3,2,4,0,2,2,8,11,2,2,2,4,0,0,0,0,0,0,0,1,1,1,NONE,NONE,NONE,11,8,11,9,12,9,0.545,3
f0:252.365036,248.716683333,245.856068,243.08459,230.220361667,196.906104,170.694102,153.131726,141.150595,132.76425
feature:wei4,2,2,2,4,3,4,0,2,2,7,12,2,2,1,5,0,0,0,0,0,0,0,1,1,1,NONE,NONE,NONE,12,7,12,8,13,8,0.591,4
f0:125.003425714,128.283574286,164.592253333,213.107442857,265.440431429,297.833732857,298.141114286,281.849533333,252.368944286,217.55176
feature:shang4,2,2,2,4,4,1,0,2,2,6,13,2,2,0,6,0,0,1,121.512,0,0,121.512,1,1,1,NONE,NONE,Accented,13,6,13,7,14,7,0.636,4
f0:200.317314444,207.072499,212.948472222,190.337406667,159.061027,142.627463333,135.385437778,141.01043,179.869822,192.296563333
feature:ben1,2,2,2,1,4,4,0,2,1,5,14,2,1,1,7,1,0,0,124.512,121.512,121.512,124.512,1,1,1,Accented,NONE,NONE,14,5,14,6,15,6,0.682,1
f0:200.921158333,214.007467143,240.940976667,260.365162857,263.428366667,261.263895,259.638491429,261.288061667,264.420935714,255.25806
feature:fu4,2,2,2,4,1,1,0,3,1,4,15,3,1,0,0,0,1,1,119.651,124.512,124.512,119.651,1,1,1,NONE,Accented,Accented,15,4,15,5,16,5,0.727,4
f0:197.663164286,189.027982857,206.805055,225.600384286,231.165774286,212.485195714,189.865757143,168.108735,158.029327143,162.441271429
feature:xin1,2,2,2,1,4,5,0,3,0,3,16,3,0,3,1,1,0,0,122.651,119.651,119.651,122.651,1,1,1,Accented,NONE,NONE,16,3,16,4,17,4,0.773,1
f0:177.673902857,195.25749375,213.657612857,232.05773625,250.720561429,284.056257143,305.06248875,308.97559,311.447415,300.277352857
feature:de5,2,2,2,5,1,4,0,4,0,2,17,4,0,2,0,0,1,0,0,122.651,122.651,0,1,1,1,NONE,Accented,NONE,17,2,17,3,18,3,0.818,5
f0:286.38143,283.742165,277.350333333,258.780016667,229.50352,205.437973333,189.65658,183.073333333,180.2318425,180.77645
feature:zhan4,2,2,2,4,5,3,0,4,0,1,18,4,0,1,1,0,0,0,0,0,0,0,1,1,4,NONE,NONE,NONE,18,1,18,2,19,2,0.864,4
f0:193.863255,213.77496,229.91297,232.790993333,221.376821667,208.122102,189.695346667,162.43917,110.461291667,77.1364866667
feature:chang3,2,2,0,3,4,0,0,4,0,0,19,4,0,0,2,0,0,0,110,0,0,0,4,1,0,NONE,NONE,0,19,0,19,1,20,1,0.909,3
f0:82.0249255556,106.0398725,135.070845556,163.335725,168.756362222,144.909735,124.975917778,101.35219875,138.947731111,220.11428625
