feature:ni3,2,0,2,3,0,2,0,0,2,15,0,0,2,12,0,0,0,0,0,130,0,0,1,0,1,NONE,0,NONE,0,15,0,16,1,16,0.056,3
f0:242.782006,241.305938,235.579373333,230.097006,225.15105,220.555784,215.837206,214.459755,215.23849,217.63928
feature:cong2,2,2,2,2,3,2,0,0,2,14,1,0,2,11,1,0,0,0,0,0,0,0,1,1,1,NONE,NONE,NONE,1,14,1,15,2,15,0.111,2
f0:221.763117143,227.810155714,233.91377,239.787295714,237.1378625,211.952457143,208.176114286,218.72243,243.323815714,267.583542857
feature:shen2,2,2,2,2,2,5,0,0,2,13,2,0,2,10,2,0,0,0,0,0,0,0,1,1,1,NONE,NONE,NONE,2,13,2,14,3,14,0.167,2
f0:265.261716,257.772028,253.942433333,250.19809,246.869776,243.541466,239.680148,223.835235,202.377596,199.83973
feature:me5,2,2,2,5,2,4,0,0,2,12,3,0,2,9,3,0,0,0,0,0,0,0,1,1,1,NONE,NONE,NONE,3,12,3,13,4,13,0.222,5
f0:203.4486075,207.6406,211.3506325,216.7974,228.4061925,241.11664,251.3986875,264.5201425,268.822253333,267.7778175
feature:di4,2,2,2,4,5,5,0,0,2,11,4,0,2,8,4,0,0,0,0,0,0,0,1,1,1,NONE,NONE,NONE,4,11,4,12,5,12,0.278,4
f0:256.517406667,260.568162,321.59424,370.88136,375.774476667,369.388994,346.884486667,321.066656,281.799701667,248.213532
feature:fang5,2,2,2,5,4,2,0,0,2,10,5,0,2,7,5,0,0,0,0,0,0,0,1,1,1,NONE,NONE,NONE,5,10,5,11,6,11,0.333,5
f0:222.964008333,225.098593333,231.445388333,231.495095,207.211941429,187.421605,177.05041,168.825836667,164.453368333,166.87742
feature:xue2,2,2,2,2,5,5,0,0,2,9,6,0,2,6,6,0,0,0,0,0,0,0,1,1,1,NONE,NONE,NONE,6,9,6,10,7,10,0.389,2
f0:185.76415125,198.637348571,197.37996125,193.658802857,189.74970375,186.64246875,184.731508571,174.3589575,169.915971429,184.6297375
feature:de5,2,2,2,5,2,2,0,0,2,8,7,0,2,5,7,0,0,0,0,0,0,0,1,1,1,NONE,NONE,NONE,7,8,7,9,8,9,0.444,5
f0:206.506347143,224.168191429,219.222401429,204.418775714,186.254477143,171.21265,160.035977143,156.989305714,161.126298571,171.151951429
feature:fo2,2,2,2,2,5,5,0,0,2,7,8,0,2,4,8,0,0,0,0,0,0,0,1,1,1,NONE,NONE,NONE,8,7,8,8,9,8,0.5,2
f0:192.195751111,204.484639,215.875975556,224.816403333,198.335409,179.111676667,175.090971111,179.535425556,217.821096,264.493036667
feature:ya5,2,2,2,5,2,2,0,0,2,6,9,0,2,3,9,0,0,0,0,0,0,0,1,1,1,NONE,NONE,NONE,9,6,9,7,10,7,0.556,5
f0:276.57251,286.93184,296.693051111,276.299638889,242.691752222,209.694121111,176.582266667,152.208586667,142.503008889,118.450773333
feature:mo2,2,2,2,2,5,5,0,0,2,5,10,0,2,2,10,0,0,0,0,0,0,0,1,1,1,NONE,NONE,NONE,10,5,10,6,11,6,0.611,2
f0:106.480307778,123.063753333,184.046489,197.674315556,188.807025556,178.45039,173.407857778,178.276094,203.07189,262.458176667
feature:ya5,2,2,2,5,2,4,0,0,2,4,11,0,2,1,11,0,0,0,0,0,0,0,1,1,1,NONE,NONE,NONE,11,4,11,5,12,5,0.667,5
f0:290.741398333,298.490357143,324.913101667,334.412036667,326.326968571,304.427033333,274.177516667,237.35528,194.03411,177.886108333
feature:zhe4,2,2,2,4,5,1,0,0,2,3,12,0,2,0,12,0,0,1,119.571,0,0,119.571,1,1,1,NONE,NONE,Accented,12,3,12,4,13,4,0.722,4
f0:181.8257725,187.0620825,191.4709275,197.497925,203.08767,205.3734275,204.50556,200.06614,193.16943,188.1787675
feature:xie1,2,2,2,1,4,1,0,0,1,2,13,0,1,0,13,1,0,1,123,119.571,119.571,123,1,1,1,Accented,NONE,Accented,13,2,13,3,14,3,0.778,1
f0:187.219258,187.671215,191.689494,197.867405,204.168944,210.803618,213.26858,214.60979,214.6001775,214.703454
feature:dong1,2,2,2,1,1,5,0,1,0,1,14,1,0,1,0,1,1,0,121.429,123,123,121.429,1,1,4,Accented,Accented,NONE,14,1,14,2,15,2,0.833,1
f0:217.387871667,234.560912,262.601656667,267.900266,270.24613,271.534786667,272.240646,274.073395,278.50815,275.528041667
feature:xi5,2,2,0,5,1,0,0,2,0,0,15,2,0,0,0,0,1,0,110,121.429,121.429,0,4,1,0,NONE,Accented,0,15,0,15,1,16,1,0.889,5
f0:256.600211429,238.413345714,220.568238571,202.723118571,186.387151429,162.836403333,122.554931429,99.5153857143,94.1532,94.1532
