feature:zai4,2,0,2,4,0,1,0,0,5,11,0,0,5,0,0,0,0,1,132.692,130,0,132.692,1,0,1,NONE,0,Accented,0,11,0,12,1,12,0.071,4
f0:349.454014286,346.66998875,326.518258571,307.296108571,292.44192125,278.9502725,263.848541429,253.089035714,254.7366025,258.869474286
feature:ha1,2,2,1,1,4,3,0,0,4,10,1,0,4,1,1,1,0,0,130.5385,132.692,132.692,130.5385,1,1,1,Accented,NONE,NONE,1,10,1,11,2,11,0.143,1
f0:254.21311,263.681975714,281.691813333,300.103315714,321.642873333,330.831681667,330.65404,329.966365,324.821507143,309.95631
feature:er3,1,2,2,3,1,1,0,1,4,9,2,1,4,0,0,0,1,1,130.38499,130.5385,130.5385,130.38499,1,1,1,NONE,Accented,Accented,2,9,2,10,3,10,0.214,3
f0:290.7635375,271.8319475,252.10619,233.005495,212.1625475,196.9614575,189.7346275,187.642195,187.337935,190.4444475
feature:bin1,2,1,2,1,3,3,0,1,3,8,3,1,3,4,1,1,0,0,133.38499,130.38499,130.38499,133.38499,1,1,1,Accented,NONE,NONE,3,8,3,9,4,9,0.286,1
f0:198.343218571,227.184712857,267.1122275,282.987658571,291.99517,295.18253,298.021388571,304.53218,310.572242857,302.974428571
feature:bei3,2,2,2,3,1,2,0,2,3,7,4,2,3,3,0,0,1,0,0,133.38499,133.38499,0,1,1,1,NONE,Accented,NONE,4,7,4,8,5,8,0.357,3
f0:284.33773,274.38281,264.823053333,252.361576,219.984816667,182.244586667,146.679904,125.008721667,118.708976,117.780101667
feature:huan2,2,2,2,2,3,4,0,2,3,6,5,2,3,2,1,0,0,0,0,0,0,0,1,1,1,NONE,NONE,NONE,5,6,5,7,6,7,0.429,2
f0:125.901018333,138.188303333,146.482018333,154.658713333,163.668398333,164.169036,160.118486667,158.580015,161.762625,164.486701667
feature:lu4,2,2,2,4,2,5,0,2,3,5,6,2,3,1,2,0,0,0,0,0,0,0,1,1,1,NONE,NONE,NONE,6,5,6,6,7,6,0.5,4
f0:175.177588571,210.714062857,258.07513,286.784344286,323.75603125,328.92535,305.567797143,262.944368571,220.455174286,198.111835714
feature:shang5,2,2,2,5,4,1,0,2,3,4,7,2,3,0,3,0,0,1,122.692,0,0,122.692,1,1,1,NONE,NONE,Accented,7,4,7,5,8,5,0.571,5
f0:192.87648,197.532517143,204.7649775,202.30770375,179.19004625,158.508415714,149.31430375,140.63816,139.071982857,149.3425625
feature:hui1,2,2,2,1,5,1,0,2,2,3,8,2,2,0,4,1,0,1,125.923,122.692,122.692,125.923,1,1,1,Accented,NONE,Accented,8,3,8,4,9,4,0.643,1
f0:183.36221375,142.510732222,125.43315375,202.3278,281.9464,310.02998625,302.73285,296.88215,294.69566,293.34042875
feature:qiao1,2,2,2,1,1,1,0,3,1,2,9,3,1,0,0,1,1,1,124.3845,125.923,125.923,124.3845,1,1,1,Accented,Accented,Accented,9,2,9,3,10,3,0.714,1
f0:300.16289375,300.89837375,300.20795,299.5916125,297.766207778,286.8125775,277.14722,274.313945,275.32350875,276.265225
feature:lun1,2,2,2,1,1,3,0,4,0,1,10,4,0,1,0,1,1,0,122.615,124.3845,124.3845,122.615,1,1,4,Accented,Accented,NONE,10,1,10,2,11,2,0.786,1
f0:277.155971429,287.239224286,307.918314286,331.620631429,338.80047,340.754115,340.827615714,342.51304,342.447911429,329.561365714
feature:gao3,2,2,0,3,1,0,0,5,0,0,11,5,0,0,0,0,1,0,110,122.615,122.615,0,4,1,0,NONE,Accented,0,11,0,11,1,12,1,0.857,3
f0:305.24538,276.96772875,242.365267143,189.86071,139.203675714,76.0912371429,58.0459075,60.9647171429,67.42958625,67.4952071429
