feature:zao1,2,0,2,1,0,4,0,0,2,15,0,0,2,4,0,1,0,0,137.459,134.459,0,137.459,1,0,1,Accented,0,NONE,0,15,0,16,1,13,0.067,1
f0:281.04401,281.04401,280.996134,277.96468,267.30138,262.4130925,260.15686,259.2448,258.6187725,253.212896
feature:dao4,2,2,2,4,1,2,0,0,2,14,1,0,2,3,0,0,1,0,0,137.459,137.459,0,1,1,1,NONE,Accented,NONE,1,14,1,15,2,12,0.133,4
f0:252.52635,262.096867143,245.2308125,222.17815625,204.83691625,191.248724286,183.63486,182.52202375,172.543498571,140.46292125
feature:wang2,2,2,2,2,4,2,0,0,2,13,2,0,2,2,1,0,0,0,0,0,0,0,1,1,1,NONE,NONE,NONE,2,13,2,14,3,11,0.2,2
f0:132.397266667,168.238628333,190.299588,193.596115,191.008005,188.052143333,188.180408333,193.574068,207.286075,237.17164
feature:ming2,2,2,2,2,2,3,0,0,2,12,3,0,2,1,2,0,0,0,0,0,0,0,1,1,1,NONE,NONE,NONE,3,12,3,13,4,10,0.267,2
f0:270.98752875,287.779865,280.073016667,249.5998875,219.14373625,196.40957125,193.68391875,205.350221111,230.865215,234.84747125
feature:zuo3,2,2,2,3,2,1,0,0,2,11,4,0,2,0,3,0,0,1,129.054,0,0,129.054,1,1,1,NONE,NONE,Accented,4,11,4,12,5,9,0.333,3
f0:222.794534286,220.023981667,217.591672857,214.639343333,199.412302857,170.584373333,142.684977143,128.093948333,124.195157143,117.321811667
feature:qing1,2,2,2,1,3,1,0,0,1,10,5,0,1,0,4,1,0,1,132.5135,129.054,129.054,132.5135,1,1,1,Accented,NONE,Accented,5,10,5,11,6,8,0.4,1
f0:122.04069,154.377002222,187.743145,221.109277778,252.083012222,258.259963333,257.249114444,258.42364125,260.679637778,257.835426667
feature:ji1,2,2,2,1,1,4,0,1,0,9,6,1,0,9,0,1,1,0,130.97301,132.5135,132.5135,130.97301,1,1,1,Accented,Accented,NONE,6,9,6,10,7,7,0.467,1
f0:243.502434,255.34565,278.708988,302.614414,321.13274,328.366326,332.609824,337.43058,341.967556,341.52713
feature:hui4,2,2,2,4,1,3,0,2,0,8,7,2,0,8,0,0,1,0,0,130.97301,130.97301,0,1,1,1,NONE,Accented,NONE,7,8,7,9,8,6,0.533,4
f0:332.176951667,329.359235,333.646892,336.943041667,311.073231667,262.847321667,218.464601667,192.930768,182.849308333,171.927493333
feature:zhu3,2,2,2,3,4,4,0,2,0,7,8,2,0,7,1,0,0,0,0,0,0,0,1,1,1,NONE,NONE,NONE,8,7,8,8,9,5,0.6,3
f0:173.616352,181.6178625,190.307152,196.8449,193.839134,174.896152,157.9283025,146.122068,140.533785,140.277028
feature:yi4,2,2,2,4,3,4,0,2,0,6,9,2,0,6,2,0,0,0,0,0,0,0,1,1,1,NONE,NONE,NONE,9,6,9,7,10,4,0.667,4
f0:141.377032,144.061025,151.16012,159.88134,168.852248,172.195852,171.2255025,170.291632,172.0873,181.492538
feature:fen4,2,2,2,4,4,3,0,2,0,5,10,2,0,5,3,0,0,0,0,0,0,0,1,1,1,NONE,NONE,NONE,10,5,10,6,11,3,0.733,4
f0:198.973056667,224.29219,251.177718333,278.46169,300.757885714,299.323146667,279.664001667,246.964723333,218.302775,201.803575
feature:zi3,2,2,2,3,4,5,0,2,0,4,11,2,0,4,4,0,0,0,0,0,0,0,1,1,1,NONE,NONE,NONE,11,4,11,5,12,2,0.8,3
f0:195.05251,190.300328333,181.580004,172.584002,162.802256667,151.171534,134.22345,119.51032,114.7398,117.461768
feature:de5,2,2,2,5,3,2,0,2,0,3,12,2,0,3,5,0,0,0,0,0,0,0,1,1,1,NONE,NONE,NONE,12,3,12,4,13,1,0.867,5
f0:126.2765,135.1679075,140.630812,141.14195,140.98865,141.0474325,142.7096025,145.551242,147.397,147.2205525
feature:can2,2,2,2,2,5,4,0,2,0,2,13,2,0,2,6,0,0,0,0,0,0,0,1,1,1,NONE,NONE,NONE,13,2,13,3,1,3,0.2,2
f0:189.763,189.763,189.763,189.763,183.78746625,168.38566,170.005358571,182.14764,214.103384286,232.867501429
feature:ku4,2,2,2,4,2,3,0,2,0,1,14,2,0,1,7,0,0,0,0,0,0,0,1,1,3,NONE,NONE,NONE,14,1,14,2,2,2,0.4,4
f0:241.854568,256.774726,280.46433,304.497326,321.958202,325.759596,320.728776,293.836263333,266.50061,247.041996
feature:da3,2,2,2,3,4,1,0,2,0,0,15,2,0,0,8,0,0,1,112.162,0,0,122.162,3,1,4,NONE,NONE,Accented,15,0,15,1,3,1,0.6,3
f0:236.92415,230.429288,221.879088,198.250464,183.53834,163.542172,140.205288,119.492438,111.285516,110.893
feature:ji1,2,2,0,1,3,0,0,0,0,0,0,0,0,0,9,1,0,0,120.162,122.162,112.162,0,4,3,0,Accented,NONE,0,0,0,0,1,1,1,0.333,1
f0:202.962015714,202.96202,203.101027143,205.651871429,207.129461429,207.726737143,210.943334286,216.531144286,223.288124286,234.027484286
