feature:jiang1,2,0,2,1,0,3,0,0,1,11,0,0,1,8,0,1,0,0,137.459,139.459,0,137.459,1,0,1,Accented,0,NONE,0,11,0,12,1,12,0.071,1
f0:280.819,280.819,280.0301925,274.59873125,272.21462125,272.48019875,269.68339875,271.58090375,277.81019,277.45233875
feature:fan3,2,2,2,3,1,4,0,0,1,10,1,0,1,7,0,0,1,0,0,137.459,137.459,0,1,1,1,NONE,Accented,NONE,1,10,1,11,2,11,0.143,3
f0:269.85445625,268.797921429,267.87374125,265.749821429,237.9469775,203.127432857,177.232335,162.876892857,165.6725675,182.670207143
feature:kui4,2,2,2,4,3,4,0,0,1,9,2,0,1,6,1,0,0,0,0,0,0,0,1,1,1,NONE,NONE,NONE,2,9,2,10,3,10,0.214,4
f0:195.067473333,219.206615,247.94444,276.682265,306.069473333,331.69129,337.635466667,327.228165,303.851325,279.901906667
feature:yi4,2,2,2,4,4,4,0,0,1,8,3,0,1,5,2,0,0,0,0,0,0,0,1,1,1,NONE,NONE,NONE,3,8,3,9,4,9,0.286,4
f0:265.973328,261.078476667,259.91815,260.694301667,256.83446,242.510202,225.749485,211.730056,200.38122,197.227702
feature:jian4,2,2,2,4,4,2,0,0,1,7,4,0,1,4,3,0,0,0,0,0,0,0,1,1,1,NONE,NONE,NONE,4,7,4,8,5,8,0.357,4
f0:205.82388,214.935775556,216.00562375,201.91314375,190.982785556,177.9049725,169.15134,163.27656375,170.978664444,206.2326925
feature:ji2,2,2,2,2,4,2,0,0,1,6,5,0,1,3,4,0,0,0,0,0,0,0,1,1,1,NONE,NONE,NONE,5,6,5,7,6,7,0.429,2
f0:207.672922857,208.71989,215.635128571,223.430658571,228.562892857,229.983926667,233.849888571,258.996124286,300.529735714,315.682374286
feature:shi2,2,2,2,2,2,2,0,0,1,5,6,0,1,2,5,0,0,0,0,0,0,0,1,1,1,NONE,NONE,NONE,6,5,6,6,7,6,0.5,2
f0:310.856476,300.129271667,289.172254,279.432654,268.475621667,257.518588,243.7432,228.484404,230.69529,238.454778
feature:hui2,2,2,2,2,2,4,0,0,1,4,7,0,1,1,6,0,0,0,0,0,0,0,1,1,1,NONE,NONE,NONE,7,4,7,5,8,5,0.571,2
f0:234.917678571,227.692253333,222.480997143,216.796001429,208.754821429,195.898046667,191.527285714,195.371607143,218.546168333,228.513138571
feature:fu4,2,2,2,4,2,1,0,0,1,3,8,0,1,0,7,0,0,1,124.73,0,0,124.73,1,1,1,NONE,NONE,Accented,8,3,8,4,9,4,0.643,4
f0:234.184615714,245.913664286,259.099667143,268.940381429,266.006491429,249.850075,234.832015714,226.02208,224.167294286,219.47889
feature:ju1,2,2,2,1,4,3,0,0,0,2,9,0,0,3,8,1,0,0,127.73,124.73,124.73,127.73,1,1,1,Accented,NONE,NONE,9,2,9,3,10,3,0.714,1
f0:208.424748571,220.74335,243.896482857,269.585164286,295.273855714,319.0851,338.298907143,344.357341429,338.31168,296.386148571
feature:wei3,2,2,2,3,1,4,0,1,0,1,10,1,0,2,0,0,1,0,0,127.73,127.73,0,1,1,3,NONE,Accented,NONE,10,1,10,2,11,2,0.786,3
f0:275.06778,268.720475,246.581756,208.145585,178.76694,152.131372,133.702915,124.8895,125.736605,145.928398
feature:hui4,2,2,2,4,3,2,0,1,0,0,11,1,0,1,1,0,0,0,0,0,0,0,3,1,1,NONE,NONE,NONE,11,0,11,1,12,1,0.857,4
f0:157.3694075,130.125842222,115.88973,186.522323333,228.8568175,203.3924325,181.130288889,171.14461125,172.327686667,174.298
feature:he2,2,2,2,2,4,1,0,0,1,4,0,0,1,0,2,0,0,1,120.405,0,0,120.405,1,3,1,NONE,NONE,Accented,0,4,0,5,1,5,0.143,2
f0:247.118,247.118,242.62190375,219.47754,211.143348571,209.186425714,210.50925,213.167805,223.730157143,236.865591429
feature:ju1,2,2,2,1,2,2,0,0,0,3,1,0,0,3,3,1,0,0,123.405,120.405,120.405,123.405,1,1,1,Accented,NONE,NONE,1,3,1,4,2,4,0.286,1
f0:244.3285,257.804038333,272.379346667,286.954665,301.529995,314.64777,329.906051667,345.348673333,348.506013333,342.101683333
feature:min2,2,2,2,2,1,3,0,1,0,2,2,1,0,2,0,0,1,0,0,123.405,123.405,0,1,1,1,NONE,Accented,NONE,2,2,2,3,3,3,0.429,2
f0:324.854004286,301.050558333,268.141388571,227.390285,200.596925714,188.906028333,191.197637143,205.512518333,226.669697143,238.141908333
feature:ben3,2,2,2,3,2,2,0,1,0,1,3,1,0,1,1,0,0,0,0,0,0,0,1,1,4,NONE,NONE,NONE,3,1,3,2,4,2,0.571,3
f0:232.189198,228.440064,226.5828275,224.298624,219.43176,208.943076,192.050176,174.334975,155.360646,140.911834
feature:ren2,2,2,0,2,3,0,0,1,0,0,4,1,0,0,2,0,0,0,110,0,0,0,4,1,0,NONE,NONE,0,4,0,4,1,5,1,0.714,2
f0:125.41488,139.470942727,143.283736364,141.560380909,140.70325,140.910255455,146.442765455,162.839826364,193.84015,209.240672727
