feature:chou4,2,0,2,4,0,4,0,0,4,16,0,0,4,1,0,0,0,0,0,130,0,0,1,0,1,NONE,0,NONE,0,16,0,17,1,17,0.053,4
f0:359.864025,359.86404,359.86404,359.86404,367.100681667,380.792218,380.534445,364.829855,335.31407,305.395068333
feature:you4,2,2,2,4,4,1,0,0,4,15,1,0,4,0,1,0,0,1,132.297,0,0,132.297,1,1,1,NONE,NONE,Accented,1,15,1,16,2,16,0.105,4
f0:284.3411475,300.0933625,329.40979875,327.33685375,298.080624444,246.219345,201.78829,177.24456375,170.58803,176.2947875
feature:sao1,2,2,2,1,4,3,0,0,3,14,2,0,3,3,2,1,0,0,135.297,132.297,132.297,135.297,1,1,1,Accented,NONE,NONE,2,14,2,15,3,15,0.158,1
f0:190.846231667,219.072745714,252.517973333,281.318018333,291.710531429,289.879458333,290.086016667,292.614435,296.960255714,298.466848333
feature:rao3,2,2,2,3,1,4,0,1,3,13,3,1,3,2,0,0,1,0,0,135.297,135.297,0,1,1,1,NONE,Accented,NONE,3,13,3,14,4,14,0.211,3
f0:287.021724286,257.752017143,240.449131667,205.288698571,163.335357143,146.757945714,142.434204286,142.210996667,144.301142857,150.949391429
feature:te4,2,2,2,4,3,4,0,1,3,12,4,1,3,1,1,0,0,0,0,0,0,0,1,1,1,NONE,NONE,NONE,4,12,4,13,5,13,0.263,4
f0:176.36864,201.955456667,225.73224,249.509028333,275.663494286,301.78827,318.306545,317.417621667,301.509281667,272.17759
feature:luo4,2,2,2,4,4,1,0,1,3,11,5,1,3,0,2,0,0,1,127.97301,0,0,127.97301,1,1,1,NONE,NONE,Accented,5,11,5,12,6,12,0.316,4
f0:254.03981,258.30218,266.519835,267.5421875,266.090235,262.6684975,256.58987,246.908615,236.482705,230.921695
feature:yi1,2,2,2,1,4,1,0,1,2,10,6,1,2,0,3,1,0,1,131.4325,127.97301,127.97301,131.4325,1,1,1,Accented,NONE,Accented,6,10,6,11,7,11,0.368,1
f0:229.149785,233.631786667,254.12423,276.564916667,290.150575714,299.58584,303.875758333,307.022426667,304.982893333,300.081131667
feature:ju1,2,2,2,1,1,2,0,2,1,9,7,2,1,2,0,1,1,0,129.892,131.4325,131.4325,129.892,1,1,1,Accented,Accented,NONE,7,9,7,10,8,10,0.421,1
f0:300.673554,302.434288,304.857391667,307.278392,308.34452,303.154348,296.461014,299.317148333,304.66698,302.6036
feature:min2,2,2,2,2,1,4,0,3,1,8,8,3,1,1,0,0,1,0,0,129.892,129.892,0,1,1,1,NONE,Accented,NONE,8,8,8,9,9,9,0.474,2
f0:293.871919,262.043946,206.121725,168.389145,153.260097,149.924861111,148.959705,158.532063,180.827792,219.787654
feature:da4,2,2,2,4,2,1,0,3,1,7,9,3,1,0,1,0,0,1,123.649,0,0,123.649,1,1,1,NONE,NONE,Accented,9,7,9,8,10,8,0.526,4
f0:244.56937,255.436688,267.612192,277.628618,278.798811667,268.37578,252.591802,236.669042,227.143442,224.396904
feature:yue1,2,2,2,1,4,3,0,3,0,6,10,3,0,6,2,1,0,0,126.649,123.649,123.649,126.649,1,1,1,Accented,NONE,NONE,10,6,10,7,11,7,0.579,1
f0:223.553682,223.567668,224.807252,231.18468,244.537648,263.413625,273.249902,281.91762,287.964848,289.998828
feature:you3,2,2,2,3,1,2,0,4,0,5,11,4,0,5,0,0,1,0,0,126.649,126.649,0,1,1,1,NONE,Accented,NONE,11,5,11,6,12,6,0.632,3
f0:282.84007,271.084638571,263.4969175,251.000007143,211.197988571,171.162401429,147.906597143,137.2662425,133.638464286,134.567357143
feature:shi2,2,2,2,2,3,2,0,4,0,4,12,4,0,4,1,0,0,0,0,0,0,0,1,1,1,NONE,NONE,NONE,12,4,12,5,13,5,0.684,2
f0:160.50553875,175.13783,177.66123,180.1880775,182.71493,185.061278571,187.2497075,188.7998475,206.51122,246.20456375
feature:nian2,2,2,2,2,2,4,0,4,0,3,13,4,0,3,2,0,0,0,0,0,0,0,1,1,1,NONE,NONE,NONE,13,3,13,4,14,4,0.737,2
f0:267.8299,272.823266,266.960735,256.518626,238.211166667,195.210165,163.725216,142.507251667,136.184756,135.184375
feature:li4,2,2,2,4,2,3,0,4,0,2,14,4,0,2,3,0,0,0,0,0,0,0,1,1,1,NONE,NONE,NONE,14,2,14,3,15,3,0.789,4
f0:139.547182,148.051302,153.318684,169.499546,175.704454,169.771972,150.615152,137.114934,131.59345,124.405274
feature:shi3,2,2,2,3,4,5,0,4,0,1,15,4,0,1,4,0,0,0,0,0,0,0,1,1,4,NONE,NONE,NONE,15,1,15,2,16,2,0.842,3
f0:116.295411429,108.221694286,100.81908,93.4164642857,85.3408828571,77.7776171429,70.43184,71.58909,77.3625328571,73.8282342857
feature:le5,2,2,0,5,3,0,0,4,0,0,16,4,0,0,5,0,0,0,110,0,0,0,4,1,0,NONE,NONE,0,16,0,16,1,17,1,0.895,5
f0:67.142765,64.80333,65.19493,68.086455,85.3124125,116.626485,123.7616875,121.56325,118.0249775,116.6372675
