feature:wei4,2,0,2,4,0,2,0,0,0,21,0,0,0,21,0,0,0,0,0,0,0,0,1,0,1,NONE,0,NONE,0,21,0,22,1,22,0.042,4
f0:309.213795714,322.277176667,321.791455714,314.194041667,303.889198571,290.24132,278.077993333,266.443932857,259.44578,255.987985714
feature:mang2,2,2,2,2,4,2,0,0,0,20,1,0,0,20,1,0,0,0,0,0,0,0,1,1,1,NONE,NONE,NONE,1,20,1,21,2,21,0.083,2
f0:245.551105714,237.822746667,221.492054286,201.68311,185.676794286,181.76179,196.144585,227.688695714,257.950875,276.528018571
feature:mang2,2,2,2,2,2,4,0,0,0,19,2,0,0,19,2,0,0,0,0,0,0,0,1,1,1,NONE,NONE,NONE,2,19,2,20,3,20,0.125,2
f0:278.833983333,269.715931667,246.847463333,222.259041667,212.01226,210.512482,220.616848333,244.166143333,270.008646667,288.504663333
feature:lu4,2,2,2,4,2,5,0,0,0,18,3,0,0,18,3,0,0,0,0,0,0,0,1,1,1,NONE,NONE,NONE,3,18,3,19,4,19,0.167,4
f0:297.284974,310.451802,326.399006,327.651636,320.245182,306.88254,293.445986,282.120756,271.641428,265.430682
feature:lu5,2,2,2,5,4,5,0,0,0,17,4,0,0,17,4,0,0,0,0,0,0,0,1,1,1,NONE,NONE,NONE,4,17,4,18,5,18,0.208,5
f0:267.008936,279.8468225,290.907438,291.0513075,285.794764,276.405015,264.052338,252.18401,244.002562,226.59032
feature:de5,2,2,2,5,5,4,0,0,0,16,5,0,0,16,5,0,0,0,0,0,0,0,1,1,1,NONE,NONE,NONE,5,16,5,17,6,17,0.25,5
f0:211.657484,211.899765,211.970426,210.7049175,204.722776,198.94574,198.394574,200.026975,208.10624,218.1704775
feature:xian4,2,2,2,4,5,4,0,0,0,15,6,0,0,15,6,0,0,0,0,0,0,0,1,1,1,NONE,NONE,NONE,6,15,6,16,7,16,0.292,4
f0:222.816975,242.107935714,270.4234375,298.764688571,326.91159375,343.33403,337.057272857,305.44056375,254.961558571,222.280465
feature:dai4,2,2,2,4,4,2,0,0,0,14,7,0,0,14,7,0,0,0,0,0,0,0,1,1,1,NONE,NONE,NONE,7,14,7,15,8,15,0.333,4
f0:216.230812,221.4216225,222.553532,211.92959,193.258974,176.78682,165.713742,160.7975875,160.332,160.3071425
feature:ren2,2,2,2,2,4,2,0,0,0,13,8,0,0,13,8,0,0,0,0,0,0,0,1,1,1,NONE,NONE,NONE,8,13,8,14,9,14,0.375,2
f0:157.258465556,160.29226625,147.396266667,138.61804625,138.85269,141.343881111,146.34107125,154.206412222,176.275465,194.201922222
feature:ti2,2,2,2,2,2,4,0,0,0,12,9,0,0,12,9,0,0,0,0,0,0,0,1,1,1,NONE,NONE,NONE,9,12,9,13,10,13,0.417,2
f0:196.576163333,197.765423333,207.309183333,218.89075,222.577615,209.069568333,193.812056667,191.033266667,195.326128333,198.209011667
feature:gong4,2,2,2,4,2,3,0,0,0,11,10,0,0,11,10,0,0,0,0,0,0,0,1,1,1,NONE,NONE,NONE,10,11,10,12,11,12,0.458,4
f0:218.950218571,255.514622857,261.534011429,259.86611,259.874092857,260.391908571,261.660724286,264.175607143,266.345272857,235.371345714
feature:ya3,2,2,2,3,4,2,0,0,0,10,11,0,0,10,11,0,0,0,0,0,0,0,1,1,1,NONE,NONE,NONE,11,10,11,11,12,11,0.5,3
f0:182.676058571,173.992375,198.892527143,209.463288571,188.07244875,165.11015,136.904788571,127.128291429,131.33447125,149.799814286
feature:su2,2,2,2,2,3,4,0,0,0,9,12,0,0,9,12,0,0,0,0,0,0,0,1,1,1,NONE,NONE,NONE,12,9,12,10,13,10,0.542,2
f0:164.105616667,173.426142857,182.495061667,190.739523333,197.293527143,190.174871667,179.544605,190.40296,207.583457143,221.638351667
feature:gong4,2,2,2,4,2,3,0,0,0,8,13,0,0,8,13,0,0,0,0,0,0,0,1,1,1,NONE,NONE,NONE,13,8,13,9,14,9,0.583,4
f0:255.267002,304.293716,339.507446,346.010908,344.864864,337.377974,317.922406,289.906902,264.21308,238.60775
feature:shang3,2,2,2,3,4,3,0,0,0,7,14,0,0,7,14,0,0,0,0,0,0,0,1,1,1,NONE,NONE,NONE,14,7,14,8,15,8,0.625,3
f0:204.193285,199.250468,199.435417,178.228258,151.942094,141.595905556,142.698086,158.812516,187.812205,169.886511
feature:lao3,2,2,2,3,3,4,0,0,0,6,15,0,0,6,15,0,0,0,0,0,0,0,1,1,1,NONE,NONE,NONE,15,6,15,7,16,7,0.667,3
f0:86.466515,69.5046871429,144.458395,194.346404286,186.371965,168.671148333,149.118055714,136.775138333,130.755178571,136.77356
feature:shao4,2,2,2,4,3,2,0,0,0,5,16,0,0,5,16,0,0,0,0,0,0,0,1,1,1,NONE,NONE,NONE,16,5,16,6,17,6,0.708,4
f0:157.460603333,176.733083333,197.940172857,219.147265,234.19573,233.903306667,211.854563333,181.313562857,157.481273333,152.793316667
feature:xian2,2,2,2,2,4,2,0,0,0,4,17,0,0,4,17,0,0,0,0,0,0,0,1,1,1,NONE,NONE,NONE,17,4,17,5,18,5,0.75,2
f0:159.495935714,162.570475714,164.648615714,167.007577143,169.366544286,171.148611429,169.308134286,163.829727143,165.672194286,198.709384286
feature:yi2,2,2,2,2,2,5,0,0,0,3,18,0,0,3,18,0,0,0,0,0,0,0,1,1,1,NONE,NONE,NONE,18,3,18,4,19,4,0.792,2
f0:238.797878333,259.252511667,265.78432,256.85295,227.490375,196.75266,166.42417,158.9741,168.011225,182.243048333
feature:de5,2,2,2,5,2,2,0,0,0,2,19,0,0,2,19,0,0,0,0,0,0,0,1,1,1,NONE,NONE,NONE,19,2,19,3,20,3,0.833,5
f0:189.382583333,189.915953333,189.936453333,189.425593333,188.162926667,185.48551,181.3322,175.981973333,172.314313333,167.79176
feature:yu2,2,2,2,2,5,4,0,0,0,1,20,0,0,1,20,0,0,0,0,0,0,0,1,1,4,NONE,NONE,NONE,20,1,20,2,21,2,0.875,2
f0:158.71083,147.201068333,134.732416,130.678048,129.072196667,128.421798,128.858522,131.273056,132.792603333,132.942278
feature:le4,2,2,0,4,2,0,0,0,0,0,21,0,0,0,21,0,0,0,110,0,0,0,4,1,0,NONE,NONE,0,21,0,21,1,22,1,0.917,4
f0:142.659233333,160.974483333,184.934358571,189.780053333,179.72178,159.318678333,135.566401667,119.781855714,108.919701667,90.66408
