feature:wo3,2,0,2,3,0,2,0,0,0,11,0,0,0,16,0,0,0,0,0,130,0,0,1,0,1,NONE,0,NONE,0,11,0,12,1,12,0.071,3
f0:222.427825,223.092701667,220.157096667,210.042015,202.141871429,194.477946667,190.379366667,189.015293333,189.233211667,189.586085
feature:ze2,2,2,2,2,3,4,0,0,0,10,1,0,0,15,1,0,0,0,0,0,0,0,1,1,1,NONE,NONE,NONE,1,10,1,11,2,11,0.143,2
f0:191.48121,199.166518,211.092451667,215.32671,205.820754,199.109158,199.231322,202.38931,206.304156,181.814458
feature:dui4,2,2,2,4,2,5,0,0,0,9,2,0,0,14,2,0,0,0,0,0,0,0,1,1,1,NONE,NONE,NONE,2,9,2,10,3,10,0.214,4
f0:116.398882,120.447304,245.168141667,341.1576,346.026414,342.083788,328.435266,303.697346667,275.633942,243.900764
feature:zhe5,2,2,2,5,4,3,0,0,0,8,3,0,0,13,3,0,0,0,0,0,0,0,1,1,1,NONE,NONE,NONE,3,8,3,9,4,9,0.286,5
f0:233.567248333,239.470234,236.436168333,223.20097,211.453976667,205.808484,199.798586667,197.4352,199.370996667,203.658012
feature:yan3,2,2,2,3,5,2,0,0,0,7,4,0,0,12,4,0,0,0,0,0,0,0,1,1,1,NONE,NONE,NONE,4,7,4,8,5,8,0.357,3
f0:200.701467143,191.617947143,194.218335714,198.360882857,189.281074286,167.274325714,146.141621429,132.045954286,133.81604,142.721371429
feature:qian2,2,2,2,2,3,3,0,0,0,6,5,0,0,11,5,0,0,0,0,0,0,0,1,1,1,NONE,NONE,NONE,5,6,5,7,6,7,0.429,2
f0:152.855256667,167.332248889,181.777506667,186.83454,168.422414444,155.1358875,151.602963333,161.136191111,196.4096,233.621303333
feature:suo3,2,2,2,3,2,2,0,0,0,5,6,0,0,10,6,0,0,0,0,0,0,0,1,1,1,NONE,NONE,NONE,6,5,6,6,7,6,0.5,3
f0:235.607567143,231.4892,228.717452857,226.270371667,217.293348571,191.616742857,172.65546,152.179682857,145.827143333,152.803121429
feature:chen2,2,2,2,2,3,4,0,0,0,4,7,0,0,9,7,0,0,0,0,0,0,0,1,1,1,NONE,NONE,NONE,7,4,7,5,8,5,0.571,2
f0:162.336006667,164.356676,164.844176667,165.331666,165.819168333,166.306668,166.765576667,166.952584,166.606055,167.14616
feature:lie4,2,2,2,4,2,5,0,0,0,3,8,0,0,8,8,0,0,0,0,0,0,0,1,1,1,NONE,NONE,NONE,8,3,8,4,9,4,0.643,4
f0:173.824931667,188.41155,214.126134286,241.071105,281.639058333,291.41268,287.731256667,269.509868571,242.814951667,214.156655
feature:de5,2,2,2,5,4,2,0,0,0,2,9,0,0,7,9,0,0,0,0,0,0,0,1,1,1,NONE,NONE,NONE,9,2,9,3,10,3,0.714,5
f0:191.494983333,185.745845,179.079633333,170.82468,164.81377,162.739053333,161.024245,160.20752,158.8691425,158.10994
feature:tang2,2,2,2,2,5,3,0,0,0,1,10,0,0,6,10,0,0,0,0,0,0,0,1,1,3,NONE,NONE,NONE,10,1,10,2,11,2,0.786,2
f0:158.382452222,159.74989625,161.36923,163.010571111,160.506578889,158.97627625,176.83231,227.876017778,279.75447125,301.023922222
feature:guo3,2,2,2,3,2,2,0,0,0,0,11,0,0,5,11,0,0,0,0,0,0,0,3,1,1,NONE,NONE,NONE,11,0,11,1,12,1,0.857,3
f0:283.4038,267.696783333,250.127927143,201.291706667,160.32644,134.153346667,110.751371429,96.2512966667,95.6326814286,97.02929
feature:kuang2,2,2,2,2,3,3,0,0,0,4,0,0,0,4,12,0,0,0,0,0,0,0,1,3,1,NONE,NONE,NONE,0,4,0,5,1,5,0.143,2
f0:219.123002857,219.123,218.665144286,207.084217143,181.819408571,176.961023333,189.775631429,222.469302857,273.000671429,318.831251429
feature:xi3,2,2,2,3,2,5,0,0,0,3,1,0,0,3,13,0,0,0,0,0,0,0,1,1,1,NONE,NONE,NONE,1,3,1,4,2,4,0.286,3
f0:330.315816667,319.918241667,296.697038,272.33687,245.270025,218.203173333,195.063436667,172.498834,142.857685,127.098356667
feature:de5,2,2,2,5,3,2,0,0,0,2,2,0,0,2,14,0,0,0,0,0,0,0,1,1,1,NONE,NONE,NONE,2,2,2,3,3,3,0.429,5
f0:126.313176667,129.256003333,133.977336667,136.91706,137.7001125,137.79914,136.85916,134.2685,131.916693333,131.591003333
feature:ning2,2,2,2,2,5,4,0,0,0,1,3,0,0,1,15,0,0,0,0,0,0,0,1,1,4,NONE,NONE,NONE,3,1,3,2,4,2,0.571,2
f0:139.513891667,145.859834,145.715521667,145.14945,143.198393333,140.235798,137.128718333,137.479833333,146.529786,165.43887
feature:shi4,2,2,0,4,2,0,0,0,0,0,4,0,0,0,16,0,0,0,110,0,0,0,4,1,0,NONE,NONE,0,4,0,4,1,5,1,0.714,4
f0:187.786075,203.762045,222.2802025,240.84311625,258.88118375,263.6633675,237.37517125,183.0937875,116.17814125,78.66587875
