feature:dui4,2,0,1,4,0,1,0,0,1,5,0,0,1,0,0,0,0,1,128.696,0,0,138.696,1,0,1,NONE,0,Accented,0,5,0,6,1,1,0.333,4
f0:367.447935,363.153553333,353.793866667,343.078655,322.200521667,296.524438333,271.48143,252.293255,239.708728333,232.36289
feature:ou1,1,2,2,1,4,2,0,0,0,4,1,0,0,9,1,1,0,0,138.696,138.696,128.696,138.696,1,1,1,Accented,NONE,NONE,1,4,1,5,1,5,0.143,1
f0:286.341,296.851842,322.7682725,332.17795,336.24826,338.113905,338.6241,338.020705,334.654846,326.1840425
feature:yuan2,2,1,2,2,1,5,0,1,0,3,2,1,0,8,0,0,1,0,0,138.696,138.696,0,1,1,1,NONE,Accented,NONE,2,3,2,4,2,4,0.286,2
f0:307.965461429,282.841595,259.581278571,234.285051667,191.151682857,164.05317,162.452504286,172.880875,192.909817143,204.43559
feature:de5,2,2,2,5,2,2,0,1,0,2,3,1,0,7,1,0,0,0,0,0,0,0,1,1,1,NONE,NONE,NONE,3,2,3,3,3,3,0.429,5
f0:212.7034875,219.814336667,220.300385,218.662055,211.46239,203.356156667,198.118155,195.49693,194.424043333,193.7698375
feature:pi2,2,2,2,2,5,3,0,1,0,1,4,1,0,6,2,0,0,0,0,0,0,0,1,1,3,NONE,NONE,NONE,4,1,4,2,4,2,0.571,2
f0:191.34252,192.773037143,198.2568425,206.154418571,213.51959,213.05579,204.455715,216.087267143,254.50785,282.426925714
feature:ruan3,2,2,2,3,2,5,0,1,0,0,5,1,0,5,3,0,0,0,0,0,0,0,3,1,1,NONE,NONE,NONE,5,0,5,1,5,1,0.714,3
f0:276.5332025,269.5196375,247.64081375,201.63285375,164.69561,142.622991429,132.58863125,130.7460675,134.5213525,147.58155125
feature:huo5,2,2,2,5,3,4,0,0,1,8,0,0,1,4,4,0,0,0,0,0,0,0,1,3,1,NONE,NONE,NONE,0,8,0,9,1,9,0.091,5
f0:232.974005,232.97401,232.97401,229.702898333,206.08519,196.548196667,194.484803333,195.913221667,199.100494286,201.718185
feature:dui4,2,2,2,4,5,4,0,0,1,7,1,0,1,3,5,0,0,0,0,0,0,0,1,1,1,NONE,NONE,NONE,1,7,1,8,2,8,0.182,4
f0:208.568853333,284.808037143,340.708365,345.459332857,332.878473333,328.691041667,315.049908571,289.906855,271.1476,270.378223333
feature:ri4,2,2,2,4,4,2,0,0,1,6,2,0,1,2,6,0,0,0,0,0,0,0,1,1,1,NONE,NONE,NONE,2,6,2,7,3,7,0.273,4
f0:275.142235,283.102258,295.748925,308.21813,314.603038,315.0765625,314.4121625,307.457795,288.126904,264.46677
feature:yuan2,2,2,2,2,4,5,0,0,1,5,3,0,1,1,7,0,0,0,0,0,0,0,1,1,1,NONE,NONE,NONE,3,5,3,6,4,6,0.364,2
f0:236.178222857,212.023347143,202.556435714,180.246758571,155.57167,151.693728571,153.285702857,161.76769,183.727692857,195.871454286
feature:de5,2,2,2,5,2,1,0,0,1,4,4,0,1,0,8,0,0,1,125.435,0,0,125.435,1,1,1,NONE,NONE,Accented,4,4,4,5,5,5,0.455,5
f0:202.78379,209.0883875,207.89676,201.732084,195.6837,190.836025,187.66783,186.995878,189.4030425,199.81543
feature:xiang1,2,2,2,1,5,4,0,0,0,3,5,0,0,3,9,1,0,0,128.435,125.435,125.435,128.435,1,1,1,Accented,NONE,NONE,5,3,5,4,6,4,0.545,1
f0:210.094034286,229.222424286,261.631931429,294.428428571,321.807185714,327.421116667,326.02309,322.873682857,325.166295714,328.558928571
feature:dui4,2,2,2,4,1,3,0,1,0,2,6,1,0,2,0,0,1,0,0,128.435,128.435,0,1,1,1,NONE,Accented,NONE,6,2,6,3,7,3,0.636,4
f0:335.250345,336.5572,336.067045,331.293173333,317.475275,303.133303333,287.8173525,272.307853333,257.9634575,245.82298
feature:wen3,2,2,2,3,4,4,0,1,0,1,7,1,0,1,1,0,0,0,0,0,0,0,1,1,3,NONE,NONE,NONE,7,1,7,2,8,2,0.727,3
f0:220.8101575,188.55968375,171.9413625,166.250125,156.13115875,143.852835714,138.553745,144.57792375,158.27367,190.08554375
feature:ding4,2,2,2,4,3,1,0,1,0,0,8,1,0,0,2,0,0,1,116.957,0,0,126.957,3,1,1,NONE,NONE,Accented,8,0,8,1,9,1,0.818,4
f0:225.67685,273.93724,280.921265,266.043431429,234.3578175,198.574052857,170.91698125,158.486941429,185.10769,204.198375714
feature:jiang1,2,2,2,1,4,3,0,0,0,6,0,0,0,6,3,1,0,0,124.957,126.957,116.957,124.957,1,3,1,Accented,NONE,NONE,0,6,0,7,1,7,0.111,1
f0:281.04501,280.979574,275.755846667,262.556918,251.043181667,247.368032,249.819255,257.284312,260.852818333,250.778408
feature:ke3,2,2,2,3,1,2,0,0,0,5,1,0,0,5,0,0,1,0,0,124.957,124.957,0,1,1,1,NONE,Accented,NONE,1,5,1,6,2,6,0.222,3
f0:231.60693,230.94346,234.377002,238.11013,239.63457,234.2984925,204.46587,173.70382,161.410304,156.2020525
feature:neng2,2,2,2,2,3,4,0,0,0,4,2,0,0,4,1,0,0,0,0,0,0,0,1,1,1,NONE,NONE,NONE,2,4,2,5,3,5,0.333,2
f0:153.96728,153.146554286,145.660682857,143.515125714,152.161564286,158.68903,161.006338571,168.700842857,189.525747143,208.521131429
feature:ji4,2,2,2,4,2,4,0,0,0,3,3,0,0,3,2,0,0,0,0,0,0,0,1,1,1,NONE,NONE,NONE,3,3,3,4,4,4,0.444,4
f0:223.985321667,251.39642,282.31869,312.856571667,329.732131667,328.11027,311.027811667,282.877436667,250.820576667,215.290731667
feature:xu4,2,2,2,4,4,3,0,0,0,2,4,0,0,2,3,0,0,0,0,0,0,0,1,1,1,NONE,NONE,NONE,4,2,4,3,5,3,0.556,4
f0:204.511388,206.243594,209.119905,212.006888,214.50895,215.741506,208.748038,191.364185,175.478034,165.762744
feature:xian3,2,2,2,3,4,4,0,0,0,1,5,0,0,1,4,0,0,0,0,0,0,0,1,1,4,NONE,NONE,NONE,5,1,5,2,6,2,0.667,3
f0:160.787695,163.228606667,170.735002857,178.415751667,185.39825,190.848476667,186.883751667,168.017824286,155.741881667,177.38504
feature:xian4,2,2,0,4,3,0,0,0,0,0,6,0,0,0,5,0,0,0,110,0,0,0,4,1,0,NONE,NONE,0,6,0,6,1,7,1,0.778,4
f0:181.760744444,167.954597,183.705105556,204.640678,211.382838889,191.296374444,156.285398,123.829386667,99.277879,138.892248889
