feature:dan4,2,0,2,4,0,3,0,0,2,19,0,0,2,1,0,0,0,0,0,130,0,0,1,0,1,NONE,0,NONE,0,19,0,20,1,13,0.067,4
f0:280.28201,278.843378571,265.494395,251.3514,239.906901667,231.825275,224.272705714,216.08725,215.183415714,216.682131667
feature:hen3,2,2,2,3,4,1,0,0,2,18,1,0,2,0,1,0,0,1,132.674,0,0,132.674,1,1,1,NONE,NONE,Accented,1,18,1,19,2,12,0.133,3
f0:214.198855714,200.44295,202.034981429,208.43609625,213.97188,210.010224286,183.4384125,173.813512857,173.39300625,183.630162857
feature:duo1,2,2,2,1,3,3,0,0,1,17,2,0,1,1,2,1,0,0,135.674,132.674,132.674,135.674,1,1,1,Accented,NONE,NONE,2,17,2,18,3,11,0.2,1
f0:195.949918,214.3822875,241.08547,264.758246,280.597608,296.32901,312.022528,324.278126,326.0313475,321.374572
feature:chang3,2,2,2,3,1,1,0,1,1,16,3,1,1,0,0,0,1,1,130.814,135.674,135.674,130.814,1,1,1,NONE,Accented,Accented,3,16,3,17,4,10,0.267,3
f0:309.25824,292.503632,274.687271667,254.891301667,235.09534,217.278972,197.930036667,168.852426667,148.239152,143.90641
feature:shang1,2,2,2,1,3,4,0,1,0,15,4,1,0,15,1,1,0,0,133.814,130.814,130.814,133.814,1,1,1,Accented,NONE,NONE,4,15,4,16,5,9,0.333,1
f0:156.799326667,175.8769025,194.104221111,213.368655556,215.605143333,206.6996875,203.83101,202.919291111,201.7933825,208.112233333
feature:ban4,2,2,2,4,1,2,0,2,0,14,5,2,0,14,0,0,1,0,0,133.814,133.814,0,1,1,1,NONE,Accented,NONE,5,14,5,15,6,8,0.4,4
f0:215.369112857,222.77666,262.961291429,319.233571667,345.452002857,345.794194286,337.766898333,306.50936,262.550186667,231.911928571
feature:nian2,2,2,2,2,4,2,0,2,0,13,6,2,0,13,1,0,0,0,0,0,0,0,1,1,1,NONE,NONE,NONE,6,13,6,14,7,7,0.467,2
f0:206.228126667,192.919293333,180.031404,165.932701667,159.240116667,165.064433333,171.214303333,185.319508,203.391035,209.437313333
feature:qian2,2,2,2,2,2,4,0,2,0,12,7,2,0,12,2,0,0,0,0,0,0,0,1,1,1,NONE,NONE,NONE,7,12,7,13,8,6,0.533,2
f0:205.82695,206.548971429,209.454685714,211.934455714,202.608452857,180.075145714,167.608371429,162.439118571,176.379278571,194.908887143
feature:zhi4,2,2,2,4,2,4,0,2,0,11,8,2,0,11,3,0,0,0,0,0,0,0,1,1,1,NONE,NONE,NONE,8,11,8,12,9,5,0.6,4
f0:205.365308,222.709945,241.798158,260.568545,271.628564,272.073292,263.603135,248.336842,230.4760075,203.18242
feature:ding4,2,2,2,4,4,5,0,2,0,10,9,2,0,10,4,0,0,0,0,0,0,0,1,1,1,NONE,NONE,NONE,9,10,9,11,10,4,0.667,4
f0:195.1002,197.82106,199.9913925,199.526375,196.037778,191.9187725,188.674975,185.1955425,180.498185,174.4463975
feature:de5,2,2,2,5,4,4,0,2,0,9,10,2,0,9,5,0,0,0,0,0,0,0,1,1,1,NONE,NONE,NONE,10,9,10,10,11,3,0.733,5
f0:171.222806667,168.706386667,164.174313333,159.57367,154.979556667,153.92375,153.412256667,152.86564,154.443446667,158.85078
feature:ji4,2,2,2,4,5,4,0,2,0,8,11,2,0,8,6,0,0,0,0,0,0,0,1,1,1,NONE,NONE,NONE,11,8,11,9,12,2,0.8,4
f0:168.439194,178.280048,187.3971,196.514158,204.269993333,205.19999,197.615714,182.491806,167.773154,160.062142
feature:hua4,2,2,2,4,4,3,0,2,0,7,12,2,0,7,7,0,0,0,0,0,0,0,1,1,1,NONE,NONE,NONE,12,7,12,8,13,1,0.867,4
f0:168.67247375,179.20246875,190.248998889,198.50056625,190.41979625,164.725355,147.0517775,110.381585556,69.27453125,93.78555875
feature:ken3,2,2,2,3,4,4,0,2,0,6,13,2,0,6,8,0,0,0,0,0,0,0,1,1,1,NONE,NONE,NONE,13,6,13,7,1,7,0.111,3
f0:229.3450025,229.345,229.345,229.345,229.345,229.345,216.0355025,181.64398,177.559684286,183.91742875
feature:ding4,2,2,2,4,3,4,0,2,0,5,14,2,0,5,9,0,0,0,0,0,0,0,1,1,1,NONE,NONE,NONE,14,5,14,6,2,6,0.222,4
f0:190.967642,215.060076,261.48865,282.52315,283.708924,276.276074,259.266836,239.380874,225.473592,213.991648
feature:shi4,2,2,2,4,4,3,0,2,0,4,15,2,0,4,10,0,0,0,0,0,0,0,1,1,1,NONE,NONE,NONE,15,4,15,5,3,5,0.333,4
f0:204.655443333,205.32416,209.105746667,212.758313333,206.768247778,188.332494444,168.667607778,162.825864444,162.41191,160.179898889
feature:yuan3,2,2,2,3,4,4,0,2,0,3,16,2,0,3,11,0,0,0,0,0,0,0,1,1,1,NONE,NONE,NONE,16,3,16,4,4,4,0.444,3
f0:160.06234,170.113224,178.665955,182.603576,181.260638,170.81677,155.826836,145.726765,138.967606,133.839456
feature:wei4,2,2,2,4,3,2,0,2,0,2,17,2,0,2,12,0,0,0,0,0,0,0,1,1,1,NONE,NONE,NONE,17,2,17,3,5,3,0.556,4
f0:130.893071429,135.375037143,156.21192,193.249327143,236.300168571,285.97812,298.517552857,291.384063333,265.267918571,231.05505
feature:wan2,2,2,2,2,4,2,0,2,0,1,18,2,0,1,13,0,0,0,0,0,0,0,1,1,4,NONE,NONE,NONE,18,1,18,2,6,2,0.667,2
f0:192.885165,173.727217143,159.478901667,138.848214286,127.619601667,126.305185,130.583572857,138.804041667,151.996015714,177.770373333
feature:cheng2,2,2,0,2,2,0,0,2,0,0,19,2,0,0,14,0,0,0,110,0,0,0,4,1,0,NONE,NONE,0,19,0,19,1,7,1,0.778,2
f0:185.251037778,181.1487675,176.260153333,169.45348625,139.67324,128.166235556,120.147355,85.8692855556,76.305375,83.6425022222
