feature:gun3,2,0,2,3,0,4,0,0,0,5,0,0,0,6,0,0,0,0,0,130,0,0,1,0,1,NONE,0,NONE,0,5,0,6,1,3,0.2,3
f0:247.126908571,242.5652,231.407263333,213.357665714,200.352818571,185.913697143,183.88666,184.949861667,190.774735714,204.909164286
feature:di4,2,2,2,4,3,2,0,0,0,4,1,0,0,5,1,0,0,0,0,0,0,0,1,1,1,NONE,NONE,NONE,1,4,1,5,2,2,0.4,4
f0:215.79438,252.25292,306.750065,333.41184,345.591936667,342.129125,322.524828,294.503525,263.145094,226.570698333
feature:lei2,2,2,2,2,4,4,0,0,0,3,2,0,0,4,2,0,0,0,0,0,0,0,1,1,1,NONE,NONE,NONE,2,3,2,4,3,1,0.6,2
f0:202.334954444,186.841903333,168.452695556,163.932704444,165.695215556,166.8156175,168.408382222,183.037062222,203.629758889,214.078292222
feature:ju4,2,2,2,4,2,3,0,0,0,2,3,0,0,3,3,0,0,0,0,0,0,0,1,1,1,NONE,NONE,NONE,3,2,3,3,1,1,0.333,4
f0:383.29601,383.29602,383.29602,383.29602,382.429828333,378.963515,366.4307,341.261418,288.441325,231.812815
feature:chi3,2,2,2,3,4,2,0,0,0,1,4,0,0,2,4,0,0,0,0,0,0,0,1,1,3,NONE,NONE,NONE,4,1,4,2,1,2,0.25,3
f0:236.63045,237.62302,237.62302,237.62302,237.62302,234.573764,210.375816667,180.146278333,169.9138,160.60424
feature:lei2,2,2,2,2,3,2,0,0,0,0,5,0,0,1,5,0,0,0,0,0,0,0,3,1,1,NONE,NONE,NONE,5,0,5,1,2,1,0.5,2
f0:155.15775125,156.890658889,155.13005,153.971992222,154.6451525,161.73074125,167.824022222,184.96608125,216.821635556,234.85043625
feature:chang2,2,2,2,2,2,1,0,0,1,3,0,0,1,0,6,0,0,1,124.655,0,0,124.655,1,3,1,NONE,NONE,Accented,0,3,0,4,1,4,0.167,2
f0:193.8910175,193.89102,193.89102,193.89102,193.020434444,183.8816575,182.45774625,195.51206125,228.212373333,257.9116775
feature:bo1,2,2,2,1,2,2,0,0,0,2,1,0,0,2,7,1,0,0,127.655,124.655,124.655,127.655,1,1,1,Accented,NONE,NONE,1,2,1,3,2,3,0.333,1
f0:267.196618,292.231431667,328.578114,340.419646667,342.419002,343.909856,346.37918,347.803372,346.545031667,331.02549
feature:lei2,2,2,2,2,1,2,0,1,0,1,2,1,0,1,0,0,1,0,0,127.655,127.655,0,1,1,3,NONE,Accented,NONE,2,1,2,2,3,2,0.5,2
f0:310.429943333,299.334053333,286.07962,273.149783333,263.790306667,255.712996667,243.41606,232.88199,220.47473,206.210176667
feature:lei2,2,2,2,2,2,1,0,1,0,0,3,1,0,0,1,0,0,1,115.517,0,0,125.517,3,1,1,NONE,NONE,Accented,3,0,3,1,4,1,0.667,2
f0:186.235986667,164.213318571,149.856275,150.940617143,157.629738333,158.22563,159.574651429,163.245783333,182.550098571,195.577841667
feature:sheng1,2,2,2,1,2,1,0,0,1,2,0,0,1,0,2,1,0,1,123.8275,125.517,115.517,123.8275,1,3,1,Accented,NONE,Accented,0,2,0,3,1,3,0.2,1
f0:203.1093275,199.003749167,194.582374545,218.895919167,241.680185833,272.0966825,305.584878333,293.758698182,287.913985,293.774525833
feature:hong1,2,2,2,1,1,2,0,0,0,1,1,0,0,1,0,1,1,0,122.138,123.8275,123.8275,122.138,1,1,4,Accented,Accented,NONE,1,1,1,2,2,2,0.4,1
f0:288.417152857,298.898675714,312.968427143,327.046358571,337.881034286,337.884181429,333.735434286,332.666405714,329.783018571,321.914044286
feature:ming2,2,2,0,2,1,0,0,1,0,0,2,1,0,0,0,0,1,0,110,122.138,122.138,0,4,1,0,NONE,Accented,0,2,0,2,1,3,1,0.6,2
f0:294.40953,233.185422,161.45464,139.24143,151.972488,149.823764444,152.617126667,171.377205556,198.593514,244.024952222
