feature:shi2,2,0,2,2,0,2,0,0,3,16,0,0,3,6,0,0,0,0,0,0,0,0,1,0,1,NONE,0,NONE,0,16,0,17,1,10,0.083,2
f0:259.847994286,259.84799,259.84799,259.84799,258.889394286,246.207637143,248.464527143,278.609675,300.880854286,309.439678571
feature:de2,2,2,2,2,2,4,0,0,3,15,1,0,3,5,1,0,0,0,0,0,0,0,1,1,1,NONE,NONE,NONE,1,15,1,16,2,9,0.167,2
f0:315.8685725,315.4901425,305.380305,290.6418875,274.4773125,269.1981075,271.3969125,282.9951575,295.6512825,305.528685
feature:dui4,2,2,2,4,2,2,0,0,3,14,2,0,3,4,2,0,0,0,0,0,0,0,1,1,1,NONE,NONE,NONE,2,14,2,15,3,8,0.25,4
f0:314.878665714,330.801316667,339.39297,335.673608333,314.948672857,283.467711429,259.372181667,241.90792,231.799963333,222.02761
feature:duo2,2,2,2,2,4,3,0,0,3,13,3,0,3,3,3,0,0,0,0,0,0,0,1,1,1,NONE,NONE,NONE,3,13,3,14,4,7,0.333,2
f0:207.446165,212.024518333,220.639575,226.322433333,222.215968333,212.960868333,217.061618333,237.544033333,275.480278333,305.567926667
feature:qu3,2,2,2,3,2,2,0,0,3,12,4,0,3,2,4,0,0,0,0,0,0,0,1,1,1,NONE,NONE,NONE,4,12,4,13,5,6,0.417,3
f0:304.708778571,291.513475714,277.087338571,262.661197143,248.053861429,215.639453333,184.054631429,170.092988571,168.57901,168.639707143
feature:zu2,2,2,2,2,3,2,0,0,3,11,5,0,3,1,5,0,0,0,0,0,0,0,1,1,1,NONE,NONE,NONE,5,11,5,12,6,5,0.5,2
f0:170.26514,176.653255,183.885755,191.103553333,196.097995,197.19606,200.001386667,221.179263333,251.80633,270.035065
feature:xie2,2,2,2,2,2,1,0,0,3,10,6,0,3,0,6,0,0,1,126.892,0,0,126.892,1,1,1,NONE,NONE,Accented,6,10,6,11,7,4,0.583,2
f0:269.341573333,264.357005,259.09468,253.832385,248.570075,233.193768333,212.22831,207.185396667,209.98877,213.674685
feature:bei1,2,2,2,1,2,4,0,0,2,9,7,0,2,1,7,1,0,0,129.892,126.892,126.892,129.892,1,1,1,Accented,NONE,NONE,7,9,7,10,8,3,0.667,1
f0:214.395738,229.117736,261.63226,284.783452,287.80166,288.410734,290.001414,292.139022,296.064926,298.504236
feature:guan4,2,2,2,4,1,1,0,1,2,8,8,1,2,0,0,0,1,1,124.73,129.892,129.892,124.73,1,1,1,NONE,Accented,Accented,8,8,8,9,9,2,0.75,4
f0:303.146035714,309.444,315.802582857,324.037681429,314.468862857,281.017475,245.118,206.062352857,184.927094286,180.615615714
feature:jun1,2,2,2,1,4,3,0,1,1,7,9,1,1,4,1,1,0,0,127.73,124.73,124.73,0,1,1,1,Accented,NONE,NONE,9,7,9,8,10,1,0.833,1
f0:189.193503333,223.620998889,259.379695556,281.093712222,293.023056,294.828206667,295.326691111,302.853776667,311.185224444,333.391814444
feature:xian3,2,2,2,3,1,2,0,2,1,6,10,2,1,3,0,0,1,0,0,0,127.73,0,1,1,1,NONE,Accented,NONE,10,6,10,7,1,7,0.111,3
f0:230.254,230.254,230.254,230.254,230.254,230.254,230.254,228.111462,211.437446,190.397314
feature:ran2,2,2,2,2,3,4,0,2,1,5,11,2,1,2,1,0,0,0,0,0,0,0,1,1,1,NONE,NONE,NONE,11,5,11,6,2,6,0.222,2
f0:164.6526,149.11400125,152.559885556,149.526175,142.670814444,146.31820125,157.203516667,174.945425,193.235846667,208.71432875
feature:geng4,2,2,2,4,2,3,0,2,1,4,12,2,1,1,2,0,0,0,0,0,0,0,1,1,1,NONE,NONE,NONE,12,4,12,5,3,5,0.333,4
f0:220.395136,246.759384,294.82965,338.968762,355.818085,357.243804,349.47984,330.867054,301.152758,269.609456
feature:you3,2,2,2,3,4,1,0,2,1,3,13,2,1,0,3,0,0,1,119.324,0,0,119.324,1,1,1,NONE,NONE,Accented,13,3,13,4,4,4,0.444,3
f0:233.466235714,202.684087143,185.762653333,177.127814286,173.032134286,160.492824286,144.716378571,137.084718333,137.19709,154.316947143
feature:shuo1,2,2,2,1,3,2,0,2,0,2,14,2,0,2,4,1,0,0,122.324,119.324,119.324,122.324,1,1,1,Accented,NONE,NONE,14,2,14,3,5,3,0.556,1
f0:174.37133,203.135748571,233.176802857,263.217868571,291.6421325,292.648177143,288.019087143,294.096855714,297.980437143,293.560985714
feature:fu2,2,2,2,2,1,4,0,3,0,1,15,3,0,1,0,0,1,0,0,122.324,122.324,0,1,1,4,NONE,Accented,NONE,15,1,15,2,6,2,0.667,2
f0:265.701526,248.46774,232.538916,216.610078,198.690138333,181.073924,165.64138,151.372272,142.992332,142.689782
feature:li4,2,2,0,4,2,0,0,3,0,0,16,3,0,0,1,0,0,0,110,0,0,0,4,1,0,NONE,NONE,0,16,0,16,1,7,1,0.778,4
f0:151.355981667,158.414311667,174.941192857,174.260356667,163.766058333,148.729746667,123.543753333,93.56691,85.6904383333,85.3252016667
