feature:neng2,2,0,2,2,0,4,0,0,0,5,0,0,0,9,0,0,0,0,0,130,0,0,1,0,1,NONE,0,NONE,0,5,0,6,1,6,0.125,2
f0:246.5086625,246.520525,246.20388,244.72167,244.014415,245.1346825,252.734745,268.336005,284.340705,295.5575125
feature:yong4,2,2,2,4,2,2,0,0,0,4,1,0,0,8,1,0,0,0,0,0,0,0,1,1,1,NONE,NONE,NONE,1,4,1,5,2,5,0.25,4
f0:313.044945,327.673561429,353.73901,360.013738571,344.02442875,320.63691625,305.530007143,293.42938,283.073712857,261.40168125
feature:wu2,2,2,2,2,4,2,0,0,0,3,2,0,0,7,2,0,0,0,0,0,0,0,1,1,1,NONE,NONE,NONE,2,3,2,4,3,4,0.375,2
f0:193.222591429,182.291805714,203.573408571,208.599137143,210.07530625,228.634698571,268.728284286,325.277055714,349.919177143,353.374131429
feature:zhong2,2,2,2,2,2,3,0,0,0,2,3,0,0,6,3,0,0,0,0,0,0,0,1,1,1,NONE,NONE,NONE,3,2,3,3,4,3,0.5,2
f0:350.974138,347.0641775,331.193402,296.949996,255.493782,219.79338,209.250532,211.120314,219.1034625,225.19636
feature:yu3,2,2,2,3,2,2,0,0,0,1,4,0,0,5,4,0,0,0,0,0,0,0,1,1,3,NONE,NONE,NONE,4,1,4,2,5,2,0.625,3
f0:223.80793125,212.56503,204.38211625,189.764682857,169.32060375,152.4822875,147.302458571,151.933625,155.643908571,155.03736625
feature:yan2,2,2,2,2,3,3,0,0,0,0,5,0,0,4,5,0,0,0,0,0,0,0,3,1,1,NONE,NONE,NONE,5,0,5,1,6,1,0.75,2
f0:149.575035,147.557108571,151.5473275,157.671457143,163.4728525,171.582262857,188.19427375,203.881968571,226.00903125,233.235837143
feature:yan3,2,2,2,3,2,4,0,0,2,8,0,0,2,3,6,0,0,0,0,0,0,0,1,3,1,NONE,NONE,NONE,0,8,0,9,1,9,0.091,3
f0:196.373504,217.786916667,220.244048,212.947841667,204.856372,192.69962,182.23351,176.866926,174.871018333,175.755854
feature:yi4,2,2,2,4,3,4,0,0,2,7,1,0,2,2,7,0,0,0,0,0,0,0,1,1,1,NONE,NONE,NONE,1,7,1,8,2,8,0.182,4
f0:181.397897143,195.323528571,212.96384,239.588071429,249.502147143,244.589667143,234.112291429,228.186291667,224.440212857,213.653237143
feature:bu4,2,2,2,4,4,2,0,0,2,6,2,0,2,1,8,0,0,0,0,0,0,0,1,1,1,NONE,NONE,NONE,2,6,2,7,3,7,0.273,4
f0:208.564778333,230.548918,266.800316667,307.35761,347.523548333,369.38047,372.032801667,364.108973333,337.74034,290.786925
feature:tong2,2,2,2,2,4,1,0,0,2,5,3,0,2,0,9,0,0,1,122.273,0,0,122.273,1,1,1,NONE,NONE,Accented,3,5,3,6,4,6,0.364,2
f0:269.993016667,253.59937,236.148066667,218.696752857,199.906628333,174.992396667,166.176852857,175.465693333,193.344758571,213.722368333
feature:feng1,2,2,2,1,2,2,0,0,1,4,4,0,1,2,10,1,0,0,125.273,122.273,122.273,125.273,1,1,1,Accented,NONE,NONE,4,4,4,5,5,5,0.455,1
f0:219.045228333,234.571053333,264.302388333,294.72976,315.2906,319.177058333,322.56436,330.366236667,331.231775,317.633648333
feature:ge2,2,2,2,2,1,5,0,1,1,3,5,1,1,1,0,0,1,0,0,125.273,125.273,0,1,1,1,NONE,Accented,NONE,5,3,5,4,6,4,0.545,2
f0:296.6110775,270.46124,244.49898,228.6088275,214.554504,201.0724675,184.2695425,170.8000825,161.319558,157.8421625
feature:de5,2,2,2,5,2,1,0,1,1,2,6,1,1,0,1,0,0,1,118.636,0,0,118.636,1,1,1,NONE,NONE,Accented,6,2,6,3,7,3,0.636,5
f0:157.753956667,157.9369775,158.064973333,157.299543333,153.32902,150.98266,150.700586667,150.572393333,150.64794,151.161473333
feature:ge1,2,2,2,1,5,3,0,1,0,1,7,1,0,1,2,1,0,0,121.636,118.636,118.636,121.636,1,1,4,Accented,NONE,NONE,7,1,7,2,8,2,0.727,1
f0:158.979924,182.84325,208.347764,225.047135,227.221606,227.190038,227.34971,228.190404,228.462695,218.452554
feature:qu3,2,2,0,3,1,0,0,2,0,0,8,2,0,0,0,0,1,0,110,121.636,121.636,0,4,1,0,NONE,Accented,0,8,0,8,1,9,1,0.818,3
f0:197.31957875,175.629565,151.0452025,126.46084375,100.146631111,79.69295125,68.23152625,62.91420375,80.13648375,173.6190325
