feature:jin1,2,0,2,1,0,2,0,0,3,9,0,0,3,1,0,1,0,0,137.592,134.592,0,137.592,1,0,1,Accented,0,NONE,0,9,0,10,1,4,0.167,1
f0:336.55499,336.55499,336.55499,336.55499,337.646716667,346.010382,349.768682,344.52077,334.718928333,320.349712
feature:nian2,2,2,2,2,1,1,0,0,3,8,1,0,3,0,0,0,1,1,132.959,137.592,137.592,132.959,1,1,1,NONE,Accented,Accented,1,8,1,9,2,3,0.333,2
f0:290.69367875,242.25935125,198.72643,174.73480125,167.22506375,170.23054625,174.50445,180.18497625,196.68174625,212.52516625
feature:qing1,2,2,2,1,2,3,0,0,2,7,2,0,2,2,1,1,0,0,135.959,132.959,132.959,135.959,1,1,1,Accented,NONE,NONE,2,7,2,8,3,2,0.5,1
f0:219.152953333,239.430904286,265.582465,291.752641429,317.917448333,336.344521667,339.450204286,339.694513333,339.94322,334.411536667
feature:hai3,2,2,2,3,1,2,0,1,2,6,3,1,2,1,0,0,1,0,0,135.959,135.959,0,1,1,1,NONE,Accented,NONE,3,6,3,7,4,1,0.667,3
f0:320.528093333,302.045234286,282.188875,262.3325,240.729288333,206.467935,166.240405714,154.925623333,150.528971429,146.474853333
feature:tou2,2,2,2,2,3,1,0,1,2,5,4,1,2,0,1,0,0,1,130.50999,0,0,130.50999,1,1,1,NONE,NONE,Accented,4,5,4,6,1,6,0.125,2
f0:180.063,180.063,180.063,180.063,180.063,179.483736,177.043118333,179.023255,189.362838,199.913491667
feature:zi1,2,2,2,1,2,1,0,1,1,4,5,1,1,0,2,1,0,1,134.10199,130.50999,130.50999,134.10199,1,1,1,Accented,NONE,Accented,5,4,5,5,2,5,0.25,1
f0:200.760042857,208.370476667,235.89296,252.851853333,252.238238571,250.60721,250.518255,253.907182857,258.114923333,258.493857143
feature:san1,2,2,2,1,1,2,0,2,0,3,6,2,0,3,0,1,1,0,132.694,134.10199,134.10199,132.694,1,1,1,Accented,Accented,NONE,6,3,6,4,3,4,0.375,1
f0:259.958403333,274.947794286,295.521505,316.122528571,332.660396667,334.786585,334.014131429,336.082555,340.903747143,341.080421667
feature:shi2,2,2,2,2,1,4,0,3,0,2,7,3,0,2,0,0,1,0,0,132.694,132.694,0,1,1,1,NONE,Accented,NONE,7,2,7,3,4,3,0.5,2
f0:334.420405,317.641466,298.413488333,277.871016,257.328503333,236.786008,216.286861667,201.018072,198.87886,199.071876
feature:yi4,2,2,2,4,2,2,0,3,0,1,8,3,0,1,1,0,0,0,0,0,0,0,1,1,3,NONE,NONE,NONE,8,1,8,2,5,2,0.625,4
f0:198.690335,197.592705,198.67375,208.824065,217.15542,218.2654075,217.324615,210.474102,199.794375,189.47623
feature:yuan2,2,2,2,2,4,1,0,3,0,0,9,3,0,0,2,0,0,1,121.429,0,0,131.429,3,1,1,NONE,NONE,Accented,9,0,9,1,6,1,0.75,2
f0:164.546635556,144.054749,149.478701111,144.25511,138.819292,139.461064444,143.460204444,149.492705556,165.674794,185.217864444
feature:jia1,2,2,2,1,2,4,0,0,1,12,0,0,1,2,3,1,0,0,129.429,131.429,121.429,129.429,1,3,1,Accented,NONE,NONE,0,12,0,13,1,13,0.067,1
f0:341.459016667,341.45901,341.45901,340.383598,334.815766667,328.64421,325.467458,326.683445,332.379398,332.570733333
feature:kuai4,2,2,2,4,1,2,0,0,1,11,1,0,1,1,0,0,1,0,0,129.429,129.429,0,1,1,1,NONE,Accented,NONE,1,11,1,12,2,12,0.133,4
f0:325.180538571,317.04214,308.3098675,299.9614,293.096401429,266.907284286,229.57833,195.26434375,175.050195714,165.477967143
feature:nong2,2,2,2,2,4,1,0,0,1,10,2,0,1,0,1,0,0,1,123.98,0,0,123.98,1,1,1,NONE,NONE,Accented,2,10,2,11,3,11,0.2,2
f0:160.10383,158.70717,158.99449,159.620771667,160.127748333,162.823355,170.795685,185.54879,205.941511667,218.883868333
feature:cun1,2,2,2,1,2,4,0,0,0,9,3,0,0,9,2,1,0,0,126.98,123.98,123.98,126.98,1,1,1,Accented,NONE,NONE,3,9,3,10,4,10,0.267,1
f0:224.657285714,236.06644,251.780967143,269.210262857,283.7726,283.339453333,279.006385714,276.647501429,277.518173333,280.123248571
feature:dian4,2,2,2,4,1,3,0,1,0,8,4,1,0,8,0,0,1,0,0,126.98,126.98,0,1,1,1,NONE,Accented,NONE,4,8,4,9,5,9,0.333,4
f0:287.981428,305.26911,326.322382,337.761248,340.76535,340.619934,336.788678,323.267206,302.267356,277.035864
feature:wang3,2,2,2,3,4,2,0,1,0,7,5,1,0,7,1,0,0,0,0,0,0,0,1,1,1,NONE,NONE,NONE,5,7,5,8,6,8,0.4,3
f0:237.74637,202.1646025,184.864461429,172.85796125,152.95576875,136.75886875,126.313695,119.056605714,113.47839,98.5516675
feature:he2,2,2,2,2,3,2,0,1,0,6,6,1,0,6,2,0,0,0,0,0,0,0,1,1,1,NONE,NONE,NONE,6,6,6,7,7,7,0.467,2
f0:93.99433375,103.18631125,125.66114625,149.4481725,173.1777725,187.181618571,187.96703,182.3956975,186.09961625,193.6613875
feature:cheng2,2,2,2,2,2,4,0,1,0,5,7,1,0,5,3,0,0,0,0,0,0,0,1,1,1,NONE,NONE,NONE,7,5,7,6,8,6,0.533,2
f0:193.94047,195.83608375,199.416542222,203.01703125,204.6297625,191.2972025,182.4808125,189.05328,209.04025125,240.8448625
feature:zhen4,2,2,2,4,2,4,0,1,0,4,8,1,0,4,4,0,0,0,0,0,0,0,1,1,1,NONE,NONE,NONE,8,4,8,5,9,5,0.6,4
f0:270.295098333,322.500155,355.508745,355.661791667,336.781963333,305.402603333,268.002096667,226.515708333,202.47974,191.527588333
feature:dian4,2,2,2,4,4,2,0,1,0,3,9,1,0,3,5,0,0,0,0,0,0,0,1,1,1,NONE,NONE,NONE,9,3,9,4,10,4,0.667,4
f0:189.84547,199.785564,223.1558625,237.607928,238.7525875,234.47202,219.74364,204.65761,188.614352,172.5206
feature:wang2,2,2,2,2,4,3,0,1,0,2,10,1,0,2,6,0,0,0,0,0,0,0,1,1,1,NONE,NONE,NONE,10,2,10,3,11,3,0.733,2
f0:162.93599,153.78351,146.202435,135.904723333,128.673817143,129.266746667,137.115596667,152.334706667,176.140026667,190.52249
feature:gai3,2,2,2,3,2,4,0,1,0,1,11,1,0,1,7,0,0,0,0,0,0,0,1,1,4,NONE,NONE,NONE,11,1,11,2,12,2,0.8,3
f0:195.390406,203.162435,202.78442,184.942224,168.065376667,165.109872,163.451784,161.793706,160.38317,163.454098
feature:zao4,2,2,0,4,3,0,0,1,0,0,12,1,0,0,8,0,0,0,110,0,0,0,4,1,0,NONE,NONE,0,12,0,12,1,13,1,0.867,4
f0:177.017255714,201.58045,218.28040625,209.317391429,183.356498571,157.07553,125.702335714,69.7465875,136.335987143,221.479358571
