feature:jing1,2,0,2,1,0,4,0,0,0,10,0,0,0,10,0,1,0,0,137.58299,139.58299,0,137.58299,1,0,1,Accented,0,NONE,0,10,0,11,1,11,0.077,1
f0:359.557016,359.55701,359.55701,355.89181,350.27125,349.763268,350.28128,349.7849875,346.6493,321.185428
feature:guo4,2,2,2,4,1,2,0,0,0,9,1,0,0,9,0,0,1,0,0,137.58299,137.58299,0,1,1,1,NONE,Accented,NONE,1,9,1,10,2,10,0.154,4
f0:260.54186,297.720812,327.597925,309.496362,280.956868333,249.528355,230.382638,218.169465,211.896774,203.578731667
feature:dang2,2,2,2,2,4,3,0,0,0,8,2,0,0,8,1,0,0,0,0,0,0,0,1,1,1,NONE,NONE,NONE,2,8,2,9,3,9,0.231,2
f0:191.582042857,194.266891667,199.56964,191.429531667,184.14093,193.043921667,218.749571429,247.074145,267.142655714,269.107408333
feature:wei3,2,2,2,3,2,2,0,0,0,7,3,0,0,7,2,0,0,0,0,0,0,0,1,1,1,NONE,NONE,NONE,3,7,3,8,4,8,0.308,3
f0:258.169436667,237.824708333,214.494243333,187.366956667,157.605888333,144.889613333,150.190541667,156.453128333,156.160833333,158.403198333
feature:ji2,2,2,2,2,3,2,0,0,0,6,4,0,0,6,3,0,0,0,0,0,0,0,1,1,1,NONE,NONE,NONE,4,6,4,7,5,7,0.385,2
f0:179.619313333,191.305375,199.946893333,208.58842,215.43857,218.526063333,222.383378333,235.455951667,246.701015,242.533745
feature:ti2,2,2,2,2,2,3,0,0,0,5,5,0,0,5,4,0,0,0,0,0,0,0,1,1,1,NONE,NONE,NONE,5,5,5,6,6,6,0.462,2
f0:243.132392,247.873344,254.248204,260.489684,263.673973333,262.237208,260.772184,263.151684,264.035626,259.150844
feature:tao3,2,2,2,3,2,4,0,0,0,4,6,0,0,4,5,0,0,0,0,0,0,0,1,1,1,NONE,NONE,NONE,6,4,6,5,7,5,0.538,3
f0:249.896761667,240.519674,231.142611667,220.723635,210.304663333,201.170174,182.63291,152.403451667,145.894264,150.471021667
feature:lun4,2,2,2,4,3,2,0,0,0,3,7,0,0,3,6,0,0,0,0,0,0,0,1,1,1,NONE,NONE,NONE,7,3,7,4,8,4,0.615,4
f0:152.084446667,155.958536,181.854963333,201.821116667,215.529361667,215.998906,205.826685,189.093745,177.361006,175.151055
feature:jue2,2,2,2,2,4,4,0,0,0,2,8,0,0,2,7,0,0,0,0,0,0,0,1,1,1,NONE,NONE,NONE,8,2,8,3,9,3,0.692,2
f0:184.650196,188.32677,183.699002,178.259004,171.952861667,159.857024,155.303172,155.307324,155.923605,164.442902
feature:ding4,2,2,2,4,2,5,0,0,0,1,9,0,0,1,8,0,0,0,0,0,0,0,1,1,3,NONE,NONE,NONE,9,1,9,2,10,2,0.769,4
f0:190.156364,218.016193333,229.585908,225.5626,211.261758,197.842688,187.651505,179.055084,166.40708,159.759396
feature:de5,2,2,2,5,4,1,0,0,0,0,10,0,0,0,9,0,0,1,120.417,0,0,130.41701,3,1,1,NONE,NONE,Accented,10,0,10,1,11,1,0.846,5
f0:160.550501667,157.23673,142.826803333,135.586431667,132.702423333,148.095848333,224.578715,246.949381667,242.090386667,240.909835
feature:cang1,2,2,2,1,5,4,0,0,2,11,0,0,2,1,10,1,0,0,128.41701,130.41701,120.417,128.41701,1,3,1,Accented,NONE,NONE,0,11,0,12,1,12,0.071,1
f0:324.561,324.561,324.561,324.561,323.968822857,321.470438333,320.211095714,320.170581429,325.32961,326.727
feature:ku4,2,2,2,4,1,1,0,0,2,10,1,0,2,0,0,0,1,1,123.75,128.41701,128.41701,123.75,1,1,1,NONE,Accented,Accented,1,10,1,11,2,11,0.143,4
f0:319.578422857,312.330568333,305.196392857,298.540892857,294.078791429,277.59392,232.580612857,198.94755,192.709048333,191.39185
feature:zhou1,2,2,2,1,4,4,0,0,1,9,2,0,1,8,1,1,0,0,126.75,123.75,123.75,126.75,1,1,1,Accented,NONE,NONE,2,9,2,10,3,10,0.214,1
f0:194.645155,218.85229,258.785006667,295.019846667,303.608918333,305.380708,306.53568,308.813405,314.202746,318.334221667
feature:mo4,2,2,2,4,1,4,0,1,1,8,3,1,1,7,0,0,1,0,0,126.75,126.75,0,1,1,1,NONE,Accented,NONE,3,8,3,9,4,9,0.286,4
f0:324.307411667,325.841945714,321.644801667,310.509132857,286.407051667,244.848583333,205.760418571,178.198321667,169.751005714,175.349378333
feature:yu4,2,2,2,4,4,2,0,1,1,7,4,1,1,6,1,0,0,0,0,0,0,0,1,1,1,NONE,NONE,NONE,4,7,4,8,5,8,0.357,4
f0:192.486296,198.318164,214.92623,237.04832,249.774704,251.11864,243.256376,227.237498,211.041756,192.368922
feature:cai2,2,2,2,2,4,2,0,1,1,6,5,1,1,5,2,0,0,0,0,0,0,0,1,1,1,NONE,NONE,NONE,5,6,5,7,6,7,0.429,2
f0:184.06854,181.38941,178.280583333,174.81475,171.348918333,168.22967,163.503721667,155.12785,161.739864,191.716841667
feature:xue2,2,2,2,2,2,4,0,1,1,5,6,1,1,4,3,0,0,0,0,0,0,0,1,1,1,NONE,NONE,NONE,6,5,6,6,7,6,0.5,2
f0:224.758141667,228.537841667,227.175581667,225.037501667,222.8693,218.232005,184.346686667,152.230573333,147.690335,150.121218333
feature:xiao4,2,2,2,4,2,4,0,1,1,4,7,1,1,3,4,0,0,0,0,0,0,0,1,1,1,NONE,NONE,NONE,7,4,7,5,8,5,0.571,4
f0:172.51033875,199.17575125,226.507238889,229.76856,194.3098425,168.3500725,145.61405625,128.068251111,110.04928125,220.92012
feature:ying4,2,2,2,4,4,4,0,1,1,3,8,1,1,2,5,0,0,0,0,0,0,0,1,1,1,NONE,NONE,NONE,8,3,8,4,9,4,0.643,4
f0:248.317665,248.237385714,248.785046667,257.308916667,279.696712857,288.335838333,279.070536667,249.02215,219.400987143,197.498008333
feature:yun4,2,2,1,4,4,2,0,1,1,2,9,1,1,1,6,0,0,0,111.667,0,0,111.667,1,1,1,NONE,NONE,NONE,9,2,9,3,10,3,0.714,4
f0:185.17098,182.919488,183.000166667,183.07133,179.713954,171.71258,159.354334,140.321611667,129.240286,128.20347
feature:er2,1,2,2,2,4,1,0,1,1,1,10,1,1,0,7,0,0,1,116.667,111.667,111.667,116.667,1,1,4,NONE,NONE,Accented,10,1,10,2,11,2,0.786,2
f0:129.146645,129.26775,128.595895,125.5753175,124.19684,123.5278375,123.3776875,127.50146,136.4620975,146.1370825
feature:sheng1,2,1,0,1,2,0,0,1,0,0,11,1,0,0,8,1,0,0,119.667,116.667,116.667,0,4,1,0,Accented,NONE,0,11,0,11,1,12,1,0.857,1
f0:169.268251111,187.94495125,204.636893333,219.49735125,216.980898889,207.469874444,205.7651,207.337205556,208.4971825,211.003697778
