feature:da4,2,0,2,4,0,4,0,0,0,8,0,0,0,8,0,0,0,0,0,130,0,0,1,0,1,NONE,0,NONE,0,8,0,9,1,9,0.091,4
f0:376.7770175,376.677064,374.238045,366.934828,357.083535,343.97538,324.037732,300.04251,276.611754,256.165565
feature:liang4,2,2,2,4,4,3,0,0,0,7,1,0,0,7,1,0,0,0,0,0,0,0,1,1,1,NONE,NONE,NONE,1,7,1,8,2,8,0.182,4
f0:243.48892375,242.240622857,238.478605,223.226032857,210.8055975,205.03322,192.9628525,189.030464286,188.51182,191.43122
feature:wei3,2,2,2,3,4,4,0,0,0,6,2,0,0,6,2,0,0,0,0,0,0,0,1,1,1,NONE,NONE,NONE,2,6,2,7,3,7,0.273,3
f0:192.619598333,192.788615,191.932368333,186.728123333,172.342571429,159.485498333,147.669863333,144.832586667,144.961486667,146.976855
feature:lie4,2,2,2,4,3,4,0,0,0,5,3,0,0,5,3,0,0,0,0,0,0,0,1,1,1,NONE,NONE,NONE,3,5,3,6,4,6,0.364,4
f0:158.007578333,186.176511429,226.208501667,262.919518571,277.716186667,276.981211667,259.252595714,229.034671667,212.165477143,213.403643333
feature:xu4,2,2,2,4,4,2,0,0,0,4,4,0,0,4,4,0,0,0,0,0,0,0,1,1,1,NONE,NONE,NONE,4,4,4,5,5,5,0.455,4
f0:216.112108333,227.85153,251.390886667,273.470291667,297.757647143,322.045003333,341.487143333,346.049206667,332.867914286,298.914896667
feature:mian2,2,2,2,2,4,4,0,0,0,3,5,0,0,3,5,0,0,0,0,0,0,0,1,1,1,NONE,NONE,NONE,5,3,5,4,6,4,0.545,2
f0:262.077917143,228.98569875,202.404434286,178.31941625,162.981881429,161.381737143,160.3933925,165.92522,191.8919675,222.125321429
feature:zhi4,2,2,2,4,2,4,0,0,0,2,6,0,0,2,6,0,0,0,0,0,0,0,1,1,1,NONE,NONE,NONE,6,2,6,3,7,3,0.636,4
f0:232.78921,253.59423,280.3095075,302.35482,314.026534,312.788535,302.9328075,285.468315,261.023528,236.7659
feature:zao4,2,2,2,4,4,3,0,0,0,1,7,0,0,1,7,0,0,0,0,0,0,0,1,1,3,NONE,NONE,NONE,7,1,7,2,8,2,0.727,4
f0:229.953712,232.824186,235.656095,228.077122,210.871056,197.505426,183.824446,174.708688333,170.696298,165.663824
feature:zhe3,2,2,2,3,4,1,0,0,0,0,8,0,0,0,8,0,0,1,120.5,0,0,130.5,3,1,1,NONE,NONE,Accented,8,0,8,1,9,1,0.818,3
f0:153.8958075,160.578278571,172.7278925,172.51092,156.41070125,131.3322625,115.721464286,111.7269925,112.398157143,156.6672425
feature:yin1,2,2,2,1,3,2,0,0,0,4,0,0,0,5,9,1,0,0,128.5,130.5,120.5,0,1,3,1,Accented,NONE,NONE,0,4,0,5,1,1,0.333,1
f0:242.40009,248.76273,258.706071667,267.084554286,272.14746,274.80371,275.372852857,274.09245,266.384725714,233.093271429
feature:wu2,2,2,2,2,1,2,0,0,0,3,1,0,0,4,0,0,1,0,0,0,128.5,0,1,1,1,NONE,Accented,NONE,1,3,1,4,1,4,0.167,2
f0:197.30901,200.998554,206.747506667,204.487484,204.724418,214.205292,235.489312,261.022085,282.364894,285.43157
feature:fa2,2,2,2,2,2,3,0,0,0,2,2,0,0,3,1,0,0,0,0,0,0,0,1,1,1,NONE,NONE,NONE,2,2,2,3,2,3,0.333,2
f0:246.905148333,183.510394,199.649378333,251.820194,250.898985,234.234358,233.01335,249.075022,268.772338333,267.559362
feature:zhao3,2,2,2,3,2,4,0,0,0,1,3,0,0,2,2,0,0,0,0,0,0,0,1,1,3,NONE,NONE,NONE,3,1,3,2,3,2,0.5,3
f0:228.866033333,217.817686667,239.227405,245.34754,216.575553333,185.962363333,156.565708333,136.044978333,128.101598333,127.925766667
feature:dao4,2,2,1,4,3,2,0,0,0,0,4,0,0,1,3,0,0,0,0,0,0,115,3,1,1,NONE,NONE,NONE,4,0,4,1,4,1,0.667,4
f0:174.0341725,202.8971275,251.404168889,277.84239875,259.082475,215.09966125,164.68665125,136.501744444,214.9265325,293.74972875
feature:er2,1,2,2,2,4,1,0,0,1,4,0,0,1,0,4,0,0,1,120,115,0,120,1,3,1,NONE,NONE,Accented,0,4,0,5,1,5,0.143,2
f0:180.41714,183.114694,183.516763333,180.609766,176.59473,174.424088,174.539542,176.155586667,179.789316,187.506134
feature:xiao1,2,1,2,1,2,2,0,0,0,3,1,0,0,3,5,1,0,0,123,120,120,123,1,1,1,Accented,NONE,NONE,1,3,1,4,2,4,0.286,1
f0:192.66691,198.882658571,212.88230375,227.321404286,240.49113,247.017005714,243.171238571,239.3395725,239.457112857,235.190737143
feature:yao2,2,2,2,2,1,3,0,1,0,2,2,1,0,2,0,0,1,0,0,123,123,0,1,1,1,NONE,Accented,NONE,2,2,2,3,3,3,0.429,2
f0:220.555108,211.603952,204.513848,189.658638,166.239752,140.529526,134.72876,142.087274,154.882554,166.887456
feature:fa3,2,2,2,3,2,4,0,1,0,1,3,1,0,1,1,0,0,0,0,0,0,0,1,1,4,NONE,NONE,NONE,3,1,3,2,4,2,0.571,3
f0:173.275336667,173.521882,161.095615,161.7165,166.94792,154.177344,133.021868333,112.45294,101.053542,82.4329083333
feature:wai4,2,2,0,4,3,0,0,1,0,0,4,1,0,0,2,0,0,0,110,0,0,0,4,1,0,NONE,NONE,0,4,0,4,1,5,1,0.714,4
f0:70.00248,88.85834,160.896552,181.468615,181.682902,173.6208,160.08771,141.97467,125.867695,121.812
