feature:jia1,2,0,2,1,0,5,0,0,2,18,0,0,2,14,0,1,0,0,137.51199,134.51199,0,137.51199,1,0,1,Accented,0,NONE,0,18,0,19,1,19,0.048,1
f0:284.27059,306.30801,303.034805,290.749748,279.285314,273.93275,273.739182,277.952751667,282.132946,281.75185
feature:shang5,2,2,2,5,1,3,0,0,2,17,1,0,2,13,0,0,1,0,0,137.51199,137.51199,0,1,1,1,NONE,Accented,NONE,1,17,1,18,2,18,0.095,5
f0:282.02042,286.3075,291.008265,289.523016667,262.080637143,235.239196667,213.060376667,199.550046667,196.692526667,196.782153333
feature:chu3,2,2,2,3,5,4,0,0,2,16,2,0,2,12,1,0,0,0,0,0,0,0,1,1,1,NONE,NONE,NONE,2,16,2,17,3,17,0.143,3
f0:198.490046667,204.74606,214.118591667,221.454756667,215.898741667,183.15567,166.173708333,158.549451667,156.66606,166.279636667
feature:zai4,2,2,2,4,3,4,0,0,2,15,3,0,2,11,2,0,0,0,0,0,0,0,1,1,1,NONE,NONE,NONE,3,15,3,16,4,16,0.19,4
f0:186.393045714,228.4077,240.016227143,218.953018571,201.306494286,192.056208333,184.321977143,178.672831429,178.058368571,187.437634286
feature:shou4,2,2,2,4,4,3,0,0,2,14,4,0,2,10,3,0,0,0,0,0,0,0,1,1,1,NONE,NONE,NONE,4,14,4,15,5,15,0.238,4
f0:200.906364444,227.71270875,263.34376,280.220958889,253.721988889,226.80818125,207.174383333,192.321428889,188.23668,192.558834444
feature:fan3,2,2,2,3,4,4,0,0,2,13,5,0,2,9,4,0,0,0,0,0,0,0,1,1,1,NONE,NONE,NONE,5,13,5,14,6,14,0.286,3
f0:194.25133375,202.01860625,212.98044375,220.7307225,206.068713333,168.74064,143.92433375,135.39665625,141.24581375,173.54161875
feature:dong4,2,2,2,4,3,4,0,0,2,12,6,0,2,8,5,0,0,0,0,0,0,0,1,1,1,NONE,NONE,NONE,6,12,6,13,7,13,0.333,4
f0:208.625674,255.582613333,275.873066,275.84369,271.58729,257.570076,239.121092,222.68342,216.39198,214.200558
feature:pai4,2,2,2,4,4,4,0,0,2,11,7,0,2,7,6,0,0,0,0,0,0,0,1,1,1,NONE,NONE,NONE,7,11,7,12,8,12,0.381,4
f0:205.574216667,211.624095714,230.276596667,247.960693333,262.85849,263.295283333,251.776133333,236.250106667,219.166052857,213.044281667
feature:po4,2,2,2,4,4,4,0,0,2,10,8,0,2,6,7,0,0,0,0,0,0,0,1,1,1,NONE,NONE,NONE,8,10,8,11,9,11,0.429,4
f0:223.907868571,245.586874286,265.708011667,285.829135714,308.127462857,343.469282857,351.382785714,328.432518333,291.19031,260.511425714
feature:hai4,2,2,2,4,4,2,0,0,2,9,9,0,2,5,8,0,0,0,0,0,0,0,1,1,1,NONE,NONE,NONE,9,9,9,10,10,10,0.476,4
f0:253.24984375,268.52488625,288.03421,302.98801875,296.91135,263.36527125,218.9408475,180.9905925,165.05959875,167.16862375
feature:he2,2,2,2,2,4,2,0,0,2,8,10,0,2,4,9,0,0,0,0,0,0,0,1,1,1,NONE,NONE,NONE,10,8,10,9,11,9,0.524,2
f0:186.026958333,193.308136667,195.518424,197.703981667,200.132376667,202.270706667,202.281576667,196.088514,190.973181667,191.517323333
feature:wei2,2,2,2,2,2,3,0,0,2,7,11,0,2,3,10,0,0,0,0,0,0,0,1,1,1,NONE,NONE,NONE,11,7,11,8,12,8,0.571,2
f0:196.258645714,198.43588,193.817457143,190.37090125,188.3058,188.977921429,219.019145,266.890732857,307.7092925,316.7119
feature:jiao3,2,2,2,3,2,5,0,0,2,6,12,0,2,2,11,0,0,0,0,0,0,0,1,1,1,NONE,NONE,NONE,12,6,12,7,13,7,0.619,3
f0:306.363218571,289.340812857,275.67595,262.50748,216.991112857,171.678074286,136.028107143,127.48992125,128.881562857,131.478215714
feature:de5,2,2,2,5,3,4,0,0,2,5,13,0,2,1,12,0,0,0,0,0,0,0,1,1,1,NONE,NONE,NONE,13,5,13,6,14,6,0.667,5
f0:139.131355,147.632678,155.696795,159.92048,162.863851667,167.373905,169.931406,172.584326667,178.67744,184.758135
feature:ke4,2,2,2,4,5,1,0,0,2,4,14,0,2,0,13,0,0,1,119.878,0,0,119.878,1,1,1,NONE,NONE,Accented,14,4,14,5,15,5,0.714,4
f0:192.123667143,210.430631667,235.733974286,261.06446,286.394942857,314.028204286,338.794063333,348.86717,328.558856667,277.2502
feature:guan1,2,2,2,1,4,2,0,0,1,3,15,0,1,2,14,1,0,0,122.878,119.878,119.878,122.878,1,1,1,Accented,NONE,NONE,15,3,15,4,16,4,0.762,1
f0:233.58644,208.168886,192.66064,201.688066,226.03473,228.750768,227.781736,225.757844,222.833184,222.004486
feature:huan2,2,2,2,2,1,4,0,1,1,2,16,1,1,1,0,0,1,0,0,122.878,122.878,0,1,1,1,NONE,Accented,NONE,16,2,16,3,17,3,0.81,2
f0:225.20522,230.0315275,208.12053375,205.73028625,192.8793225,182.287397143,163.30379625,137.90203125,147.63777625,177.6344525
feature:jing4,2,2,2,4,2,1,0,1,1,1,17,1,1,0,1,0,0,1,116.951,0,0,116.951,1,1,4,NONE,NONE,Accented,17,1,17,2,18,2,0.857,4
f0:191.183632,200.135416,210.301566,211.990654,201.702085,183.37455,166.057202,151.265818,147.708634,152.260228
feature:zhong1,2,2,0,1,4,0,0,1,0,0,18,1,0,0,2,1,0,0,119.951,116.951,116.951,0,4,1,0,Accented,NONE,0,18,0,18,1,19,1,0.905,1
f0:175.721501429,204.88256125,207.611902857,201.80404,198.204334286,199.777635714,201.209075,201.485741429,203.24911,201.474502857
