feature:shi4,2,0,2,4,0,3,0,0,2,18,0,0,2,3,0,0,0,0,0,130,0,0,1,0,1,NONE,0,NONE,0,18,0,19,1,15,0.059,4
f0:401.71901,401.71902,401.71902,401.71902,401.71902,401.71902,401.657075,399.367458,394.193625,384.170426667
feature:wei3,2,2,2,3,4,4,0,0,2,17,1,0,2,2,1,0,0,0,0,0,0,0,1,1,1,NONE,NONE,NONE,1,17,1,18,2,14,0.118,3
f0:349.4278,298.861587143,264.1749575,242.64141,208.90708125,183.135495714,168.29561375,166.882725714,165.21098625,168.082301429
feature:dui4,2,2,2,4,3,3,0,0,2,16,2,0,2,1,2,0,0,0,0,0,0,0,1,1,1,NONE,NONE,NONE,2,16,2,17,3,13,0.176,4
f0:190.10907,234.16263,251.083807778,243.445625,223.411085,208.51192375,205.7829225,199.980151111,191.75128125,191.07101
feature:dang3,2,2,2,3,4,1,0,0,2,15,3,0,2,0,3,0,0,1,130.61,0,0,130.61,1,1,1,NONE,NONE,Accented,3,15,3,16,4,12,0.235,3
f0:197.715065714,203.785472857,206.878357143,196.524044286,171.243091429,159.780476667,147.778942857,109.063228571,86.6676714286,91.0327357143
feature:feng1,2,2,2,1,3,2,0,0,1,14,4,0,1,8,4,1,0,0,133.61,130.61,130.61,133.61,1,1,1,Accented,NONE,NONE,4,14,4,15,5,11,0.294,1
f0:117.15405,179.9765425,240.557092857,269.49124625,269.28452625,269.162125,269.850715,269.801002857,265.06183625,244.76131125
feature:lian2,2,2,2,2,1,4,0,1,1,13,5,1,1,7,0,0,1,0,0,133.61,133.61,0,1,1,1,NONE,Accented,NONE,5,13,5,14,6,10,0.353,2
f0:229.790685,222.508676667,204.441146667,186.777375,178.803752857,179.50385,185.844485,205.936791667,237.401541667,260.540158333
feature:zheng4,2,2,2,4,2,4,0,1,1,12,6,1,1,6,1,0,0,0,0,0,0,0,1,1,1,NONE,NONE,NONE,6,12,6,13,7,9,0.412,4
f0:279.589463333,313.087542,345.670456667,353.767488,343.791891667,320.120235,294.901094,267.86667,252.43526,247.913086667
feature:jian4,2,2,2,4,4,4,0,1,1,11,7,1,1,5,2,0,0,0,0,0,0,0,1,1,1,NONE,NONE,NONE,7,11,7,12,8,8,0.471,4
f0:250.584111667,267.355968333,288.508665714,297.243841667,293.334736667,277.321375,254.210696667,228.369825714,207.19028,200.934513333
feature:she4,2,2,2,4,4,2,0,1,1,10,8,1,1,4,3,0,0,0,0,0,0,0,1,1,1,NONE,NONE,NONE,8,10,8,11,9,7,0.529,4
f0:205.523711111,225.297437778,247.287157778,260.586313333,232.298987,204.012512222,184.053148889,173.019728889,173.955771111,188.88666
feature:he2,2,2,2,2,4,2,0,1,1,9,9,1,1,3,4,0,0,0,0,0,0,0,1,1,1,NONE,NONE,NONE,9,9,9,10,10,6,0.588,2
f0:198.84386625,199.90608125,201.96873875,203.84187625,200.276053333,191.47730375,187.09291125,190.0296225,199.876015,210.52346875
feature:fan2,2,2,2,2,2,3,0,1,1,8,10,1,1,2,5,0,0,0,0,0,0,0,1,1,1,NONE,NONE,NONE,10,8,10,9,11,5,0.647,2
f0:206.072315,211.42892125,221.77818625,227.469555,209.9218175,184.64239375,194.450205,249.95925375,298.98197625,311.3781325
feature:fu3,2,2,2,3,2,4,0,1,1,7,11,1,1,1,6,0,0,0,0,0,0,0,1,1,1,NONE,NONE,NONE,11,7,11,8,12,4,0.706,3
f0:304.02315,282.51561,259.81138,239.629838,216.925606667,195.656972,182.532418,174.54055,173.354558333,179.102468
feature:bai4,2,2,2,4,3,1,0,1,1,6,12,1,1,0,7,0,0,1,121.829,0,0,121.829,1,1,1,NONE,NONE,Accented,12,6,12,7,13,3,0.765,4
f0:188.466122,197.3370325,208.510518,213.8852,213.104604,205.5425975,194.575186,188.740032,187.63705,187.502366
feature:gong1,2,2,2,1,4,4,0,1,0,5,13,1,0,5,8,1,0,0,124.829,121.829,121.829,124.829,1,1,1,Accented,NONE,NONE,13,5,13,6,14,2,0.824,1
f0:193.18635,217.730964,251.842846667,273.098348333,282.371596667,287.16635,292.33283,298.386648333,302.954738,301.724308333
feature:zuo4,2,2,2,4,1,2,0,2,0,4,14,2,0,4,0,0,1,0,0,124.829,124.829,0,1,1,1,NONE,Accented,NONE,14,4,14,5,15,1,0.882,4
f0:300.128727143,305.836342857,308.155964286,282.019675714,239.525008571,207.814038333,180.990108571,155.188331429,148.967301429,148.912
feature:yan2,2,2,2,2,4,2,0,2,0,3,15,2,0,3,1,0,0,0,0,0,0,0,1,1,1,NONE,NONE,NONE,15,3,15,4,1,4,0.167,2
f0:241.621621667,229.962048333,187.53708,180.279596667,169.459283333,165.700035,172.412511667,194.302637143,225.164193333,234.569983333
feature:ge2,2,2,2,2,2,4,0,2,0,2,16,2,0,2,2,0,0,0,0,0,0,0,1,1,1,NONE,NONE,NONE,16,2,16,3,2,3,0.333,2
f0:228.616248,227.665665,228.979728,226.132878,203.995238,175.981885,160.096886,158.6686,163.7213775,169.248356
feature:zhi4,2,2,2,4,2,4,0,2,0,1,17,2,0,1,3,0,0,0,0,0,0,0,1,1,4,NONE,NONE,NONE,17,1,17,2,3,2,0.5,4
f0:186.6323,203.413248,226.628286667,251.781874,271.345525,274.23908,259.882194,220.080803333,169.809206,145.100763333
feature:du4,2,2,0,4,4,0,0,2,0,0,18,2,0,0,4,0,0,0,110,0,0,0,4,1,0,NONE,NONE,0,18,0,18,1,4,1,0.667,4
f0:145.115103333,153.164786,159.102658333,159.151616,149.051555,110.433212,73.8788933333,112.509876,139.314,139.314
