feature:shi1,2,0,2,1,0,3,0,0,1,12,0,0,1,7,0,1,0,0,137.31,134.31,0,137.31,1,0,1,Accented,0,NONE,0,12,0,13,1,9,0.091,1
f0:393.013,393.013,393.013,393.013,393.013,392.479716667,385.334888571,381.220276667,363.065821429,346.515756667
feature:lao3,2,2,2,3,1,2,0,0,1,11,1,0,1,6,0,0,1,0,0,137.31,137.31,0,1,1,1,NONE,Accented,NONE,1,11,1,12,2,8,0.182,3
f0:334.526725,319.524958,293.9541025,245.84904,205.8901075,185.6359825,165.697138,148.6370425,145.308776,152.1987975
feature:bo2,2,2,2,2,3,2,0,0,1,10,2,0,1,5,1,0,0,0,0,0,0,0,1,1,1,NONE,NONE,NONE,2,10,2,11,3,7,0.273,2
f0:167.22376125,175.036371429,179.55738375,165.8462525,163.275315,161.883735714,160.50189375,166.38573,180.692545714,198.3318975
feature:na2,2,2,2,2,2,3,0,0,1,9,3,0,1,4,2,0,0,0,0,0,0,0,1,1,1,NONE,NONE,NONE,3,9,3,10,4,6,0.364,2
f0:210.190825,210.443486,203.585045,185.744142,164.169091667,148.783958,155.921446667,177.227552,206.513936667,224.784192
feature:qi3,2,2,2,3,2,4,0,0,1,8,4,0,1,3,3,0,0,0,0,0,0,0,1,1,1,NONE,NONE,NONE,4,8,4,9,5,5,0.455,3
f0:224.85058375,223.3672,221.8372475,220.374525714,214.8797,190.848552857,168.8738025,154.216372857,154.58554375,163.95755
feature:sao4,2,2,2,4,3,3,0,0,1,7,5,0,1,2,4,0,0,0,0,0,0,0,1,1,1,NONE,NONE,NONE,5,7,5,8,6,4,0.545,4
f0:184.870168571,224.49361375,265.624398571,303.585398571,332.2275125,334.32180125,325.794577143,302.567398571,266.54915,218.723005714
feature:ba3,2,2,2,3,4,3,0,0,1,6,6,0,1,1,5,0,0,0,0,0,0,0,1,1,1,NONE,NONE,NONE,6,6,6,7,7,3,0.636,3
f0:192.140308,193.223511667,194.913748,189.85338,174.210036,163.86677,154.533696667,147.861514,146.811565,148.632788
feature:ben3,2,2,2,3,3,1,0,0,1,5,7,0,1,0,6,0,0,1,123.276,0,0,123.276,1,1,1,NONE,NONE,Accented,7,5,7,6,8,2,0.727,3
f0:157.406787778,168.40617875,179.396516667,174.96278625,158.607935556,141.643117778,128.48799375,126.532881111,125.84566875,151.737654444
feature:ji1,2,2,2,1,3,4,0,0,0,4,8,0,0,4,7,1,0,0,126.276,123.276,123.276,0,1,1,1,Accented,NONE,NONE,8,4,8,5,9,1,0.818,1
f0:187.1515275,215.87806125,244.805182222,267.28224625,274.819065,276.63891875,281.4405625,287.501394444,327.8318225,310.17621125
feature:jiu4,2,2,2,4,1,3,0,1,0,3,9,1,0,3,0,0,1,0,0,0,126.276,0,1,1,1,NONE,Accented,NONE,9,3,9,4,1,4,0.167,4
f0:274.86301,274.86301,273.231194444,253.09992,215.31498375,189.20757625,170.15764375,161.505205556,157.18274625,160.73029
feature:wang3,2,2,2,3,4,2,0,1,0,2,10,1,0,2,1,0,0,0,0,0,0,0,1,1,1,NONE,NONE,NONE,10,2,10,3,2,3,0.333,3
f0:172.2169875,174.150983333,170.7062525,162.50922,148.18788,131.4642275,121.484886667,118.8088425,122.688843333,138.132785
feature:hui2,2,2,2,2,3,3,0,1,0,1,11,1,0,1,2,0,0,0,0,0,0,0,1,1,4,NONE,NONE,NONE,11,1,11,2,3,2,0.5,2
f0:159.866981429,167.119982857,169.630085,172.716415714,174.28318,168.593722857,166.185827143,178.22879125,224.891021429,245.833255714
feature:zou3,2,2,0,3,2,0,0,1,0,0,12,1,0,0,3,0,0,0,110,0,0,0,4,1,0,NONE,NONE,0,12,0,12,1,4,1,0.667,3
f0:239.977758333,226.897885,213.248476667,197.355118333,147.995987143,110.615485,96.9452016667,86.7500416667,75.4299733333,64.1299083333
