feature:ta1,2,0,2,1,0,5,0,0,0,14,0,0,0,15,0,1,0,0,137.58299,134.58299,0,137.58299,1,0,1,Accented,0,NONE,0,14,0,15,1,11,0.077,1
f0:363.41501,363.41501,363.41501,363.5598875,365.15633,366.7071925,366.992995,367.1165275,365.5830675,358.861205
feature:de5,2,2,2,5,1,2,0,0,0,13,1,0,0,14,0,0,1,0,0,137.58299,137.58299,0,1,1,1,NONE,Accented,NONE,1,13,1,14,2,10,0.154,5
f0:355.47078,355.3945,355.0733875,348.528736667,334.8090875,311.8939375,294.87086,280.242265,267.77172,254.22563
feature:shou2,2,2,2,2,5,3,0,0,0,12,2,0,0,13,1,0,0,0,0,0,0,0,1,1,1,NONE,NONE,NONE,2,12,2,13,3,9,0.231,2
f0:235.33039,225.866801667,218.291005714,210.715208333,202.907131429,189.606174286,185.333606667,201.082534286,239.0068,255.230755714
feature:zhi3,2,2,2,3,2,2,0,0,0,11,3,0,0,12,2,0,0,0,0,0,0,0,1,1,1,NONE,NONE,NONE,3,11,3,12,4,8,0.308,3
f0:242.342125,231.76130125,222.29508,209.165865,183.561893333,162.1469775,160.45447875,155.63026,155.65203125,151.62432125
feature:you2,2,2,2,2,3,2,0,0,0,10,4,0,0,11,3,0,0,0,0,0,0,0,1,1,1,NONE,NONE,NONE,4,10,4,11,5,7,0.385,2
f0:167.390464,182.141681667,186.033334,198.748384,202.762958333,199.257546,198.171546,203.75852,221.025713333,228.061822
feature:yu2,2,2,2,2,2,2,0,0,0,9,5,0,0,10,4,0,0,0,0,0,0,0,1,1,1,NONE,NONE,NONE,5,9,5,10,6,6,0.462,2
f0:222.914463333,211.781796667,206.684365,201.60252,193.45165,191.698053333,192.872923333,195.439475,198.360626667,196.11126
feature:tu2,2,2,2,2,2,2,0,0,0,8,6,0,0,9,5,0,0,0,0,0,0,0,1,1,1,NONE,NONE,NONE,6,8,6,9,7,5,0.538,2
f0:188.005475714,176.663965714,163.047321667,149.483292857,146.390931429,206.260358571,225.957542857,233.987676667,267.442395714,299.338268571
feature:lao2,2,2,2,2,2,5,0,0,0,7,7,0,0,8,6,0,0,0,0,0,0,0,1,1,1,NONE,NONE,NONE,7,7,7,8,8,4,0.615,2
f0:308.691783333,310.2813,300.716893333,273.250503333,233.90084,203.38349,190.222445,192.062013333,202.198184,203.069793333
feature:de5,2,2,2,5,2,3,0,0,0,6,8,0,0,7,7,0,0,0,0,0,0,0,1,1,1,NONE,NONE,NONE,8,6,8,7,9,3,0.692,5
f0:201.200848333,217.8064,223.664126667,216.259158333,203.43371,192.385312,185.226723333,181.933693333,182.398953333,185.818965
feature:qi3,2,2,2,3,5,2,0,0,0,5,9,0,0,6,8,0,0,0,0,0,0,0,1,1,1,NONE,NONE,NONE,9,5,9,6,10,2,0.769,3
f0:193.290908571,198.441992857,203.817706667,209.416517143,215.512195714,218.71104,204.954274286,176.077945,156.129327143,155.824954286
feature:tu2,2,2,2,2,3,2,0,0,0,4,10,0,0,5,9,0,0,0,0,0,0,0,1,1,1,NONE,NONE,NONE,10,4,10,5,11,1,0.846,2
f0:170.07168,197.87779,226.349372857,239.823571429,216.0339,195.212458571,195.654768571,204.634288571,219.577827143,208.703007143
feature:che2,2,2,2,2,2,3,0,0,0,3,11,0,0,4,10,0,0,0,0,0,0,0,1,1,1,NONE,NONE,NONE,11,3,11,4,1,4,0.167,2
f0:236.854994286,240.605,240.605,240.605,239.74526,219.173291667,181.474895714,159.348666667,96.0176628571,94.5381833333
feature:lie3,2,2,2,3,2,2,0,0,0,2,12,0,0,3,11,0,0,0,0,0,0,0,1,1,1,NONE,NONE,NONE,12,2,12,3,2,3,0.333,3
f0:154.890858,177.281412,194.994418,197.212658,194.067573333,183.074802,176.73572,170.955308,167.822732,168.666104
feature:chuan2,2,2,2,2,3,4,0,0,0,1,13,0,0,2,12,0,0,0,0,0,0,0,1,1,3,NONE,NONE,NONE,13,1,13,2,3,2,0.5,2
f0:189.630235,201.30774625,208.31031,215.25036125,215.090785556,183.8763825,165.312405,166.83430625,187.9090275,209.94413125
feature:qiao4,2,2,1,4,2,2,0,0,0,0,14,0,0,1,13,0,0,0,0,0,0,116.667,3,1,1,NONE,NONE,NONE,14,0,14,1,4,1,0.667,4
f0:227.542418889,267.411222222,308.32247125,331.145908889,314.637975556,268.841771111,207.831348889,142.67061625,122.03525,121.770046667
feature:er2,1,2,2,2,4,1,0,0,3,7,0,0,3,0,14,0,0,1,121.667,116.667,0,121.667,1,3,1,NONE,NONE,Accented,0,7,0,8,1,8,0.1,2
f0:207.22708,201.352265714,191.712254286,188.389958571,183.5589725,182.97723,183.49956,184.860631429,188.98251,193.560714286
feature:zhua1,2,1,2,1,2,1,0,0,2,6,1,0,2,0,15,1,0,1,125.25,121.667,121.667,125.25,1,1,1,Accented,NONE,Accented,1,6,1,7,2,7,0.2,1
f0:193.912148333,206.765415,245.22342,283.005706667,296.13558,294.44283,285.507536667,284.62565,288.870875,286.395993333
feature:ba1,2,2,2,1,1,5,0,1,1,5,2,1,1,2,0,1,1,0,123.833,125.25,125.25,123.833,1,1,1,Accented,Accented,NONE,2,5,2,6,3,6,0.3,1
f0:280.034023333,288.865442,300.079575,298.692548333,290.097681667,286.547756,286.691906667,288.05491,288.989734,284.360703333
feature:de5,2,2,2,5,1,2,0,2,1,4,3,2,1,1,0,0,1,0,0,123.833,123.833,0,1,1,1,NONE,Accented,NONE,3,4,3,5,4,5,0.4,5
f0:272.561408,263.975166,247.826621667,218.1358,192.18693,160.507584,150.08173,146.332083333,146.76785,150.010864
feature:pi2,2,2,2,2,5,1,0,2,1,3,4,2,1,0,1,0,0,1,118.333,0,0,118.333,1,1,1,NONE,NONE,Accented,4,3,4,4,5,4,0.5,2
f0:154.54716125,160.842275,167.1373875,173.43251125,180.177281111,187.426335,197.8961625,203.50989125,222.489185,234.82883875
feature:kai1,2,2,2,1,2,4,0,2,0,2,5,2,0,2,2,1,0,0,121.333,118.333,118.333,121.333,1,1,1,Accented,NONE,NONE,5,2,5,3,6,3,0.6,1
f0:243.013968333,251.729432,260.466508333,269.203568,277.436843333,296.366063333,304.765906,305.444651667,307.367346,311.29033
feature:rou4,2,2,2,4,1,4,0,3,0,1,6,3,0,1,0,0,1,0,0,121.333,121.333,0,1,1,4,NONE,Accented,NONE,6,1,6,2,7,2,0.7,4
f0:310.009948333,305.348474,309.19117,316.846692,313.637163333,286.091461667,253.119836,209.21703,160.082736,134.381026667
feature:zhan4,2,2,0,4,4,0,0,3,0,0,7,3,0,0,1,0,0,0,110,0,0,0,4,1,0,NONE,NONE,0,7,0,7,1,8,1,0.8,4
f0:147.738071429,192.216585714,219.365812857,225.879008571,210.401835,173.888761429,131.99832,113.495547143,113.098,113.098001429
