feature:san1,2,0,2,1,0,1,0,0,2,12,0,0,2,0,0,1,0,1,137.6205,139.31,0,137.6205,1,0,1,Accented,0,Accented,0,12,0,13,1,13,0.067,1
f0:400.125,400.125,400.125,393.677256667,360.481866667,350.896614,351.080946667,351.570338333,351.67936,347.805858333
feature:sheng1,2,2,2,1,1,5,0,0,1,11,1,0,1,8,0,1,1,0,135.931,137.6205,137.6205,135.931,1,1,1,Accented,Accented,NONE,1,11,1,12,2,12,0.133,1
f0:340.028515714,342.68462,349.123482857,353.58407,351.895422857,349.682871667,350.30383,348.986863333,343.82951,329.5566
feature:de5,2,2,2,5,1,3,0,1,1,10,2,1,1,7,0,0,1,0,0,135.931,135.931,0,1,1,1,NONE,Accented,NONE,2,10,2,11,3,11,0.2,5
f0:318.042511667,303.14209,271.171641667,241.099835,211.33468,193.403043333,186.199486667,183.485266667,184.80897,193.627396667
feature:xue3,2,2,2,3,5,4,0,1,1,9,3,1,1,6,1,0,0,0,0,0,0,0,1,1,1,NONE,NONE,NONE,3,9,3,10,4,10,0.267,3
f0:197.73467,197.80764875,197.93745,198.07612125,198.21459375,198.3085525,194.07563375,166.90027625,146.70372,147.610555
feature:bi4,2,2,2,4,3,3,0,1,1,8,4,1,1,5,2,0,0,0,0,0,0,0,1,1,1,NONE,NONE,NONE,4,8,4,9,5,9,0.333,4
f0:168.893368,199.139558,229.86331,259.162634,274.690102,280.5335075,280.76812,275.30717,262.183384,245.432798
feature:yin3,2,2,2,3,4,4,0,1,1,7,5,1,1,4,3,0,0,0,0,0,0,0,1,1,1,NONE,NONE,NONE,5,7,5,8,6,8,0.4,3
f0:227.88677,211.990632222,197.46459875,188.753245556,186.56424125,176.09778125,151.163613333,141.76854625,138.17801,139.20529875
feature:liao4,2,2,2,4,3,4,0,1,1,6,6,1,1,3,4,0,0,0,0,0,0,0,1,1,1,NONE,NONE,NONE,6,6,6,7,7,7,0.467,4
f0:145.14431875,164.085585714,211.10392625,249.893555714,256.46962,241.7609425,213.285947143,194.92867625,193.423352857,205.715695
feature:su4,2,2,2,4,4,4,0,1,1,5,7,1,1,2,5,0,0,0,0,0,0,0,1,1,1,NONE,NONE,NONE,7,5,7,6,8,6,0.533,4
f0:212.175068333,232.285777143,260.514581667,286.22199,314.475235714,336.229575,338.720293333,331.561638333,312.798115714,293.27058
feature:liao4,2,2,2,4,4,2,0,1,1,4,8,1,1,1,6,0,0,0,0,0,0,0,1,1,1,NONE,NONE,NONE,8,4,8,5,9,5,0.6,4
f0:278.72523,284.864965,293.979144,294.339808333,287.120204,271.58288,247.574143333,208.49264,171.606211667,151.518406
feature:ping2,2,2,2,2,4,1,0,1,1,3,9,1,1,0,7,0,0,1,120.517,0,0,120.517,1,1,1,NONE,NONE,Accented,9,3,9,4,10,4,0.667,2
f0:153.1752775,162.7372775,172.95296125,183.153425,188.8583625,176.475151429,170.05429,173.38006625,192.99388625,218.65259375
feature:zhuang1,2,2,2,1,2,4,0,1,0,2,10,1,0,2,8,1,0,0,123.517,120.517,120.517,123.517,1,1,1,Accented,NONE,NONE,10,2,10,3,11,3,0.733,1
f0:245.958623333,289.353454286,301.710625,303.810003333,304.7003,302.854808333,304.235973333,308.2324,306.572701429,294.389511667
feature:qi4,2,2,2,4,1,2,0,2,0,1,11,2,0,1,0,0,1,0,0,123.517,123.517,0,1,1,4,NONE,Accented,NONE,11,1,11,2,12,2,0.8,4
f0:292.156525,291.566938,290.977355,290.4719925,289.882416,289.29284,288.8506475,288.5558475,286.573262,271.5227075
feature:you2,2,2,0,2,4,0,0,2,0,0,12,2,0,0,1,0,0,0,110,0,0,0,4,1,0,NONE,NONE,0,12,0,12,1,13,1,0.867,2
f0:233.148792,165.69814,134.746632,130.506233,123.193974545,123.889744,137.060063,151.288397,182.44065,220.314945
