feature:mei3,2,0,2,3,0,2,0,0,6,14,0,0,6,1,0,0,0,0,0,0,0,0,1,0,1,NONE,0,NONE,0,14,0,15,1,15,0.059,3
f0:229.848708,228.157935,216.15079,206.270431667,201.47285,196.71034,190.636076667,188.419176,187.754156667,187.242176
feature:guo2,2,2,2,2,3,1,0,0,6,13,1,0,6,0,1,0,0,1,131.875,0,0,131.875,1,1,1,NONE,NONE,Accented,1,13,1,14,2,14,0.118,2
f0:201.418336667,208.081101667,200.21018,194.640065,193.020848333,194.345613333,196.764526667,200.597023333,213.472063333,216.72239
feature:jing1,2,2,2,1,2,4,0,0,5,12,2,0,5,4,2,1,0,0,134.875,131.875,131.875,134.875,1,1,1,Accented,NONE,NONE,2,12,2,13,3,13,0.176,1
f0:210.531335,226.305893333,260.819001667,297.01147,328.1681,337.573821667,342.67247,348.307535,351.642563333,344.62787
feature:ji4,2,2,2,4,1,3,0,1,5,11,3,1,5,3,0,0,1,0,0,134.875,134.875,0,1,1,1,NONE,Accented,NONE,3,11,3,12,4,12,0.235,4
f0:338.276748,336.9416225,335.442968,334.128465,330.408566,317.3069175,294.139258,273.6160725,258.637836,247.082335
feature:wang3,2,2,2,3,4,4,0,1,5,10,4,1,5,2,1,0,0,0,0,0,0,0,1,1,1,NONE,NONE,NONE,4,10,4,11,5,11,0.294,3
f0:224.18984,216.850864286,215.475728333,204.094384286,182.371895714,156.175697143,134.533844286,127.415041667,133.642914286,161.364695714
feature:zhan4,2,2,2,4,3,5,0,1,5,9,5,1,5,1,2,0,0,0,0,0,0,0,1,1,1,NONE,NONE,NONE,5,9,5,10,6,10,0.353,4
f0:206.440725714,237.422181667,251.409084286,252.234113333,241.001781429,226.6133,209.229347143,197.430801667,193.574411429,188.982348333
feature:de5,2,2,2,5,4,1,0,1,5,8,6,1,5,0,3,0,0,1,125.625,0,0,125.625,1,1,1,NONE,NONE,Accented,6,8,6,9,7,9,0.412,5
f0:185.409718,181.151272,175.483974,170.189506,167.172084,166.8184025,167.383736,170.955622,174.552954,176.357752
feature:jing1,2,2,2,1,5,4,0,1,4,7,7,1,4,2,4,1,0,0,128.625,125.625,125.625,128.625,1,1,1,Accented,NONE,NONE,7,7,7,8,8,8,0.471,1
f0:187.525445,206.270246667,227.972208333,251.028536667,274.016735,288.817208333,292.211151667,296.435225,299.472906667,299.077866667
feature:ji4,2,2,2,4,1,2,0,2,4,6,8,2,4,1,0,0,1,0,0,128.625,128.625,0,1,1,1,NONE,Accented,NONE,8,6,8,7,9,7,0.529,4
f0:295.6047575,292.34494,288.758014,284.7832525,272.2405275,250.1437525,230.7212175,214.017482,201.92319,192.831335
feature:xue2,2,2,2,2,4,1,0,2,4,5,9,2,4,0,1,0,0,1,121.875,0,0,121.875,1,1,1,NONE,NONE,Accented,9,5,9,6,10,6,0.588,2
f0:187.775215,184.928008333,182.348006667,179.768006667,177.188008333,174.607528,168.87521,164.568668333,167.229343333,177.766521667
feature:jia1,2,2,2,1,2,1,0,2,3,4,10,2,3,0,2,1,0,1,125.25,121.875,121.875,125.25,1,1,1,Accented,NONE,Accented,10,4,10,5,11,5,0.647,1
f0:172.4310875,173.814428571,229.59636625,255.6720875,256.99814,256.21166,256.30676,258.4024325,262.475245714,254.56954125
feature:zha1,2,2,1,1,1,1,0,3,2,3,11,3,2,0,0,1,1,1,124,125.25,125.25,124,1,1,1,Accented,Accented,Accented,11,3,11,4,12,4,0.706,1
f0:224.887145,245.451255,282.113505,307.838928333,313.939416667,311.686175,309.080815,309.812126667,312.627496667,314.056118333
feature:en1,1,2,2,1,1,2,0,4,1,2,12,4,1,1,0,1,1,0,124.375,124,124,124.375,1,1,1,Accented,Accented,NONE,12,2,12,3,13,3,0.765,1
f0:315.407134,318.585361667,321.632702,324.140848333,325.178006,325.649748,327.306453333,329.197322,327.881578333,309.031708
feature:di2,2,1,2,2,1,1,0,5,1,1,13,5,1,0,0,0,1,1,117.5,124.375,124.375,117.5,1,1,4,NONE,Accented,Accented,13,1,13,2,14,2,0.824,2
f0:245.306208,210.803803333,204.333338,187.999831667,155.492968,137.87212,138.443086667,153.239174,176.252128333,193.362212
feature:shuo1,2,2,0,1,2,0,0,5,0,0,14,5,0,0,1,1,0,0,120.5,117.5,117.5,0,4,1,0,Accented,NONE,0,14,0,14,1,15,1,0.882,1
f0:199.93796,215.801697778,232.707706667,237.319274444,212.17329,198.85387625,198.437038889,200.072982222,206.140257778,214.303633333
