feature:zhe4,2,0,2,4,0,2,0,0,3,12,0,0,3,4,0,0,0,0,0,130,0,0,1,0,1,NONE,0,NONE,0,12,0,13,1,5,0.143,4
f0:393.767015,393.76703,393.6490175,390.7919,386.1003325,381.99568,369.8873575,348.371695,325.24991,307.462205
feature:tiao2,2,2,2,2,4,2,0,0,3,11,1,0,3,3,1,0,0,0,0,0,0,0,1,1,1,NONE,NONE,NONE,1,11,1,12,2,4,0.286,2
f0:289.414565,276.03437,262.777593333,248.230603333,237.677536667,215.16564,196.447905,200.811806667,215.5006,221.767743333
feature:gou2,2,2,2,2,2,3,0,0,3,10,2,0,3,2,2,0,0,0,0,0,0,0,1,1,1,NONE,NONE,NONE,2,10,2,11,3,3,0.429,2
f0:220.313035,218.160448571,209.9197875,177.84042,157.29917,146.69362625,143.394842857,149.01020125,167.226265714,193.78085375
feature:zong3,2,2,2,3,2,4,0,0,3,9,3,0,3,1,3,0,0,0,0,0,0,0,1,1,1,NONE,NONE,NONE,3,9,3,10,4,2,0.571,3
f0:192.650213333,193.737941667,202.495226,204.741996667,189.96517,161.998905,143.935941667,135.088946,130.81926,142.653803333
feature:shi4,2,2,2,4,3,1,0,0,3,8,4,0,3,0,4,0,0,1,122.414,0,0,132.414,1,1,1,NONE,NONE,Accented,4,8,4,9,5,1,0.714,4
f0:156.778476667,169.256454444,181.52336875,193.799767778,206.60663,210.299638889,194.380093333,183.133525,181.916362222,182.088316667
feature:zi1,2,2,2,1,4,2,0,0,2,7,5,0,2,1,5,1,0,0,130.414,132.414,122.414,130.414,1,1,1,Accented,NONE,NONE,5,7,5,8,1,8,0.1,1
f0:293.907521667,308.93103,308.93103,311.311143333,329.489044286,344.716938333,350.266671667,350.817076667,339.527475714,312.937435
feature:ya2,2,2,2,2,1,1,0,1,2,6,6,1,2,0,0,0,1,1,124.655,130.414,130.414,124.655,1,1,1,NONE,Accented,Accented,6,6,6,7,2,7,0.2,2
f0:289.694525,278.020955,236.688622,194.560825,156.7895,144.621596667,146.639875,152.571984,170.848165,192.225611667
feature:lie1,2,2,2,1,2,3,0,1,1,5,7,1,1,2,1,1,0,0,127.655,124.655,124.655,127.655,1,1,1,Accented,NONE,NONE,7,5,7,6,3,6,0.3,1
f0:201.771001429,203.536503333,200.237424286,186.396207143,163.881248571,148.979056667,148.911724286,172.464261429,218.100743333,243.246315714
feature:zui3,2,2,2,3,1,5,0,2,1,4,8,2,1,1,0,0,1,0,0,127.655,127.655,0,1,1,1,NONE,Accented,NONE,8,4,8,5,4,5,0.4,3
f0:244.078597143,243.269051429,242.508282857,235.885117143,194.167275714,155.375031667,134.802255714,110.547401429,95.7052185714,119.141207143
feature:de5,2,2,2,5,3,1,0,2,1,3,9,2,1,0,1,0,0,1,120.517,0,0,120.517,1,1,1,NONE,NONE,Accented,9,3,9,4,5,4,0.5,5
f0:128.857752,132.86425,137.173386,143.042988,146.070358,150.0280025,154.171014,159.898602,164.214288,169.938652
feature:wei1,2,2,2,1,5,2,0,2,0,2,10,2,0,2,2,1,0,0,123.517,120.517,120.517,123.517,1,1,1,Accented,NONE,NONE,10,2,10,3,6,3,0.6,1
f0:184.622545,207.513904,237.012523333,266.320514,281.297928333,294.466078333,304.95061,317.233581667,327.54632,331.645828333
feature:xie2,2,2,2,2,1,3,0,3,0,1,11,3,0,1,0,0,1,0,0,123.517,123.517,0,1,1,4,NONE,Accented,NONE,11,1,11,2,7,2,0.7,2
f0:325.696121667,306.916821667,281.66281,256.146795,230.630805,207.666402,185.670625,167.543325,150.642028333,145.33711
feature:wo3,2,2,0,3,2,0,0,3,0,0,12,3,0,0,1,0,0,0,110,0,0,0,4,1,0,NONE,NONE,0,12,0,12,1,8,1,0.8,3
f0:147.140145714,159.213831667,169.55199,168.046773333,159.002138571,146.546277143,133.55757,118.53205,99.4483566667,71.39686
