feature:jie4,2,0,2,4,0,1,0,0,3,11,0,0,3,0,0,0,0,1,132.778,0,0,132.778,1,0,1,NONE,0,Accented,0,11,0,12,1,5,0.143,4
f0:390.453,390.453,390.453,388.003706667,383.81276,381.732994,371.907006667,347.575233333,318.503686,303.363983333
feature:bei1,2,2,2,1,4,5,0,0,2,10,1,0,2,4,1,1,0,0,135.778,132.778,132.778,135.778,1,1,1,Accented,NONE,NONE,1,10,1,11,2,4,0.286,1
f0:308.87912,330.025553333,346.241126,345.603426,340.625626667,343.729212,347.91477,348.697564,347.719458333,345.81664
feature:de5,2,2,2,5,1,2,0,1,2,9,2,1,2,3,0,0,1,0,0,135.778,135.778,0,1,1,1,NONE,Accented,NONE,2,9,2,10,3,3,0.429,5
f0:348.091855,350.513502,343.0748725,311.223118,283.13681,257.91906,239.88909,225.9220475,213.045016,202.072855
feature:nan2,2,2,2,2,5,5,0,1,2,8,3,1,2,2,1,0,0,0,0,0,0,0,1,1,1,NONE,NONE,NONE,3,8,3,9,4,2,0.571,2
f0:199.132008571,200.45069,201.148583333,185.514822857,168.859117143,165.505857143,171.333701429,190.243628333,212.164301429,231.855202857
feature:bian5,2,2,2,5,2,4,0,1,2,7,4,1,2,1,2,0,0,0,0,0,0,0,1,1,1,NONE,NONE,NONE,4,7,4,8,5,1,0.714,5
f0:245.727624444,287.790614444,297.80212625,293.560758889,293.726351111,294.481066667,293.240745556,290.8039125,290.538714444,312.664097778
feature:mo4,2,2,2,4,5,1,0,1,2,6,5,1,2,0,3,0,0,1,125.37,0,0,125.37,1,1,1,NONE,NONE,Accented,5,6,5,7,1,7,0.111,4
f0:337.835834,343.131295,352.913896,355.486944,349.235508,338.09031,326.655122,303.224384,283.384285,267.091216
feature:xi1,2,2,2,1,4,1,0,1,1,5,6,1,1,0,4,1,0,1,128.6295,125.37,125.37,128.6295,1,1,1,Accented,NONE,Accented,6,5,6,6,2,6,0.222,1
f0:250.663888333,254.832481667,270.324616,286.781835,305.067626667,323.900738333,336.338385,338.58373,332.15689,328.4669
feature:ge1,2,2,2,1,1,2,0,2,0,4,7,2,0,4,0,1,1,0,126.889,128.6295,128.6295,126.889,1,1,1,Accented,Accented,NONE,7,4,7,5,3,5,0.333,1
f0:327.876684,327.743348,338.18741,346.105208,346.527814,346.0260625,345.384652,346.028596,346.579158,339.937652
feature:yi2,2,2,2,2,1,4,0,3,0,3,8,3,0,3,0,0,1,0,0,126.889,126.889,0,1,1,1,NONE,Accented,NONE,8,3,8,4,4,4,0.444,2
f0:316.267914,283.86296,259.740378333,236.70964,215.74408,194.531866,185.652686,184.965385,189.273546,193.994758
feature:ce4,2,2,2,4,2,3,0,3,0,2,9,3,0,2,1,0,0,0,0,0,0,0,1,1,1,NONE,NONE,NONE,9,2,9,3,5,3,0.556,4
f0:198.600216667,212.860621667,232.936096667,253.162461667,271.667413333,277.382156,262.671751667,223.583203333,197.487653333,188.192373333
feature:xie3,2,2,2,3,4,5,0,3,0,1,10,3,0,1,2,0,0,0,0,0,0,0,1,1,4,NONE,NONE,NONE,10,1,10,2,6,2,0.667,3
f0:184.725238571,185.43117875,192.563708571,200.10193,206.50621125,191.02404,163.492025714,140.570228571,125.56597625,136.374707143
feature:zhe5,2,2,0,5,3,0,0,3,0,0,11,3,0,0,3,0,0,0,110,0,0,0,4,1,0,NONE,NONE,0,11,0,11,1,7,1,0.778,5
f0:150.972481429,165.54196,174.788184286,174.29592,172.450308571,172.347218333,175.45522,181.493454286,193.608682857,205.379058571
