feature:hen3,2,0,2,3,0,1,0,0,6,18,0,0,6,0,0,0,0,1,133.537,0,0,133.537,1,0,1,NONE,0,Accented,0,18,0,19,1,19,0.048,3
f0:269.466,269.466,269.466,268.152391667,247.677203333,215.203335,201.295946667,198.408131667,202.077696667,207.408155
feature:duo1,2,2,2,1,3,4,0,0,5,17,1,0,5,2,1,1,0,0,136.537,133.537,133.537,136.537,1,1,1,Accented,NONE,NONE,1,17,1,18,2,18,0.095,1
f0:209.8739625,236.381368,284.912485,302.890156,312.66606,321.8355925,334.05788,343.461745,346.25481,345.7761675
feature:nan4,2,2,2,4,1,2,0,1,5,16,2,1,5,1,0,0,1,0,0,136.537,136.537,0,1,1,1,NONE,Accented,NONE,2,16,2,17,3,17,0.143,4
f0:344.520474,347.142944,351.829035,355.288344,355.153936,346.045604,325.373798,298.51726,269.919598,239.047606
feature:min2,2,2,2,2,4,1,0,1,5,15,3,1,5,0,1,0,0,1,130.61,0,0,130.61,1,1,1,NONE,NONE,Accented,3,15,3,16,4,16,0.19,2
f0:212.7574,195.26512625,184.55691375,176.8724275,169.47550125,161.81022875,162.393815,170.0551525,191.0851325,210.23232125
feature:can1,2,2,2,1,2,4,0,1,4,14,4,1,4,1,2,1,0,0,133.61,130.61,130.61,133.61,1,1,1,Accented,NONE,NONE,4,14,4,15,5,15,0.238,1
f0:211.94299,214.627066667,229.083388,247.965593333,266.847808,285.530126,296.6706,294.190522,288.646401667,286.58865
feature:yu4,2,2,2,4,1,1,0,2,4,13,5,2,4,0,0,0,1,1,128.659,133.61,133.61,128.659,1,1,1,NONE,Accented,Accented,5,13,5,14,6,14,0.286,4
f0:285.22268,282.95129625,272.744197143,264.328944286,246.20878375,227.959565,210.534634286,202.370861429,202.07788375,200.279191429
feature:qin1,2,2,2,1,4,3,0,2,3,12,6,2,3,2,1,1,0,0,131.659,128.659,128.659,131.659,1,1,1,Accented,NONE,NONE,6,12,6,13,7,13,0.333,1
f0:198.70744,218.05594375,249.69243125,281.459225,313.17876375,333.096517143,335.35763,336.5028325,338.01570125,331.20875625
feature:ta3,2,2,2,3,1,4,0,3,3,11,7,3,3,1,0,0,1,0,0,131.659,131.659,0,1,1,1,NONE,Accented,NONE,7,11,7,12,8,12,0.381,3
f0:310.20431,293.725488,277.595235,259.672746667,241.750256667,225.594024,206.570096667,174.211735,139.819072,133.412211667
feature:li4,2,2,2,4,3,1,0,3,3,10,8,3,3,0,1,0,0,1,125.73199,0,0,125.73199,1,1,1,NONE,NONE,Accented,8,10,8,11,9,11,0.429,4
f0:145.4127925,154.582246,172.483895,182.17225,182.906885,183.359515,183.554804,186.2944025,192.142716,201.1627775
feature:ban1,2,2,2,1,4,3,0,3,2,9,9,3,2,1,2,1,0,0,128.73199,125.73199,125.73199,128.73199,1,1,1,Accented,NONE,NONE,9,9,9,10,10,10,0.476,1
f0:221.62267,250.664454,269.568131667,279.31585,286.962486,291.743488,293.533584,293.51257,292.87862,286.840188
feature:zu3,2,2,2,3,1,1,0,4,2,8,10,4,2,0,0,0,1,1,123.78,128.73199,128.73199,123.78,1,1,1,NONE,Accented,Accented,10,8,10,9,11,9,0.524,3
f0:279.127588333,278.445514,277.822296667,276.764782,250.779935,212.064696667,175.586454,152.569526667,146.515334,148.02054
feature:zhi1,2,2,2,1,3,3,0,4,1,7,11,4,1,4,1,1,0,0,126.78,123.78,123.78,126.78,1,1,1,Accented,NONE,NONE,11,7,11,8,12,8,0.571,1
f0:160.306734,176.70539,192.845862,203.818126,201.6762,195.61613,195.803478,197.576456,199.075728,196.212598
feature:ju3,2,2,2,3,1,2,0,5,1,6,12,5,1,3,0,0,1,0,0,126.78,126.78,0,1,1,1,NONE,Accented,NONE,12,6,12,7,13,7,0.619,3
f0:194.24189,194.712242,196.064076667,197.41592,197.703482,190.635858,169.644468,146.693915,141.574462,147.053898
feature:xing2,2,2,2,2,3,5,0,5,1,5,13,5,1,2,1,0,0,0,0,0,0,0,1,1,1,NONE,NONE,NONE,13,5,13,6,14,6,0.667,2
f0:155.55329,161.296498571,166.455994286,171.554071429,172.78313625,159.388514286,149.078051429,145.727527143,152.72475,167.071885714
feature:de5,2,2,2,5,2,4,0,5,1,4,14,5,1,1,2,0,0,0,0,0,0,0,1,1,1,NONE,NONE,NONE,14,4,14,5,15,5,0.714,5
f0:187.441948333,197.313243333,195.78235,184.458688333,175.449283333,170.870886667,167.901103333,162.974724286,149.900983333,125.919575
feature:mu4,2,2,2,4,5,1,0,5,1,3,15,5,1,0,3,0,0,1,118.902,0,0,118.902,1,1,1,NONE,NONE,Accented,15,3,15,4,16,4,0.762,4
f0:112.913805714,115.864806667,216.532667143,284.976043333,301.863137143,309.22846,298.140411429,273.555643333,243.70966,216.472208333
feature:juan1,2,2,2,1,4,2,0,5,0,2,16,5,0,2,4,1,0,0,121.902,118.902,118.902,121.902,1,1,1,Accented,NONE,NONE,16,2,16,3,17,3,0.81,1
f0:212.529595714,233.472573333,262.809965714,288.438182857,296.047457143,296.89214,296.462607143,297.304788571,301.591415,304.407684286
feature:chou2,2,2,2,2,1,3,0,6,0,1,17,6,0,1,0,0,1,0,0,121.902,121.902,0,1,1,4,NONE,Accented,NONE,17,1,17,2,18,2,0.857,2
f0:294.229122857,273.541137143,252.574827143,231.54628,199.422194286,165.275196667,162.599712857,173.816098571,206.741058571,217.810027143
feature:kuan3,2,2,0,3,2,0,0,6,0,0,18,6,0,0,1,0,0,0,110,0,0,0,4,1,0,NONE,NONE,0,18,0,18,1,19,1,0.905,3
f0:214.271064286,218.788207143,224.145002857,228.110817143,209.2689975,155.265344286,126.062967143,118.30129,105.58595,94.7538657143
