feature:ba3,2,0,2,3,0,1,0,0,6,12,0,0,6,0,0,0,0,1,132.931,130,0,132.931,1,0,1,NONE,0,Accented,0,12,0,13,1,13,0.067,3
f0:212.460307143,223.752681429,214.236738571,202.028942857,196.918135714,191.841832857,189.719277143,189.235821429,192.219274286,196.002767143
feature:bian1,2,2,2,1,3,2,0,0,5,11,1,0,5,1,1,1,0,0,135.931,132.931,132.931,135.931,1,1,1,Accented,NONE,NONE,1,11,1,12,2,12,0.133,1
f0:194.86385,214.55489,253.353495,293.034338333,320.856505,329.62707,332.410926667,332.514926667,333.470105,338.151298333
feature:xue2,2,2,2,2,1,1,0,1,5,10,2,1,5,0,0,0,1,1,130.172,135.931,135.931,130.172,1,1,1,NONE,Accented,Accented,2,10,2,11,3,11,0.2,2
f0:343.570373,326.694505556,296.127265,269.567871111,242.978228,208.1025,181.759681,176.489191111,187.773386,203.880813333
feature:bian1,2,2,2,1,2,3,0,1,4,9,3,1,4,1,1,1,0,0,133.172,130.172,130.172,133.172,1,1,1,Accented,NONE,NONE,3,9,3,10,4,10,0.267,1
f0:206.878981429,225.88599375,270.626364286,304.05020375,314.417412857,321.472131429,326.8283875,334.632908571,337.32113625,324.720354286
feature:gai3,2,2,2,3,1,1,0,2,4,8,4,2,4,0,0,0,1,1,127.414,133.172,133.172,127.414,1,1,1,NONE,Accented,Accented,4,8,4,9,5,9,0.333,3
f0:300.89575625,282.52512125,247.10413,194.1848675,151.33388,136.877941429,133.5619675,128.3240925,118.61135375,118.82807
feature:bian1,2,2,2,1,3,3,0,2,3,7,5,2,3,1,1,1,0,0,130.414,127.414,127.414,130.414,1,1,1,Accented,NONE,NONE,5,7,5,8,6,8,0.4,1
f0:147.7890775,193.736193333,239.91005625,285.917042222,315.97296875,330.2042,341.315162222,349.6657875,344.047068889,326.18770875
feature:zheng3,2,2,2,3,1,1,0,3,3,6,6,3,3,0,0,0,1,1,124.655,130.414,130.414,124.655,1,1,1,NONE,Accented,Accented,6,6,6,7,7,7,0.467,3
f0:303.54921,289.529535,274.80301,251.93993,213.48598,183.644626,157.752001667,140.454605,135.496786667,138.511558333
feature:bian1,2,2,2,1,3,3,0,3,2,5,7,3,2,2,1,1,0,0,127.655,124.655,124.655,127.655,1,1,1,Accented,NONE,NONE,7,5,7,6,8,6,0.533,1
f0:152.354272857,189.1714175,233.138791429,269.14287875,286.009454286,298.952951429,308.904235,311.509158571,316.17271375,310.089658571
feature:gai3,2,2,2,3,1,4,0,4,2,4,8,4,2,1,0,0,1,0,0,127.655,127.655,0,1,1,1,NONE,Accented,NONE,8,4,8,5,9,5,0.6,3
f0:291.951997143,273.28721125,233.33208,174.30762125,137.270752857,127.962831429,118.5661375,101.521192857,102.21456125,109.98515
feature:guan4,2,2,2,4,3,1,0,4,2,3,9,4,2,0,1,0,0,1,120.517,0,0,120.517,1,1,1,NONE,NONE,Accented,9,3,9,4,10,4,0.667,4
f0:133.7931725,170.388158571,208.40966375,246.399245714,270.94236875,258.760534286,221.71846,183.654901429,153.45783375,153.89641
feature:chuan1,2,2,2,1,4,3,0,4,1,2,10,4,1,1,2,1,0,0,123.517,120.517,120.517,123.517,1,1,1,Accented,NONE,NONE,10,2,10,3,11,3,0.733,1
f0:179.288473333,194.725108,207.899703333,222.8295,235.783798333,237.567906667,223.424302,212.49926,210.488318,210.56573
feature:shi3,2,2,2,3,1,1,0,5,1,1,11,5,1,0,0,0,1,1,117.759,123.517,123.517,117.759,1,1,4,NONE,Accented,Accented,11,1,11,2,12,2,0.8,3
f0:215.4817,217.499995714,209.654387143,200.379387143,190.12050125,179.861617143,169.982115714,151.804218571,120.16559,121.5616
feature:zhong1,2,2,0,1,3,0,0,5,0,0,12,5,0,0,1,1,0,0,120.759,117.759,117.759,0,4,1,0,Accented,NONE,0,12,0,12,1,13,1,0.867,1
f0:163.951945,209.1098,217.758435,211.17555875,209.92931125,210.52039375,211.83102125,217.08053125,223.8678925,214.21914
