feature:gei2,2,0,2,2,0,3,0,0,1,4,0,0,1,1,0,0,0,0,0,130,0,0,1,0,1,NONE,0,NONE,0,4,0,5,1,5,0.143,2
f0:233.51601,233.48884,232.742622,231.1909025,232.169522,247.18265,267.2489375,284.650232,300.4685425,314.411146
feature:xiao3,2,2,2,3,2,1,0,0,1,3,1,0,1,0,1,0,0,1,132.368,0,0,132.368,1,1,1,NONE,NONE,Accented,1,3,1,4,2,4,0.286,3
f0:323.197807143,322.366758333,319.079088571,315.541545,294.048514286,213.65592,163.878538571,131.21908,126.869762857,157.4906
feature:shu1,2,2,2,1,3,5,0,0,0,2,2,0,0,3,2,1,0,0,135.368,132.368,132.368,135.368,1,1,1,Accented,NONE,NONE,2,2,2,3,3,3,0.429,1
f0:179.168985,201.917516667,226.5808,251.24408,273.657323333,291.255756667,295.499165,297.928887143,301.489741667,287.418233333
feature:de5,2,2,2,5,1,4,0,1,0,1,3,1,0,2,0,0,1,0,0,135.368,135.368,0,1,1,3,NONE,Accented,NONE,3,1,3,2,4,2,0.571,5
f0:271.670206667,270.235553333,265.265296667,247.352166667,222.50541,206.453533333,196.5524,183.199836667,174.435746667,171.88039
feature:xin4,2,2,2,4,5,4,0,1,0,0,4,1,0,1,1,0,0,0,0,0,0,0,3,1,1,NONE,NONE,NONE,4,0,4,1,5,1,0.714,4
f0:181.609945455,213.725210833,248.245421818,278.453215,267.530867273,218.31113,168.109305,143.442924545,125.04916,74.5501854545
feature:yi4,2,2,2,4,4,1,0,0,4,12,0,0,4,0,2,0,0,1,128.158,0,0,128.158,1,3,1,NONE,NONE,Accented,0,12,0,13,1,4,0.167,4
f0:261.690795,262.977295,261.4967525,257.39074,246.49633,231.61864,216.81283,204.364795,200.6951275,201.46466
feature:tian1,2,2,2,1,4,4,0,0,3,11,1,0,3,1,3,1,0,0,131.158,128.158,128.158,131.158,1,1,1,Accented,NONE,NONE,1,11,1,12,2,3,0.333,1
f0:207.38799,217.67544,227.058498,236.441556667,246.791068333,252.951301667,251.641988333,246.876798,245.565628333,249.451561667
feature:yi4,2,2,2,4,1,1,0,1,3,10,2,1,3,0,0,0,1,1,126.05299,131.158,131.158,126.05299,1,1,1,NONE,Accented,Accented,2,10,2,11,3,2,0.5,4
f0:254.750475,254.58086,244.143901667,236.730148333,233.736996667,221.84827,207.447335,190.356831667,179.326444,174.387685
feature:tian1,2,2,2,1,4,4,0,1,2,9,3,1,2,1,1,1,0,0,129.05299,126.05299,126.05299,0,1,1,1,Accented,NONE,NONE,3,9,3,10,4,1,0.667,1
f0:185.38966,207.757166,230.167453,241.980456,239.182093,235.93321,235.46449,236.079146,239.648656,224.831217
feature:yi4,2,2,2,4,1,1,0,2,2,8,4,2,2,0,0,0,1,1,123.94701,0,129.05299,123.94701,1,1,1,NONE,Accented,Accented,4,8,4,9,1,5,0.143,4
f0:254.76477,267.430036,278.45185,293.427802,301.247738,300.119732,290.547572,273.789145,253.914206,241.947748
feature:feng1,2,2,2,1,4,4,0,2,1,7,5,2,1,1,1,1,0,0,126.947,123.94701,123.94701,126.947,1,1,1,Accented,NONE,NONE,5,7,5,8,2,4,0.286,1
f0:244.59986,258.933836667,275.212178333,291.445276667,302.033631667,302.962438,302.767631667,303.16365,305.855158333,311.345168333
feature:yi4,2,2,2,4,1,1,0,3,1,6,6,3,1,0,0,0,1,1,121.842,126.947,126.947,121.842,1,1,1,NONE,Accented,Accented,6,6,6,7,3,3,0.429,4
f0:316.843548,317.15656,308.602731667,296.299486,285.924102,268.19069,241.67629,217.890998333,208.11739,203.272378
feature:feng1,2,2,2,1,4,5,0,3,0,5,7,3,0,5,1,1,0,0,124.842,121.842,121.842,124.842,1,1,1,Accented,NONE,NONE,7,5,7,6,4,2,0.571,1
f0:204.657207143,222.020607143,242.61156,263.409698571,280.3694875,283.788967143,286.580674286,290.422448571,292.90783,280.053608571
feature:de5,2,2,1,5,1,4,0,4,0,4,8,4,0,4,0,0,1,0,0,124.842,124.842,0,1,1,1,NONE,Accented,NONE,8,4,8,5,5,1,0.714,5
f0:247.831721667,239.539762857,215.8706,182.576361429,166.067215,158.244628333,158.497822857,166.039308333,177.302035714,182.35562
feature:ai4,1,2,2,4,5,4,0,4,0,3,9,4,0,3,1,0,0,0,0,0,0,0,1,1,1,NONE,NONE,NONE,9,3,9,4,1,2,0.25,4
f0:302.44621,306.2872925,316.578272,322.901755,322.6086475,318.0766275,307.33815,288.866818,266.7396625,246.7760425
feature:mei4,2,1,2,4,4,2,0,4,0,2,10,4,0,2,2,0,0,0,0,0,0,0,1,1,1,NONE,NONE,NONE,10,2,10,3,2,1,0.5,4
f0:229.67842,225.35614,225.615676667,225.60027,219.529753333,206.277104,190.621796667,162.620808333,140.51045,134.944265
feature:han2,2,2,2,2,4,5,0,4,0,1,11,4,0,1,3,0,0,0,0,0,0,0,1,1,4,NONE,NONE,NONE,11,1,11,2,1,2,0.25,2
f0:161.042875,161.444,161.444,161.444,161.296865,154.308755,145.371455,129.113974286,118.693625,124.98128
feature:hu5,2,2,0,5,2,0,0,4,0,0,12,4,0,0,4,0,0,0,110,0,0,0,4,1,0,NONE,NONE,0,12,0,12,1,2,1,0.5,5
f0:159.32505375,192.8740775,207.327195,221.1192225,235.06159625,233.121012857,194.07813625,139.40361625,106.43378375,106.3699725
