feature:yi4,2,0,2,4,0,1,0,0,4,20,0,0,4,0,0,0,0,1,133.66701,130,0,133.66701,1,0,1,NONE,0,Accented,0,20,0,21,1,5,0.143,4
f0:344.134006,343.528815,339.846108,337.3998625,335.36192,328.16423,314.972534,301.369695,292.038018,289.0797125
feature:bian1,2,2,2,1,4,3,0,0,3,19,1,0,3,1,1,1,0,0,136.66701,133.66701,133.66701,136.66701,1,1,1,Accented,NONE,NONE,1,19,1,20,2,4,0.286,1
f0:299.806472857,314.146515,318.345695714,323.66880375,323.178282857,320.867488571,318.124345,321.221958571,324.10500375,306.790148571
feature:che3,2,2,2,3,1,1,0,1,3,18,2,1,3,0,0,0,1,1,131.88901,136.66701,136.66701,131.88901,1,1,1,NONE,Accented,Accented,2,18,2,19,3,3,0.429,3
f0:293.867131667,283.453378333,273.039631667,262.625875,252.212133333,241.080581667,217.373935,181.319435,158.776673333,155.908616667
feature:kai1,2,2,2,1,3,3,0,1,2,17,3,1,2,7,1,1,0,0,134.88901,131.88901,131.88901,134.88901,1,1,1,Accented,NONE,NONE,3,17,3,18,4,2,0.571,1
f0:185.69917,205.150528333,219.915862,234.6812,251.087131667,267.370681667,288.794276667,301.428382,308.089941667,306.477558333
feature:sang3,2,2,2,3,1,5,0,2,2,16,4,2,2,6,0,0,1,0,0,134.88901,134.88901,0,1,1,1,NONE,Accented,NONE,4,16,4,17,5,1,0.714,3
f0:283.7990525,262.942421429,243.02457625,219.751465714,172.9426175,141.16912375,129.221752857,86.49321125,62.6278957143,64.28334625
feature:zi5,2,2,2,5,3,4,0,2,2,15,5,2,2,5,1,0,0,0,0,0,0,0,1,1,1,NONE,NONE,NONE,5,15,5,16,1,1,0.333,5
f0:169.316592857,180.479,179.627862857,177.801404286,179.683562857,183.653751667,185.457957143,186.811518571,223.429581429,238.535525714
feature:dui4,2,2,2,4,5,5,0,2,2,14,6,2,2,4,2,0,0,0,0,0,0,0,1,1,1,NONE,NONE,NONE,6,14,6,15,1,10,0.083,4
f0:329.466628571,335.06299,335.06299,335.06299,335.06299,334.748192857,331.87256,319.443368571,293.155315,261.979054286
feature:zhe5,2,2,2,5,4,4,0,2,2,13,7,2,2,3,3,0,0,0,0,0,0,0,1,1,1,NONE,NONE,NONE,7,13,7,14,2,9,0.167,5
f0:242.088248333,258.729516,269.651661667,258.695144,244.546498333,236.701201667,235.499632,236.922376667,241.646674,244.517745
feature:shi4,2,2,2,4,5,3,0,2,2,12,8,2,2,2,4,0,0,0,0,0,0,0,1,1,1,NONE,NONE,NONE,8,12,8,13,3,8,0.25,4
f0:250.76685,264.83056,281.976725,299.1229,314.363946,328.758664,334.875932,331.634948333,312.629138,273.531688
feature:chang3,2,2,2,3,4,4,0,2,2,11,9,2,2,1,5,0,0,0,0,0,0,0,1,1,1,NONE,NONE,NONE,9,11,9,12,4,7,0.333,3
f0:252.63745,245.045888,237.45433,229.862778,222.27122,214.645116,203.281754,178.410504,152.637104,133.786872
feature:shang4,2,2,2,4,3,1,0,2,2,10,10,2,2,0,6,0,0,1,124.778,0,0,124.778,1,1,1,NONE,NONE,Accented,10,10,10,11,5,6,0.417,4
f0:141.02190625,171.478621111,200.55389375,227.72568125,231.338922222,211.370565,195.14116375,186.5859675,184.728306667,192.3647675
feature:xi1,2,2,2,1,4,3,0,2,1,9,11,2,1,4,7,1,0,0,127.778,124.778,124.778,127.778,1,1,1,Accented,NONE,NONE,11,9,11,10,6,5,0.5,1
f0:197.9155825,206.32944875,228.61020875,252.68048125,276.750755,299.101728571,321.04786625,332.72970125,329.06641375,313.45138625
feature:rang3,2,2,2,3,1,5,0,3,1,8,12,3,1,3,0,0,1,0,0,127.778,127.778,0,1,1,1,NONE,Accented,NONE,12,8,12,9,7,4,0.583,3
f0:292.99534,276.345428,247.353416667,209.262696,180.865026667,154.257543333,139.153294,134.993518333,134.911076,135.205513333
feature:de5,2,2,2,5,3,2,0,3,1,7,13,3,1,2,1,0,0,0,0,0,0,0,1,1,1,NONE,NONE,NONE,13,7,13,8,8,3,0.667,5
f0:140.2051925,150.16798,152.560433333,151.8223075,150.3289325,149.8436225,150.50998,151.903643333,153.74206,155.82847
feature:ren2,2,2,2,2,5,2,0,3,1,6,14,3,1,1,2,0,0,0,0,0,0,0,1,1,1,NONE,NONE,NONE,14,6,14,7,9,2,0.75,2
f0:155.957808571,154.495308333,157.359185714,163.595372857,162.95403,164.11104,174.04173,199.733121429,231.301766667,240.985865714
feature:qun2,2,2,2,2,2,1,0,3,1,5,15,3,1,0,3,0,0,1,115.333,0,0,125.333,1,1,1,NONE,NONE,Accented,15,5,15,6,10,1,0.833,2
f0:227.5512,212.397417273,197.566040909,183.653163636,153.2714875,138.165856364,147.19086,168.898528182,192.577760909,224.837614545
feature:yao1,2,2,2,1,2,5,0,3,0,4,16,3,0,4,4,1,0,0,123.333,125.333,115.333,123.333,1,1,1,Accented,NONE,NONE,16,4,16,5,1,5,0.143,1
f0:263.071432,274.840706,296.703055,300.66712,301.81667,305.012322,310.663318,315.50889,316.68846,309.329442
feature:he5,2,2,2,5,1,5,0,4,0,3,17,4,0,3,0,0,1,0,0,123.333,123.333,0,1,1,1,NONE,Accented,NONE,17,3,17,4,2,4,0.286,5
f0:293.785166,281.043402,268.766944,256.490454,244.21397,231.93748,219.263072,198.012806,174.3066,153.352338
feature:le5,2,2,2,5,5,3,0,4,0,2,18,4,0,2,1,0,0,0,0,0,0,0,1,1,1,NONE,NONE,NONE,18,2,18,3,3,3,0.429,5
f0:141.360665,139.149723333,138.01721,137.4459,137.32946,137.3496375,137.420103333,136.88865,136.037273333,135.6141075
feature:qi3,2,2,2,3,5,2,0,4,0,1,19,4,0,1,2,0,0,0,0,0,0,0,1,1,4,NONE,NONE,NONE,19,1,19,2,4,2,0.571,3
f0:135.86201,139.480166,145.376548333,151.294856,157.194896667,161.336686667,156.227756,137.025696667,123.296974,123.620375
feature:lai2,2,2,0,2,3,0,0,4,0,0,20,4,0,0,3,0,0,0,110,0,0,0,4,1,0,NONE,NONE,0,20,0,20,1,5,1,0.714,2
f0:129.835485,129.329158333,125.67013,124.437761667,128.644706667,135.111863333,141.597033333,148.71528,153.543753333,152.183726667
