feature:tong2,2,0,2,2,0,4,0,0,4,14,0,0,4,1,0,0,0,0,0,0,0,0,1,0,1,NONE,0,NONE,0,14,0,15,1,12,0.071,2
f0:231.188004,231.188,231.188,230.748098,219.633711667,208.819298,209.49442,215.975288,236.450168333,266.874738
feature:yang4,2,2,2,4,2,1,0,0,4,13,1,0,4,0,1,0,0,1,132.778,0,0,132.778,1,1,1,NONE,NONE,Accented,1,13,1,14,2,11,0.143,4
f0:299.908317143,334.518195714,364.455501429,367.168774286,358.123181429,333.413982857,292.090535714,257.889021429,243.065424286,241.364688571
feature:fa1,2,2,2,1,4,1,0,0,3,12,2,0,3,0,2,1,0,1,136.3335,132.778,132.778,136.3335,1,1,1,Accented,NONE,Accented,2,12,2,13,3,10,0.214,1
f0:245.594256,269.41941,300.904318,314.879085,308.847288,297.739844,294.767141667,295.066462,298.329905,298.923076
feature:sheng1,2,2,2,1,1,4,0,1,2,11,3,1,2,1,0,1,1,0,134.88901,136.3335,136.3335,134.88901,1,1,1,Accented,Accented,NONE,3,11,3,12,4,9,0.286,1
f0:295.4166,295.212196,295.511656667,295.796356,295.638316667,294.127385,293.932008,295.241226667,295.815918,294.156321667
feature:zai4,2,2,2,4,1,1,0,2,2,10,4,2,2,0,0,0,1,1,130.11099,134.88901,134.88901,130.11099,1,1,1,NONE,Accented,Accented,4,10,4,11,5,8,0.357,4
f0:292.506654286,294.980067143,277.253087143,245.252157143,227.41936,218.068503333,209.769275714,204.694874286,206.987287143,210.415218571
feature:ju1,2,2,2,1,4,2,0,2,1,9,5,2,1,7,1,1,0,0,133.11099,130.11099,130.11099,133.11099,1,1,1,Accented,NONE,NONE,5,9,5,10,6,7,0.429,1
f0:214.71001,228.312775,247.462552857,266.612325,284.021213333,301.4301,318.839,337.76163,348.680791667,348.03092
feature:min2,2,2,2,2,1,2,0,3,1,8,6,3,1,6,0,0,1,0,0,133.11099,133.11099,0,1,1,1,NONE,Accented,NONE,6,8,6,9,7,6,0.5,2
f0:339.971323333,326.466534,302.849788333,267.697623333,236.518483333,214.525124,205.221713333,208.480776667,220.730538,232.580545
feature:lou2,2,2,2,2,2,3,0,3,1,7,7,3,1,5,1,0,0,0,0,0,0,0,1,1,1,NONE,NONE,NONE,7,7,7,8,8,5,0.571,2
f0:238.484073333,235.366148333,227.42767,218.233796667,198.829213333,187.32368,189.336318333,199.508124,215.027296667,221.64567
feature:li3,2,2,2,3,2,5,0,3,1,6,8,3,1,4,2,0,0,0,0,0,0,0,1,1,1,NONE,NONE,NONE,8,6,8,7,9,4,0.643,3
f0:216.805725,211.56539,209.281256667,206.3161525,195.09065,178.0799225,156.9751025,147.601426667,144.651755,142.705955
feature:de5,2,2,2,5,3,4,0,3,1,5,9,3,1,3,3,0,0,0,0,0,0,0,1,1,1,NONE,NONE,NONE,9,5,9,6,10,3,0.714,5
f0:141.45283,139.99816,138.803776667,138.70929,139.8832725,143.544346667,147.355723333,153.68133,161.815115,167.73733
feature:gu4,2,2,2,4,5,5,0,3,1,4,10,3,1,2,4,0,0,0,0,0,0,0,1,1,1,NONE,NONE,NONE,10,4,10,5,11,2,0.786,4
f0:186.404116667,203.646838333,225.706185,248.761843333,255.437206667,247.675453333,229.916061667,212.403365,198.062845,190.36251
feature:shi5,2,2,2,5,4,2,0,3,1,3,11,3,1,1,5,0,0,0,0,0,0,0,1,1,1,NONE,NONE,NONE,11,3,11,4,12,1,0.857,5
f0:186.898155556,189.756154,194.729795556,199.423475556,203.08759,191.334531111,170.971505556,160.843167778,166.239108,238.700367778
feature:xie2,2,2,2,2,5,1,0,3,1,2,12,3,1,0,6,0,0,1,123,0,0,123,1,1,1,NONE,NONE,Accented,12,2,12,3,1,3,0.2,2
f0:217.185006667,217.18501,217.18501,217.18501,217.180147778,206.931301111,195.393738889,199.4222575,209.928811111,229.18949
feature:zhi1,2,2,2,1,2,4,0,3,0,1,13,3,0,3,7,1,0,0,126,123,123,126,1,1,3,Accented,NONE,NONE,13,1,13,2,2,2,0.4,1
f0:233.39725,241.444104,259.004498333,276.963994,295.429052,312.383522,319.491632,323.563145,324.19007,319.199584
feature:cuo4,2,2,2,4,1,4,0,4,0,0,14,4,0,2,0,0,1,0,0,126,126,0,3,1,1,NONE,Accented,NONE,14,0,14,1,3,1,0.6,4
f0:316.121462,329.46528,344.485984,354.822262,340.713238182,291.278451,211.999128,150.491778,113.011898182,96.301724
feature:rang4,2,2,2,4,4,2,0,0,1,5,0,0,1,1,1,0,0,0,0,0,0,0,1,3,1,NONE,NONE,NONE,0,5,0,6,1,4,0.167,4
f0:221.27801,220.96127,217.84637,209.7484375,201.905935,197.1157275,192.159685,186.943056667,181.7586425,173.9988975
feature:ren2,2,2,2,2,4,1,0,0,1,4,1,0,1,0,2,0,0,1,119.444,0,0,119.444,1,1,1,NONE,NONE,Accented,1,4,1,5,2,3,0.333,2
f0:162.20435,154.660694286,146.717501429,144.431964286,150.869595714,167.60882,169.103168571,165.262485714,171.22263,186.873848571
feature:ku1,2,2,2,1,2,4,0,0,0,3,2,0,0,3,3,1,0,0,122.444,119.444,119.444,122.444,1,1,1,Accented,NONE,NONE,2,3,2,4,3,2,0.5,1
f0:177.330192857,134.501968333,118.19762,171.611522857,256.585628571,313.09482,318.298138571,317.54042,318.359795,317.876171429
feature:xiao4,2,2,2,4,1,4,0,1,0,2,3,1,0,2,0,0,1,0,0,122.444,122.444,0,1,1,1,NONE,Accented,NONE,3,2,3,3,4,1,0.667,4
f0:305.716672857,303.38771,304.37677,305.406048571,306.059722857,290.581642857,249.933464286,208.974613333,174.17172,140.528067143
feature:bu4,2,2,2,4,4,2,0,1,0,1,4,1,0,1,1,0,0,0,0,0,0,0,1,1,4,NONE,NONE,NONE,4,1,4,2,1,2,0.25,4
f0:169.602395,173.69,173.69,173.69,173.69,173.69,173.6882725,171.9577975,163.2891525,156.2941625
feature:de2,2,2,0,2,4,0,0,1,0,0,5,1,0,0,2,0,0,0,110,0,0,0,4,1,0,NONE,NONE,0,5,0,5,1,2,1,0.5,2
f0:150.2832175,141.97418875,130.012517778,125.87757375,124.42092625,117.400545,124.02167,151.331714444,202.54733,226.5691575
