feature:hai2,2,0,2,2,0,3,0,0,2,13,0,0,2,6,0,0,0,0,0,0,0,0,1,0,1,NONE,0,NONE,0,13,0,14,1,9,0.091,2
f0:251.765007143,251.76501,251.76501,248.18599125,216.624511429,203.687172857,205.20910125,212.277054286,223.35484375,229.190887143
feature:bai3,2,2,2,3,2,4,0,0,2,12,1,0,2,5,1,0,0,0,0,0,0,0,1,1,1,NONE,NONE,NONE,1,12,1,13,2,8,0.182,3
f0:228.32873,230.77342,233.19971,229.519511667,203.908908333,181.56218,167.408003333,158.477582,160.303903333,172.112303333
feature:fang4,2,2,2,4,3,5,0,0,2,11,2,0,2,4,2,0,0,0,0,0,0,0,1,1,1,NONE,NONE,NONE,2,11,2,12,3,7,0.273,4
f0:187.956868333,222.75325,264.609535,290.026975,288.93335,282.692716667,267.805206667,245.95457,227.038885,216.905835
feature:zhe5,2,2,2,5,4,4,0,0,2,10,3,0,2,3,3,0,0,0,0,0,0,0,1,1,1,NONE,NONE,NONE,3,10,3,11,4,6,0.364,5
f0:213.8602,211.2947325,210.008243333,207.67025,203.404146667,201.36066,199.8981225,199.888243333,203.81958,214.196746667
feature:yi4,2,2,2,4,5,2,0,0,2,9,4,0,2,2,4,0,0,0,0,0,0,0,1,1,1,NONE,NONE,NONE,4,9,4,10,5,5,0.455,4
f0:226.795704,229.79901,230.93066,240.652004,255.407494,262.260864,259.5682,247.328034,221.386284,192.981254
feature:pen2,2,2,2,2,4,2,0,0,2,8,5,0,2,1,5,0,0,0,0,0,0,0,1,1,1,NONE,NONE,NONE,5,8,5,9,6,4,0.545,2
f0:186.512675,186.408522,186.524075,186.590554,179.919556667,164.978271667,170.826234,195.922718333,217.797188,223.106408333
feature:pen2,2,2,2,2,2,1,0,0,2,7,6,0,2,0,6,0,0,1,125.323,0,0,125.323,1,1,1,NONE,NONE,Accented,6,7,6,8,7,3,0.636,2
f0:213.14879625,216.533146667,221.72549125,215.966032222,184.611595,170.524845,170.304213333,176.872245,191.338315556,204.7057925
feature:qing1,2,2,2,1,2,4,0,0,1,6,7,0,1,2,7,1,0,0,128.323,125.323,125.323,128.323,1,1,1,Accented,NONE,NONE,7,6,7,7,8,2,0.727,1
f0:217.23854875,241.44025375,265.38263,289.3249925,314.87886375,327.5428925,323.39941375,321.899635714,325.97130125,321.18202625
feature:cui4,2,2,2,4,1,4,0,1,1,5,8,1,1,1,0,0,1,0,0,128.323,128.323,0,1,1,1,NONE,Accented,NONE,8,5,8,6,9,1,0.818,4
f0:317.199288571,320.254468571,324.173175,327.364025714,324.116587143,294.039634286,262.056252857,225.195225,185.206417143,167.322825714
feature:yu4,2,2,2,4,4,1,0,1,1,4,9,1,1,0,1,0,0,1,121.452,0,0,121.452,1,1,1,NONE,NONE,Accented,9,4,9,5,1,5,0.143,4
f0:261.8903375,268.507184,284.7632025,289.016484,285.573525,276.1944075,258.482542,239.077655,224.169786,207.95477
feature:di1,2,2,2,1,4,5,0,1,0,3,10,1,0,3,2,1,0,0,124.452,121.452,121.452,124.452,1,1,1,Accented,NONE,NONE,10,3,10,4,2,4,0.286,1
f0:196.43443,208.938523333,242.609418,273.627888333,284.576464,292.81153,301.550933333,304.745756,299.447403333,282.047442
feature:de5,2,2,2,5,1,2,0,2,0,2,11,2,0,2,0,0,1,0,0,124.452,124.452,0,1,1,1,NONE,Accented,NONE,11,2,11,3,3,3,0.429,5
f0:271.99935,267.40089,259.36087,248.15776,224.7448575,203.24772,195.219253333,187.12789,178.55609,173.09286
feature:zhu2,2,2,2,2,5,5,0,2,0,1,12,2,0,1,1,0,0,0,0,0,0,0,1,1,4,NONE,NONE,NONE,12,1,12,2,4,2,0.571,2
f0:169.781247143,167.494355,162.89671,157.54588375,148.132114286,138.36999,139.807335,148.147497143,168.6217225,192.074275714
feature:zi5,2,2,0,5,2,0,0,2,0,0,13,2,0,0,2,0,0,0,110,0,0,0,4,1,0,NONE,NONE,0,13,0,13,1,5,1,0.714,5
f0:199.002838333,223.410951429,250.557685,252.143345,214.880635714,163.991763333,127.281025,97.8019233333,75.6795042857,61.2218383333
