feature:bao4,2,0,2,4,0,1,0,0,4,12,0,0,4,0,0,0,0,1,132.931,130,0,132.931,1,0,1,NONE,0,Accented,0,12,0,13,1,6,0.125,4
f0:375.028026,374.841324,370.671182,363.910572,352.928162,332.434252,306.05025,282.763252,269.35039,266.251568
feature:du1,2,2,2,1,4,2,0,0,3,11,1,0,3,4,1,1,0,0,135.931,132.931,132.931,135.931,1,1,1,Accented,NONE,NONE,1,11,1,12,2,5,0.25,1
f0:271.297748333,297.97117,324.894931667,330.41239,330.11289,331.465345,337.897048333,341.486151667,336.827725,314.48399
feature:quan2,2,2,2,2,1,2,0,1,3,10,2,1,3,3,0,0,1,0,0,135.931,135.931,0,1,1,1,NONE,Accented,NONE,2,10,2,11,3,4,0.375,2
f0:293.618012,269.343821111,245.069624,205.542914,151.972621,140.108837778,146.506826,151.99085,168.515261111,193.042458
feature:ping2,2,2,2,2,2,4,0,1,3,9,3,1,3,2,1,0,0,0,0,0,0,0,1,1,1,NONE,NONE,NONE,3,9,3,10,4,3,0.5,2
f0:200.085523333,200.241695,200.469314444,200.692914,199.313385556,186.629893333,179.887618,185.513698889,214.268663,264.09589
feature:di4,2,2,2,4,2,3,0,1,3,8,4,1,3,1,2,0,0,0,0,0,0,0,1,1,1,NONE,NONE,NONE,4,8,4,9,5,2,0.625,4
f0:282.99085,296.789105,312.423924,325.450268,328.592082,323.894035,312.875472,295.334486,275.1338275,253.634644
feature:yong3,2,2,2,3,4,1,0,1,3,7,5,1,3,0,3,0,0,1,121.034,0,0,131.034,1,1,1,NONE,NONE,Accented,5,7,5,8,6,1,0.75,3
f0:224.808947778,198.935525,183.13876,177.411695,175.559444444,168.392864444,144.50172375,132.272753333,121.993015,110.864145556
feature:chu1,2,2,2,1,3,1,0,1,2,6,6,1,2,0,4,1,0,1,129.3445,131.034,121.034,129.3445,1,1,1,Accented,NONE,Accented,6,6,6,7,1,7,0.111,1
f0:255.744814286,273.48199,273.48199,273.35123,263.489532857,251.183775714,249.14570875,250.01828,254.2101975,259.75422
feature:san1,2,2,2,1,1,3,0,2,1,5,7,2,1,1,0,1,1,0,127.655,129.3445,129.3445,127.655,1,1,1,Accented,Accented,NONE,7,5,7,6,2,6,0.222,1
f0:265.622545,277.63826375,291.20263625,304.76699875,319.31944,330.27636375,332.217885,333.28898625,335.56964625,333.80500375
feature:chi3,2,2,2,3,1,1,0,3,1,4,8,3,1,0,0,0,1,1,121.897,127.655,127.655,121.897,1,1,1,NONE,Accented,Accented,8,4,8,5,3,5,0.333,3
f0:322.506732,306.056558333,287.112218,268.14766,249.183114,232.365366,213.81401,184.423714,150.090996667,138.701902
feature:tao1,2,2,2,1,3,5,0,3,0,3,9,3,0,3,1,1,0,0,124.897,121.897,121.897,124.897,1,1,1,Accented,NONE,NONE,9,3,9,4,4,4,0.444,1
f0:152.447304286,179.93889,205.443136667,230.94738,258.50811,274.942005714,278.611075714,283.254643333,288.018361429,281.823782857
feature:de5,2,2,2,5,1,4,0,4,0,2,10,4,0,2,0,0,1,0,0,124.897,124.897,0,1,1,1,NONE,Accented,NONE,10,2,10,3,5,3,0.556,5
f0:274.681085,273.140766667,269.4617325,252.645563333,228.111075,210.832645,195.878056667,184.575315,178.192313333,176.66125
feature:sheng4,2,2,2,4,5,3,0,4,0,1,11,4,0,1,1,0,0,0,0,0,0,0,1,1,4,NONE,NONE,NONE,11,1,11,2,6,2,0.667,4
f0:182.29135625,206.67474625,238.21607375,269.793945,301.3537475,322.57438,312.44207625,269.3277925,207.94700125,170.57722625
feature:jing3,2,2,0,3,4,0,0,4,0,0,12,4,0,0,2,0,0,0,110,0,0,0,4,1,0,NONE,NONE,0,12,0,12,1,7,1,0.778,3
f0:169.939746,170.858798333,168.48406,165.692536,161.718416667,154.019254,111.806304,64.929126,67.6346016667,71.051434
