feature:dou1,2,0,2,1,0,4,0,0,0,5,0,0,0,8,0,1,0,0,137.375,134.375,0,137.375,1,0,1,Accented,0,NONE,0,5,0,6,1,6,0.125,1
f0:374.8609975,374.817685,374.24858,373.472275,373.188808,374.1022475,377.018935,379.3743975,380.02707,377.180215
feature:rang4,2,2,2,4,1,3,0,0,0,4,1,0,0,7,0,0,1,0,0,137.375,137.375,0,1,1,1,NONE,Accented,NONE,1,4,1,5,2,5,0.25,4
f0:370.679725,371.056652,374.9969425,373.817158,365.8114725,358.909935,348.698102,331.5554025,306.665722,282.19603
feature:wo3,2,2,2,3,4,4,0,0,0,3,2,0,0,6,1,0,0,0,0,0,0,0,1,1,1,NONE,NONE,NONE,2,3,2,4,3,4,0.375,3
f0:253.97254875,228.719585714,214.3366125,198.309887143,187.98225625,177.998595,170.992811429,163.07444875,161.08982,167.28043125
feature:meng4,2,2,2,4,3,4,0,0,0,2,3,0,0,5,2,0,0,0,0,0,0,0,1,1,1,NONE,NONE,NONE,3,2,3,3,4,3,0.5,4
f0:199.385817143,244.083531667,282.584222857,314.738237143,340.488874286,338.583348333,314.80876,269.693595714,237.727585,218.548794286
feature:huan4,2,2,2,4,4,5,0,0,0,1,4,0,0,4,3,0,0,0,0,0,0,0,1,1,3,NONE,NONE,NONE,4,1,4,2,5,2,0.625,4
f0:222.537555,242.76488,264.4892425,282.19412875,272.9001025,243.635892857,220.0844425,199.47942875,190.61313,189.88772375
feature:guo5,2,2,2,5,4,2,0,0,0,0,5,0,0,3,4,0,0,0,0,0,0,0,3,1,1,NONE,NONE,NONE,5,0,5,1,6,1,0.75,5
f0:197.644265,206.023535,212.3103425,209.46642375,196.288334444,182.502325,173.21931875,170.79709,167.0016675,165.33100625
feature:qiu2,2,2,2,2,5,3,0,0,0,2,0,0,0,2,5,0,0,0,0,0,0,0,1,3,1,NONE,NONE,NONE,0,2,0,3,1,3,0.2,2
f0:233.177,233.177,233.177,233.177,223.25521625,197.475247143,197.2804625,229.683055714,282.76252875,320.61607
feature:suo3,2,2,2,3,2,4,0,0,0,1,1,0,0,1,6,0,0,0,0,0,0,0,1,1,3,NONE,NONE,NONE,1,1,1,2,2,2,0.4,3
f0:323.1333625,305.41565,285.1296575,266.137127143,247.09488625,203.366667143,151.7680875,123.266598571,126.3750975,133.324062857
feature:guo4,2,2,2,4,3,1,0,0,0,0,2,0,0,0,7,0,0,1,118.125,0,0,128.125,3,1,1,NONE,NONE,Accented,2,0,2,1,3,1,0.6,4
f0:158.56578,220.283693333,248.50781125,243.69031,216.983114444,189.95876375,168.8275125,121.96083375,81.6884,95.263475
feature:jiao1,2,2,1,1,4,4,0,0,0,2,0,0,0,5,8,1,0,0,126.125,128.125,118.125,126.125,1,3,1,Accented,NONE,NONE,0,2,0,3,1,3,0.2,1
f0:323.31699,323.31699,323.31699,323.31699,325.522981667,335.376298,338.105543333,340.910598333,341.040196,340.65415
feature:ao4,1,2,2,4,1,4,0,0,0,1,1,0,0,4,0,0,1,0,0,126.125,126.125,0,1,1,3,NONE,Accented,NONE,1,1,1,2,2,2,0.4,4
f0:342.031507143,342.375355,344.542924286,343.472498333,324.406137143,290.025364286,250.426011667,201.585647143,168.755415,162.740581429
feature:guo4,2,1,2,4,4,2,0,0,0,0,2,0,0,3,1,0,0,0,0,0,0,0,3,1,1,NONE,NONE,NONE,2,0,2,1,3,1,0.6,4
f0:177.598945,201.77387,215.9060875,208.05265375,192.742321111,171.93299,151.85644375,141.3667225,130.7561675,116.171115
feature:can2,2,2,2,2,4,4,0,0,0,2,0,0,0,2,2,0,0,0,0,0,0,0,1,3,1,NONE,NONE,NONE,0,2,0,3,1,3,0.2,2
f0:201.04601,201.04601,201.04601,201.04601,198.6157325,181.217495714,159.49248625,151.6542325,170.570144286,197.809185
feature:kui4,2,2,2,4,2,4,0,0,0,1,1,0,0,1,3,0,0,0,0,0,0,0,1,1,4,NONE,NONE,NONE,1,1,1,2,2,2,0.4,4
f0:214.462477143,240.51742,277.493298571,318.472185714,346.36077,338.190886667,296.992658571,245.384134286,188.365861667,164.214142857
feature:guo4,2,2,0,4,4,0,0,0,0,0,2,0,0,0,4,0,0,0,110,0,0,0,4,1,0,NONE,NONE,0,2,0,2,1,3,1,0.6,4
f0:171.439975714,183.607204286,191.04012,178.488891429,165.13701375,145.904611429,129.563898571,129.738352857,127.562702857,122.62396
