feature:sheng3,2,0,2,3,0,1,0,0,3,7,0,0,3,0,0,0,0,1,133.46201,130,0,133.46201,1,0,1,NONE,0,Accented,0,7,0,8,1,8,0.1,3
f0:248.977015714,248.97702,248.97702,248.97702,237.67467,211.972358333,202.528615714,195.331965714,196.621051667,204.388311429
feature:zong1,2,2,2,1,3,3,0,0,2,6,1,0,2,1,1,1,0,0,136.46201,133.46201,133.46201,136.46201,1,1,1,Accented,NONE,NONE,1,6,1,7,2,7,0.2,1
f0:217.182,252.728005,293.904772,321.347785,329.279026,333.438628,335.767438333,334.769246,323.845671667,305.234534
feature:wei3,2,2,2,3,1,1,0,1,2,5,2,1,2,0,0,0,1,1,131.41,136.46201,136.46201,131.41,1,1,1,NONE,Accented,Accented,2,5,2,6,3,6,0.3,3
f0:292.92692,281.9114475,249.69593,211.8972975,190.649746,168.67112,155.587585,151.68169,151.6410875,159.84935
feature:yao1,2,2,2,1,3,2,0,1,1,4,3,1,1,3,1,1,0,0,134.41,131.41,131.41,134.41,1,1,1,Accented,NONE,NONE,3,4,3,5,4,5,0.4,1
f0:166.248695,176.354534,196.601903333,236.000006667,252.681603333,252.799874,252.541521667,253.732895,259.448896,255.111161667
feature:qiu2,2,2,2,2,1,4,0,2,1,3,4,2,1,2,0,0,1,0,0,134.41,134.41,0,1,1,1,NONE,Accented,NONE,4,3,4,4,5,4,0.5,2
f0:239.12875,231.632665556,224.4464725,216.94232875,185.838028889,160.246035,158.79887875,163.388045,172.561706667,187.81798
feature:ge4,2,2,2,4,2,4,0,2,1,2,5,2,1,1,1,0,0,0,0,0,0,0,1,1,1,NONE,NONE,NONE,5,2,5,3,6,3,0.6,4
f0:194.745141667,203.223658,224.833341667,248.035624,270.544961667,282.214306,276.448658333,247.793788,216.368565,201.46975
feature:shi4,2,2,2,4,4,1,0,2,1,1,6,2,1,0,2,0,0,1,127.308,0,0,127.308,1,1,3,NONE,NONE,Accented,6,1,6,2,7,2,0.7,4
f0:196.459054286,197.503193333,202.411425714,208.035701429,213.648818571,217.162133333,208.578787143,178.967231429,162.416993333,173.83648
feature:zhou1,2,2,2,1,4,2,0,2,0,0,7,2,0,1,3,1,0,0,130.308,127.308,127.308,0,3,1,1,Accented,NONE,NONE,7,0,7,1,8,1,0.8,1
f0:200.790402857,230.034181429,246.50653,245.621851429,241.12727,237.007608571,237.853505714,242.767662857,245.336554286,242.98249
feature:pai2,2,2,2,2,1,1,0,0,2,9,0,0,2,0,0,0,1,1,125.256,0,130.308,125.256,1,3,1,NONE,Accented,Accented,0,9,0,10,1,10,0.083,2
f0:239.948,239.948,239.948,239.948,234.166683333,211.11452,194.785816667,190.788816,194.519675,197.66088
feature:chu1,2,2,2,1,2,4,0,0,1,8,1,0,1,7,1,1,0,0,128.256,125.256,125.256,128.256,1,1,1,Accented,NONE,NONE,1,8,1,9,2,9,0.167,1
f0:192.111427143,196.38430125,210.755788571,225.57861125,238.650874286,240.590464286,237.2626375,235.88418,238.75865375,241.343881429
feature:zhong4,2,2,2,4,1,3,0,1,1,7,2,1,1,6,0,0,1,0,0,128.256,128.256,0,1,1,1,NONE,Accented,NONE,2,7,2,8,3,8,0.25,4
f0:248.609103333,274.077093333,305.616441429,337.842363333,352.140615,344.962041667,319.746011667,282.632428571,246.702605,216.377061667
feature:dian3,2,2,2,3,4,3,0,1,1,6,3,1,1,5,1,0,0,0,0,0,0,0,1,1,1,NONE,NONE,NONE,3,6,3,7,4,7,0.333,3
f0:200.758458333,198.01132,189.59931,173.607198333,163.372312857,164.508336667,171.411611667,180.717931667,199.423551667,210.784516667
feature:zheng3,2,2,2,3,3,4,0,1,1,5,4,1,1,4,2,0,0,0,0,0,0,0,1,1,1,NONE,NONE,NONE,4,5,4,6,5,6,0.417,3
f0:218.738681667,231.676764,239.235195,216.661936,183.140271667,152.070935,125.739466,111.733611667,110.367548,131.937306667
feature:zhi4,2,2,2,4,3,5,0,1,1,4,5,1,1,3,3,0,0,0,0,0,0,0,1,1,1,NONE,NONE,NONE,5,4,5,5,6,5,0.5,4
f0:154.89953,163.165976,174.714708,186.659178,198.31333,201.461284,194.421072,178.589682,162.595998,146.144246
feature:de5,2,2,2,5,4,4,0,1,1,3,6,1,1,2,4,0,0,0,0,0,0,0,1,1,1,NONE,NONE,NONE,6,3,6,4,7,4,0.583,5
f0:141.202842,148.857956,150.419504,144.350164,141.52923,139.370038,134.715168,133.350468,136.995348,145.840538
feature:xian4,2,2,2,4,5,4,0,1,1,2,7,1,1,1,5,0,0,0,0,0,0,0,1,1,1,NONE,NONE,NONE,7,2,7,3,8,3,0.667,4
f0:171.548286667,193.45207,214.866431667,236.426067143,257.985698333,277.451938333,289.221554286,281.685213333,243.922167143,201.05812
feature:shi4,2,2,2,4,4,1,0,1,1,1,8,1,1,0,6,0,0,1,117.051,0,0,117.051,1,1,4,NONE,NONE,Accented,8,1,8,2,9,2,0.75,4
f0:164.581124286,156.184375714,169.00035,174.918655714,180.2335,185.485075714,188.068458571,182.23836,166.556738571,164.16219
feature:qu1,2,2,0,1,4,0,0,1,0,0,9,1,0,0,7,1,0,0,120.051,117.051,117.051,0,4,1,0,Accented,NONE,0,9,0,9,1,10,1,0.833,1
f0:173.731943333,189.096515,204.575748889,221.067818889,230.519425556,227.35894125,225.551168889,229.058124444,232.70801,222.34748
