feature:gun3,2,0,2,3,0,1,0,0,1,8,0,0,1,0,0,0,0,1,133.72301,130,0,133.72301,1,0,1,NONE,0,Accented,0,8,0,9,1,9,0.091,3
f0:262.11957,251.076621667,236.189421667,222.36867,207.606533333,197.803265,192.760628333,192.984818333,197.286876667,202.048303333
feature:kai1,2,2,2,1,3,2,0,0,0,7,1,0,0,20,1,1,0,0,136.72301,133.72301,133.72301,136.72301,1,1,1,Accented,NONE,NONE,1,7,1,8,2,8,0.182,1
f0:212.386946667,237.502011667,264.10535,290.708675,316.125146667,337.243445,348.920286667,353.187545,354.031076667,339.890743333
feature:zao2,2,2,2,2,1,5,0,1,0,6,2,1,0,19,0,0,1,0,0,136.72301,136.72301,0,1,1,1,NONE,Accented,NONE,2,6,2,7,3,7,0.273,2
f0:311.178242,298.364916667,287.90648,277.184486,242.365515,215.32189,207.190976,207.431356,214.890588333,223.793134
feature:de5,2,2,2,5,2,4,0,1,0,5,3,1,0,18,1,0,0,0,0,0,0,0,1,1,1,NONE,NONE,NONE,3,5,3,6,4,6,0.364,5
f0:238.965844,266.005808333,268.774182,261.188372,252.916365,243.359244,236.053948,233.242472,233.691006667,231.25742
feature:zhe4,2,2,2,4,5,2,0,1,0,4,4,1,0,17,2,0,0,0,0,0,0,0,1,1,1,NONE,NONE,NONE,4,4,4,5,5,5,0.455,4
f0:221.8610925,222.6775525,234.7974,251.78896,272.929398,297.7459125,304.1014725,302.18609,292.795585,273.8178425
feature:tiao2,2,2,2,2,4,3,0,1,0,3,5,1,0,16,3,0,0,0,0,0,0,0,1,1,1,NONE,NONE,NONE,5,3,5,4,6,4,0.545,2
f0:249.507034,237.195335,226.242556,216.743398333,213.853154,213.20881,212.201836667,212.894618,229.185673333,241.813538
feature:xiao3,2,2,2,3,2,2,0,1,0,2,6,1,0,15,4,0,0,0,0,0,0,0,1,1,1,NONE,NONE,NONE,6,2,6,3,7,3,0.636,3
f0:239.725432857,235.476745,231.456471429,227.436173333,223.208528571,202.953154286,163.782175,144.821985714,137.839926667,145.795828571
feature:he2,2,2,2,2,3,4,0,1,0,1,7,1,0,14,5,0,0,0,0,0,0,0,1,1,3,NONE,NONE,NONE,7,1,7,2,8,2,0.727,2
f0:160.71936,163.82359,165.906341667,167.989101667,170.071865,172.02932,176.61123,182.498725,188.237683333,200.510868333
feature:dao4,2,2,2,4,2,2,0,1,0,0,8,1,0,13,6,0,0,0,0,0,0,0,3,1,1,NONE,NONE,NONE,8,0,8,1,9,1,0.818,4
f0:217.51638125,258.957097143,264.18784625,241.12886,208.67683,178.592961429,164.04358375,151.0572075,114.887931429,94.21016375
feature:mei2,2,2,2,2,4,2,0,0,0,12,0,0,0,12,7,0,0,0,0,0,0,0,1,3,1,NONE,NONE,NONE,0,12,0,13,1,13,0.067,2
f0:222.5044225,224.79559,227.8795075,230.051505,236.595865,245.8910575,263.75262,281.35212,294.7488425,304.27368
feature:you2,2,2,2,2,2,3,0,0,0,11,1,0,0,11,8,0,0,0,0,0,0,0,1,1,1,NONE,NONE,NONE,1,11,1,12,2,12,0.133,2
f0:308.99712,308.14653,297.106624286,276.636006667,247.239138333,225.332776667,221.717965,234.269482857,250.60998,252.586406667
feature:kun3,2,2,2,3,2,4,0,0,0,10,2,0,0,10,9,0,0,0,0,0,0,0,1,1,1,NONE,NONE,NONE,2,10,2,11,3,11,0.2,3
f0:252.707451429,252.996341429,253.32154125,253.635444286,252.490858571,223.561685714,174.302262857,144.46612875,140.721787143,156.827971429
feature:fu4,2,2,2,4,3,4,0,0,0,9,3,0,0,9,10,0,0,0,0,0,0,0,1,1,1,NONE,NONE,NONE,3,9,3,10,4,10,0.267,4
f0:178.062485,194.156708,214.548315,234.903734,248.855043333,249.932664,239.633648333,224.023624,209.38103,195.16642
feature:zhu4,2,2,2,4,4,2,0,0,0,8,4,0,0,8,11,0,0,0,0,0,0,0,1,1,1,NONE,NONE,NONE,4,8,4,9,5,9,0.333,4
f0:203.249371429,228.387358571,231.69402,220.618347143,206.548722857,195.52058,186.06984,180.262668571,181.363622857,188.42579
feature:kuang2,2,2,2,2,4,4,0,0,0,7,5,0,0,7,12,0,0,0,0,0,0,0,1,1,1,NONE,NONE,NONE,5,7,5,8,6,8,0.4,2
f0:193.267703333,199.32792,205.474751111,210.701193333,200.962706667,181.853525,174.556158889,184.370517778,224.120122222,263.161738889
feature:bao4,2,2,2,4,2,4,0,0,0,6,6,0,0,6,13,0,0,0,0,0,0,0,1,1,1,NONE,NONE,NONE,6,6,6,7,7,7,0.467,4
f0:285.95259,313.44807,323.317001667,320.996832,307.124761667,288.451874,265.109701667,244.636488,236.238613333,234.501902
feature:si4,2,2,2,4,4,4,0,0,0,5,7,0,0,5,14,0,0,0,0,0,0,0,1,1,1,NONE,NONE,NONE,7,5,7,6,8,6,0.533,4
f0:238.82874,261.475948571,289.40741,317.338867143,345.27032,371.655025714,380.063738571,370.539742857,334.389191429,287.279915714
feature:nue4,2,2,2,4,4,5,0,0,0,4,8,0,0,4,15,0,0,0,0,0,0,0,1,1,1,NONE,NONE,NONE,8,4,8,5,9,5,0.6,4
f0:250.293915,233.451256,224.851096667,222.967452,222.244623333,218.927725,209.16012,194.818218333,178.061224,160.939823333
feature:de5,2,2,2,5,4,2,0,0,0,3,9,0,0,3,16,0,0,0,0,0,0,0,1,1,1,NONE,NONE,NONE,9,3,9,4,10,4,0.667,5
f0:160.30487,163.827163333,164.090425,156.906236667,146.86184,143.952393333,140.532015,136.151213333,135.5170975,136.69109
feature:huang2,2,2,2,2,5,2,0,0,0,2,10,0,0,2,17,0,0,0,0,0,0,0,1,1,1,NONE,NONE,NONE,10,2,10,3,11,3,0.733,2
f0:151.893285714,180.163047143,199.709713333,202.765307143,190.928514286,173.916375714,170.818758571,172.457366667,182.865637143,219.405538571
feature:he2,2,2,2,2,2,3,0,0,0,1,11,0,0,1,18,0,0,0,0,0,0,0,1,1,4,NONE,NONE,NONE,11,1,11,2,12,2,0.8,2
f0:251.718655,256.945955,246.651141667,230.85534,215.015536667,200.759724,186.942921667,173.420996667,168.354745,179.33474
feature:shui3,2,2,0,3,2,0,0,0,0,0,12,0,0,0,19,0,0,0,110,0,0,0,4,1,0,NONE,NONE,0,12,0,12,1,13,1,0.867,3
f0:187.63166,190.462706667,194.6724475,195.87069125,167.09872,128.3225575,109.80327875,96.32856,88.3517377778,88.2772
