feature:gan2,2,0,2,2,0,2,0,0,5,12,0,0,5,2,0,0,0,0,0,130,0,0,1,0,1,NONE,0,NONE,0,12,0,13,1,13,0.067,2
f0:234.16701,234.16701,234.16701,233.604242,228.984202,225.6861425,230.1113,249.695754,272.385375,290.063556
feature:ran2,2,2,2,2,2,3,0,0,5,11,1,0,5,1,1,0,0,0,0,0,0,0,1,1,1,NONE,NONE,NONE,1,11,1,12,2,12,0.133,2
f0:309.815985,326.410284,330.919983333,322.972796,315.727815,313.859804,315.261638333,322.035024,325.97016,315.326698
feature:zhe3,2,2,2,3,2,1,0,0,5,10,2,0,5,0,2,0,0,1,132.14301,0,0,132.14301,1,1,1,NONE,NONE,Accented,2,10,2,11,3,11,0.2,3
f0:298.8225,285.5063,257.775914286,210.398392857,168.1239075,150.652677143,143.429024286,140.684451429,142.87975,150.130418571
feature:jun1,2,2,2,1,3,4,0,0,4,9,3,0,4,1,3,1,0,0,135.14301,132.14301,132.14301,135.14301,1,1,1,Accented,NONE,NONE,3,9,3,10,4,10,0.267,1
f0:182.63447,216.123694286,241.922101667,265.546845,289.047424286,298.665203333,301.034268333,301.79689,308.267341429,310.604316667
feature:shi4,2,2,2,4,1,1,0,1,4,8,4,1,4,0,0,0,1,1,130.50999,135.14301,135.14301,130.50999,1,1,1,NONE,Accented,Accented,4,8,4,9,5,9,0.333,4
f0:301.024462857,288.743911667,276.410491429,265.52177,251.346828571,216.109361429,187.928728333,180.976624286,179.627325,188.770418571
feature:tu1,2,2,2,1,4,2,0,1,3,7,5,1,3,1,1,1,0,0,133.50999,130.50999,130.50999,133.50999,1,1,1,Accented,NONE,NONE,5,7,5,8,6,8,0.4,1
f0:204.535363333,219.904158333,239.541573333,259.233008333,280.893581429,307.603028333,336.612381667,343.758026667,340.735515,324.608148333
feature:ran2,2,2,2,2,1,1,0,2,3,6,6,2,3,0,0,0,1,1,128.87801,133.50999,133.50999,128.87801,1,1,1,NONE,Accented,Accented,6,6,6,7,7,7,0.467,2
f0:285.502121667,256.677512,232.611465,203.736426,172.145535,154.156166,147.941151667,148.981092,158.84814,177.86062
feature:chu1,2,2,2,1,2,4,0,2,2,5,7,2,2,1,1,1,0,0,131.87801,128.87801,128.87801,131.87801,1,1,1,Accented,NONE,NONE,7,5,7,6,8,6,0.533,1
f0:200.736278333,209.754668,218.701583333,228.683954,238.481476667,243.972303333,240.132058,234.989818333,234.657,230.087075
feature:xian4,2,2,2,4,1,1,0,3,2,4,8,3,2,0,0,0,1,1,127.245,131.87801,131.87801,127.245,1,1,1,NONE,Accented,Accented,8,4,8,5,9,5,0.6,4
f0:221.326652222,236.037346667,246.92623375,219.906733333,179.356908889,149.761888889,133.093898889,121.77263875,75.1973911111,80.6603088889
feature:gao1,2,2,2,1,4,1,0,3,1,3,9,3,1,0,1,1,0,1,130.83701,127.245,127.245,130.83701,1,1,1,Accented,NONE,Accented,9,3,9,4,10,4,0.667,1
f0:112.148271429,158.9794,211.360797143,259.681881667,276.72284,279.543131667,278.367345714,278.719101667,278.10876,269.566658333
feature:shao1,2,2,2,1,1,2,0,4,0,2,10,4,0,2,0,1,1,0,129.429,130.83701,130.83701,129.429,1,1,1,Accented,Accented,NONE,10,2,10,3,11,3,0.733,1
f0:140.99973125,84.449695,169.05580125,257.83497125,281.33230125,276.36038,273.76902,274.48100625,278.7100825,279.15358375
feature:tou2,2,2,2,2,1,4,0,5,0,1,11,5,0,1,0,0,1,0,0,129.429,129.429,0,1,1,3,NONE,Accented,NONE,11,1,11,2,12,2,0.8,2
f0:262.9832625,243.937331429,224.90374875,205.870164286,186.83658625,163.95568875,143.628945714,146.68115625,154.389252857,179.38041
feature:tong4,2,2,2,4,2,1,0,5,0,0,12,5,0,0,1,0,0,1,118.98,0,0,128.98,3,1,1,NONE,NONE,Accented,12,0,12,1,13,1,0.867,4
f0:208.73829,234.625723,262.128257778,284.527781,276.181945556,221.179354444,155.903177,126.696385556,110.394176,213.43505
feature:yan1,2,2,2,1,4,2,0,0,0,2,0,0,0,2,2,1,0,0,126.98,128.98,118.98,126.98,1,3,1,Accented,NONE,NONE,0,2,0,3,1,3,0.2,1
f0:255.098994,266.1853325,278.51435,290.9612375,300.642322,307.617156,311.3676675,312.25507,313.3456475,315.721496
feature:hou2,2,2,2,2,1,2,0,0,0,1,1,0,0,1,0,0,1,0,0,126.98,126.98,0,1,1,3,NONE,Accented,NONE,1,1,1,2,2,2,0.4,2
f0:318.294298571,305.663828333,265.444505714,230.35963,210.15796,190.038503333,163.49686,157.387635,170.546107143,188.605288333
feature:teng2,2,2,2,2,2,1,0,0,0,0,2,0,0,0,1,0,0,1,116.531,0,0,126.531,3,1,1,NONE,NONE,Accented,2,0,2,1,3,1,0.6,2
f0:187.918475556,178.754961111,169.44198125,156.930758889,132.271995556,128.01153,131.76969,138.670645,142.44381,150.097732222
feature:xu1,2,2,2,1,2,4,0,0,1,6,0,0,1,2,2,1,0,0,124.531,126.531,116.531,124.531,1,3,1,Accented,NONE,NONE,0,6,0,7,1,7,0.111,1
f0:303.05899,303.05899,303.05899,303.05899,303.05899,302.485656667,301.691037143,304.264703333,308.814157143,310.06163
feature:ruo4,2,2,2,4,1,2,0,0,1,5,1,0,1,1,0,0,1,0,0,124.531,124.531,0,1,1,1,NONE,Accented,NONE,1,5,1,6,2,6,0.222,4
f0:307.76230375,311.5498825,304.8420375,273.4028625,219.903841111,160.92711625,113.531855,73.7934925,76.52595625,100.5095425
feature:he2,2,2,2,2,4,1,0,0,1,4,2,0,1,0,1,0,0,1,119.082,0,0,119.082,1,1,1,NONE,NONE,Accented,2,4,2,5,3,5,0.333,2
f0:107.69856625,114.288048889,135.15376125,155.72023125,176.321326667,182.2159575,174.2893525,171.93340625,178.584668889,186.81016375
feature:ji1,2,2,2,1,2,4,0,0,0,3,3,0,0,3,2,1,0,0,122.082,119.082,119.082,122.082,1,1,1,Accented,NONE,NONE,3,3,3,4,4,4,0.444,1
f0:194.678423333,204.166295,222.076198333,241.96337,261.850543333,279.482732,291.16519,297.365845,300.928166667,297.615366667
feature:rou4,2,2,2,4,1,2,0,1,0,2,4,1,0,2,0,0,1,0,0,122.082,122.082,0,1,1,1,NONE,Accented,NONE,4,2,4,3,5,3,0.556,4
f0:285.95057,285.505384,286.665436,285.31659,262.212404,223.427872,185.775398,140.567296,115.56452,114.828606
feature:teng2,2,2,2,2,4,4,0,1,0,1,5,1,0,1,1,0,0,0,0,0,0,0,1,1,4,NONE,NONE,NONE,5,1,5,2,6,2,0.667,2
f0:117.46428,118.868255,120.240501429,121.612755,122.982032857,123.987616667,124.710012857,125.11767,128.031361429,158.969973333
feature:tong4,2,2,0,4,2,0,0,1,0,0,6,1,0,0,2,0,0,0,110,0,0,0,4,1,0,NONE,NONE,0,6,0,6,1,7,1,0.778,4
f0:176.509014286,189.474001429,204.0236525,212.237,191.64895,161.595574286,142.632821429,122.84732375,104.806781429,95.7891542857
