feature:wo3,2,0,2,3,0,5,0,0,2,5,0,0,2,1,0,0,0,0,0,130,0,0,1,0,1,NONE,0,NONE,0,5,0,6,1,6,0.125,3
f0:219.53895,219.688425,218.174545,214.0063375,208.129585,204.8533025,200.24009,195.3992925,190.96982,189.60972
feature:men5,2,2,2,5,3,1,0,0,2,4,1,0,2,0,1,0,0,1,132.297,0,0,132.297,1,1,1,NONE,NONE,Accented,1,4,1,5,2,5,0.25,5
f0:192.674318333,196.371847143,196.864206667,193.517216667,190.684231429,189.268373333,188.608896667,192.944748333,206.476178571,214.597825
feature:tian1,2,2,2,1,5,1,0,0,1,3,2,0,1,0,2,1,0,1,135.7565,132.297,132.297,135.7565,1,1,1,Accented,NONE,Accented,2,3,2,4,3,4,0.375,1
f0:212.990125,223.183831667,250.876406667,282.726648333,310.829697143,316.937788333,315.750685,313.440078333,309.713108333,302.342291667
feature:tian1,2,2,2,1,1,2,0,1,0,2,3,1,0,2,0,1,1,0,134.216,135.7565,135.7565,134.216,1,1,1,Accented,Accented,NONE,3,2,3,3,4,3,0.5,1
f0:295.89157,298.2054,302.872192,307.65868,312.48757,314.05744,311.767022,309.68643,311.12589,309.561024
feature:mang2,2,2,2,2,1,5,0,2,0,1,4,2,0,1,0,0,1,0,0,134.216,134.216,0,1,1,3,NONE,Accented,NONE,4,1,4,2,5,2,0.625,2
f0:298.484118571,282.739271429,256.914407143,222.112767143,172.669474286,156.070251667,152.207168571,152.625377143,162.873941429,181.454251429
feature:zhe5,2,2,2,5,2,1,0,2,0,0,5,2,0,0,1,0,0,1,122.973,0,0,132.97301,3,1,1,NONE,NONE,Accented,5,0,5,1,6,1,0.75,5
f0:213.167598571,230.154686667,224.247235714,201.3636,182.078314286,163.279832857,155.588091667,148.028291429,116.914741667,100.92172
feature:can1,2,2,2,1,5,1,0,0,1,10,0,0,1,0,2,1,0,1,131.4325,132.97301,122.973,131.4325,1,3,1,Accented,NONE,Accented,0,10,0,11,1,8,0.1,1
f0:282.95901,282.95901,282.913773333,277.265716667,260.465393333,254.937646,251.352788333,250.783911667,252.684378333,253.977585
feature:guan1,2,2,2,1,1,4,0,0,0,9,1,0,0,9,0,1,1,0,129.892,131.4325,131.4325,129.892,1,1,1,Accented,Accented,NONE,1,9,1,10,2,7,0.2,1
f0:266.736778571,273.60237,265.588365714,254.27512,246.936115714,247.041465,248.993518571,252.129008571,256.746185,259.548021429
feature:shang4,2,2,2,4,1,3,0,1,0,8,2,1,0,8,0,0,1,0,0,129.892,129.892,0,1,1,1,NONE,Accented,NONE,2,8,2,9,3,6,0.3,4
f0:263.146304286,280.583922857,307.402862857,334.331294286,357.445634286,360.432828571,350.415768571,329.908784286,293.940442857,261.173397143
feature:hai3,2,2,2,3,4,2,0,1,0,7,3,1,0,7,1,0,0,0,0,0,0,0,1,1,1,NONE,NONE,NONE,3,7,3,8,4,5,0.4,3
f0:238.335695,207.478255714,200.862933333,199.477508333,197.953535714,195.871326667,181.224313333,162.037418333,158.18769,160.345656667
feature:nong2,2,2,2,2,3,3,0,1,0,6,4,1,0,6,2,0,0,0,0,0,0,0,1,1,1,NONE,NONE,NONE,4,6,4,7,5,4,0.5,2
f0:163.279166667,162.911291429,163.44051,165.948404286,167.410488333,168.193901667,173.049015714,193.634223333,235.74248,272.033293333
feature:ken3,2,2,2,3,2,5,0,1,0,5,5,1,0,5,3,0,0,0,0,0,0,0,1,1,1,NONE,NONE,NONE,5,5,5,6,6,3,0.6,3
f0:271.048352857,257.581495714,244.085416667,231.370824286,222.872,188.825748571,147.822272857,125.625778333,114.631347143,100.642048571
feature:de5,2,2,2,5,3,4,0,1,0,4,6,1,0,4,4,0,0,0,0,0,0,0,1,1,1,NONE,NONE,NONE,6,4,6,5,7,2,0.7,5
f0:98.686758,120.30789,148.903832,155.72512,156.866592,159.434422,163.23898,168.355548,177.8191,191.666934
feature:xia4,2,2,2,4,5,2,0,1,0,3,7,1,0,3,5,0,0,0,0,0,0,0,1,1,1,NONE,NONE,NONE,7,3,7,4,8,1,0.8,4
f0:203.685635714,224.516621429,252.221924286,279.952248571,310.03419125,325.467615714,310.148461429,279.846692857,243.682272857,208.17377
feature:shu2,2,2,2,2,4,3,0,1,0,2,8,1,0,2,6,0,0,0,0,0,0,0,1,1,1,NONE,NONE,NONE,8,2,8,3,1,3,0.2,2
f0:185.17799,185.17799,185.17799,185.17799,185.17799,180.86547,166.98549,166.862121667,177.458148,191.166596667
feature:qi3,2,2,2,3,2,4,0,1,0,1,9,1,0,1,7,0,0,0,0,0,0,0,1,1,4,NONE,NONE,NONE,9,1,9,2,2,2,0.4,3
f0:188.427216,184.771356667,186.52745,189.098236,192.00246,194.702322,194.324398,180.076358,155.675461667,137.30659
feature:ye4,2,2,0,4,3,0,0,1,0,0,10,1,0,0,8,0,0,0,110,0,0,0,4,1,0,NONE,NONE,0,10,0,10,1,3,1,0.6,4
f0:133.404581429,138.869731667,141.947274286,151.872282857,161.500801429,158.12973,142.359668571,127.624235714,130.016616667,134.45243
