feature:wei3,2,0,2,3,0,4,0,0,2,15,0,0,2,4,0,0,0,0,0,130,0,0,1,0,1,NONE,0,NONE,0,15,0,16,1,16,0.056,3
f0:223.834571667,223.5476,223.234905,220.51203,207.850326667,197.797155,188.851074,184.629668333,183.370192,185.557408333
feature:da4,2,2,2,4,3,5,0,0,2,14,1,0,2,3,1,0,0,0,0,0,0,0,1,1,1,NONE,NONE,NONE,1,14,1,15,2,15,0.111,4
f0:199.346502,252.035175,309.36698,321.598423333,325.963916,327.13938,322.142583333,308.057252,289.387656667,266.019144
feature:de5,2,2,2,5,4,4,0,0,2,13,2,0,2,2,2,0,0,0,0,0,0,0,1,1,1,NONE,NONE,NONE,2,13,2,14,3,14,0.167,5
f0:247.798604,248.510514,246.983538,241.972254,234.422642,228.237756,225.967722,226.594036,231.049224,238.364294
feature:ju4,2,2,2,4,5,4,0,0,2,12,3,0,2,1,3,0,0,0,0,0,0,0,1,1,1,NONE,NONE,NONE,3,12,3,13,4,13,0.222,4
f0:253.990838333,280.407761667,304.705004,329.002243333,351.156593333,354.68565,347.052963333,330.300922,302.854201667,271.691458333
feature:zuo4,2,2,2,4,4,1,0,0,2,11,4,0,2,0,4,0,0,1,130.50999,0,0,130.50999,1,1,1,NONE,NONE,Accented,4,11,4,12,5,12,0.278,4
f0:245.83266,251.792642,267.687356667,279.273698,279.5944,269.515694,247.957435,221.170794,196.575016667,184.884152
feature:jia1,2,2,2,1,4,4,0,0,1,10,5,0,1,4,5,1,0,0,133.50999,130.50999,130.50999,133.50999,1,1,1,Accented,NONE,NONE,5,10,5,11,6,11,0.333,1
f0:191.951913333,227.500251111,256.682855556,261.035295556,262.738263,261.967976667,263.654788889,264.619923333,263.751601111,272.269904444
feature:bu4,2,2,2,4,1,2,0,1,1,9,6,1,1,3,0,0,1,0,0,133.50999,133.50999,0,1,1,1,NONE,Accented,NONE,6,9,6,10,7,10,0.389,4
f0:284.689535714,298.68924,315.036141429,331.383031667,347.729911429,364.076781667,378.05304,382.03717,357.580601429,305.71057
feature:de2,2,2,2,2,4,4,0,1,1,8,7,1,1,2,1,0,0,0,0,0,0,0,1,1,1,NONE,NONE,NONE,7,8,7,9,8,9,0.444,2
f0:275.915442,255.912586,238.2075625,221.960574,202.381758,195.271246,195.679448,200.6847775,211.771124,225.00605
feature:bu4,2,2,2,4,2,3,0,1,1,7,8,1,1,1,2,0,0,0,0,0,0,0,1,1,1,NONE,NONE,NONE,8,7,8,8,9,8,0.5,4
f0:239.964354,260.2281225,281.624352,300.2552575,305.516686,304.247094,294.8455025,275.453814,251.3746025,214.569322
feature:ba3,2,2,2,3,4,1,0,1,1,6,9,1,1,0,3,0,0,1,126.429,0,0,126.429,1,1,1,NONE,NONE,Accented,9,6,9,7,10,7,0.556,3
f0:197.346358333,195.269901429,193.829375,182.24957,161.765436667,152.74857,141.405492857,135.508116667,144.37592,166.75946
feature:xiu1,2,2,2,1,3,3,0,1,0,5,10,1,0,6,4,1,0,0,129.429,126.429,126.429,129.429,1,1,1,Accented,NONE,NONE,10,5,10,6,11,6,0.611,1
f0:184.43282375,210.36995125,240.951462857,271.58025125,304.5651025,332.39372625,345.3843075,358.493307143,369.6745675,363.26041875
feature:gai3,2,2,2,3,1,4,0,2,0,4,11,2,0,5,0,0,1,0,0,129.429,129.429,0,1,1,1,NONE,Accented,NONE,11,4,11,5,12,5,0.667,3
f0:344.999036,335.433294,318.82882,294.154186,247.930034,206.310252,178.805732,154.236254,138.531588,129.101946
feature:guo4,2,2,2,4,3,5,0,2,0,3,12,2,0,4,1,0,0,0,0,0,0,0,1,1,1,NONE,NONE,NONE,12,3,12,4,13,4,0.722,4
f0:117.88687,110.50135,103.426362,100.823522,162.112973333,231.47296,230.98017,222.32047,202.620541667,183.132122
feature:de5,2,2,2,5,4,3,0,2,0,2,13,2,0,3,2,0,0,0,0,0,0,0,1,1,1,NONE,NONE,NONE,13,2,13,3,14,3,0.778,5
f0:176.159286667,175.4383275,174.25531,170.02702,160.952275,157.084,156.615033333,156.077226667,156.177075,158.871756667
feature:gao3,2,2,2,3,5,5,0,2,0,1,14,2,0,2,3,0,0,0,0,0,0,0,1,1,3,NONE,NONE,NONE,14,1,14,2,15,2,0.833,3
f0:178.009001667,192.130308571,191.974165,191.18244,178.323788571,152.299253333,135.535676667,124.105393333,125.157171429,151.387863333
feature:zi5,2,2,2,5,3,3,0,2,0,0,15,2,0,1,4,0,0,0,0,0,0,0,3,1,1,NONE,NONE,NONE,15,0,15,1,16,1,0.889,5
f0:179.643234286,186.04118,189.801557143,193.833681429,197.716038571,198.11734,199.839787143,209.288438571,217.006068571,189.58511
feature:gei3,2,2,2,3,5,1,0,0,2,6,0,0,2,0,5,0,0,1,120.714,0,0,120.714,1,3,1,NONE,NONE,Accented,0,6,0,7,1,7,0.111,3
f0:201.55701,201.55701,201.502765,198.6955725,185.8251325,175.170235,157.5824875,139.916165,130.43313,130.2181975
feature:ta1,2,2,2,1,3,1,0,0,1,5,1,0,1,0,6,1,0,1,124.306,120.714,120.714,124.306,1,1,1,Accented,NONE,Accented,1,5,1,6,2,6,0.222,1
f0:135.420534,145.454751667,155.619204,164.654264,174.818713333,184.497438,188.62713,189.09302,191.31173,198.70854
feature:sai1,2,2,2,1,1,4,0,1,0,4,2,1,0,4,0,1,1,0,122.898,124.306,124.306,122.898,1,1,1,Accented,Accented,NONE,2,4,2,5,3,5,0.333,1
f0:199.461546,197.680725,194.215028,204.50063,259.690353333,269.013014,270.588344,274.451104,275.419448333,273.200834
feature:zai4,2,2,2,4,1,2,0,2,0,3,3,2,0,3,0,0,1,0,0,122.898,122.898,0,1,1,1,NONE,Accented,NONE,3,3,3,4,4,4,0.444,4
f0:275.076451429,289.38774,281.377528571,243.260811429,213.710364286,195.148753333,183.913357143,173.750261429,169.801433333,175.698405714
feature:suo2,2,2,2,2,4,2,0,2,0,2,4,2,0,2,1,0,0,0,0,0,0,0,1,1,1,NONE,NONE,NONE,4,2,4,3,5,3,0.556,2
f0:181.42570875,181.981574286,182.99960875,184.05434,184.98421625,184.63793875,180.501652857,187.3669525,231.923841429,258.545775
feature:kong2,2,2,2,2,2,3,0,2,0,1,5,2,0,1,2,0,0,0,0,0,0,0,1,1,4,NONE,NONE,NONE,5,1,5,2,6,2,0.667,2
f0:245.83763,223.3926875,207.371672857,192.63200375,182.329158571,165.943087143,155.94957,160.149582857,179.1759975,212.028942857
feature:li3,2,2,0,3,2,0,0,2,0,0,6,2,0,0,3,0,0,0,110,0,0,0,4,1,0,NONE,NONE,0,6,0,6,1,7,1,0.778,3
f0:233.53441,239.648126,239.493891667,230.636802,204.273573333,163.522438333,144.60745,263.73185,352.501386,344.905863333
