feature:fan3,2,0,2,3,0,4,0,0,0,3,0,0,0,8,0,0,0,0,0,0,0,0,1,0,1,NONE,0,NONE,0,3,0,4,1,4,0.167,3
f0:254.56,254.56,253.8905,232.444872857,204.4052075,194.1969275,184.649941429,180.97233625,187.846454286,207.96219
feature:fu4,2,2,2,4,3,2,0,0,0,2,1,0,0,7,1,0,0,0,0,0,0,0,1,1,1,NONE,NONE,NONE,1,2,1,3,2,3,0.333,4
f0:227.565268333,259.846411667,294.967503333,330.08859,360.041181667,368.195688333,364.373326667,348.250858333,325.623933333,294.322425
feature:zuo2,2,2,2,2,4,5,0,0,0,1,2,0,0,6,2,0,0,0,0,0,0,0,1,1,3,NONE,NONE,NONE,2,1,2,2,3,2,0.5,2
f0:264.797165,254.96285,245.524765,235.980075,221.019418333,204.396288333,191.284076667,187.557793333,189.831026667,197.63574
feature:mo5,2,2,2,5,2,3,0,0,0,0,3,0,0,5,3,0,0,0,0,0,0,0,3,1,1,NONE,NONE,NONE,3,0,3,1,4,1,0.667,5
f0:218.723517143,230.479968333,231.612992857,226.259291667,213.1166,199.673918571,191.443558333,187.68147,186.261263333,187.683074286
feature:zen3,2,2,2,3,5,4,0,0,2,8,0,0,2,4,4,0,0,0,0,0,0,0,1,3,1,NONE,NONE,NONE,0,8,0,9,1,9,0.091,3
f0:233.48199,233.48199,233.48199,227.181662,207.307503333,196.915024,185.37948,173.311662,163.506188333,152.147148
feature:yang4,2,2,2,4,3,4,0,0,2,7,1,0,2,3,5,0,0,0,0,0,0,0,1,1,1,NONE,NONE,NONE,1,7,1,8,2,8,0.182,4
f0:147.45373,157.12054,182.7934225,234.16550625,304.434128889,325.3353,318.26147875,286.4563475,254.1482525,245.214605
feature:jian4,2,2,2,4,4,2,0,0,2,6,2,0,2,2,6,0,0,0,0,0,0,0,1,1,1,NONE,NONE,NONE,2,6,2,7,3,7,0.273,4
f0:225.437888,225.01863,245.936538,271.387532,291.159768,294.895125,290.991602,275.31657,252.945784,233.427094
feature:yi2,2,2,2,2,4,4,0,0,2,5,3,0,2,1,7,0,0,0,0,0,0,0,1,1,1,NONE,NONE,NONE,3,5,3,6,4,6,0.364,2
f0:216.065522,199.447483333,183.46947,171.080468,165.207758333,166.448678,174.662666,181.544374,186.053153333,192.774194
feature:ge4,2,2,2,4,2,1,0,0,2,4,4,0,2,0,8,0,0,1,121.897,0,0,121.897,1,1,1,NONE,NONE,Accented,4,4,4,5,5,5,0.455,4
f0:208.111596667,228.888344,234.246071667,224.854458,208.054185,195.690302,186.152886667,181.707736,180.955006667,183.883204
feature:bei1,2,2,2,1,4,3,0,0,1,3,5,0,1,1,9,1,0,0,124.897,121.897,121.897,124.897,1,1,1,Accented,NONE,NONE,5,3,5,4,6,4,0.545,1
f0:190.535447143,216.13187,259.581958571,303.561131667,331.145908571,334.139963333,334.402667143,334.3437,336.170108571,338.679555
feature:lou3,2,2,2,3,1,1,0,1,1,2,6,1,1,0,0,0,1,1,119.138,124.897,124.897,119.138,1,1,1,NONE,Accented,Accented,6,2,6,3,7,3,0.636,3
f0:326.44349,309.095815714,279.12495,251.501628333,206.257635714,154.988666667,133.154186667,118.293695,100.22763,124.581885
feature:gong1,2,2,2,1,3,4,0,1,0,1,7,1,0,1,1,1,0,0,122.138,119.138,119.138,122.138,1,1,4,Accented,NONE,NONE,7,1,7,2,8,2,0.727,1
f0:153.397258,183.080218333,212.558054,230.179315,232.314918,231.546112,231.472411667,233.795136,239.933603333,243.73855
feature:yu4,2,2,0,4,1,0,0,2,0,0,8,2,0,0,0,0,1,0,110,122.138,122.138,0,4,1,0,NONE,Accented,0,8,0,8,1,9,1,0.818,4
f0:244.60826,240.96612,238.287616667,230.443325714,193.70277,154.073015714,121.692861429,112.747046667,106.259052857,89.7214285714
