feature:ju4,2,0,2,4,0,1,0,0,1,10,0,0,1,0,0,0,0,1,133.66701,0,0,133.66701,1,0,1,NONE,0,Accented,0,10,0,11,1,11,0.077,4
f0:344.878005,344.87802,341.060073333,335.509868571,326.69987,310.319431667,296.588757143,286.638658333,279.332,274.727883333
feature:xin1,2,2,2,1,4,2,0,0,0,9,1,0,0,12,1,1,0,0,136.66701,133.66701,133.66701,136.66701,1,1,1,Accented,NONE,NONE,1,9,1,10,2,10,0.154,1
f0:265.337815714,248.712893333,230.230775714,211.748656667,193.191341429,174.844715,170.239345714,171.666395,173.454247143,174.689133333
feature:hua2,2,2,2,2,1,4,0,1,0,8,2,1,0,11,0,0,1,0,0,136.66701,136.66701,0,1,1,1,NONE,Accented,NONE,2,8,2,9,3,9,0.231,2
f0:178.17099,182.197292,184.80121,191.640276,191.853541667,174.677228,169.331195,171.44993,180.522025,203.550136
feature:she4,2,2,2,4,2,4,0,1,0,7,3,1,0,10,1,0,0,0,0,0,0,0,1,1,1,NONE,NONE,NONE,3,7,3,8,4,8,0.308,4
f0:226.00099875,249.31020625,272.55413125,289.25114875,279.67734,250.81850125,223.52942875,205.5367325,194.6628975,192.49256
feature:luo4,2,2,2,4,4,3,0,1,0,6,4,1,0,9,2,0,0,0,0,0,0,0,1,1,1,NONE,NONE,NONE,4,6,4,7,5,7,0.385,4
f0:197.528873333,226.191893333,263.006506667,301.554925,328.2318,330.375788,322.690825,294.658575,257.573801667,218.417388333
feature:mei3,2,2,2,3,4,3,0,1,0,5,5,1,0,8,3,0,0,0,0,0,0,0,1,1,1,NONE,NONE,NONE,5,5,5,6,6,6,0.462,3
f0:202.96737625,192.16436375,174.76595625,159.92917625,155.286072222,154.26916375,154.85236375,157.83155625,175.5443275,197.404215
feature:wu3,2,2,2,3,3,4,0,1,0,4,6,1,0,7,4,0,0,0,0,0,0,0,1,1,1,NONE,NONE,NONE,6,4,6,5,7,5,0.538,3
f0:188.487255714,183.164841667,187.507237143,192.579043333,186.532407143,168.252098571,153.487518333,146.553074286,145.166378333,143.264272857
feature:yue4,2,2,2,4,3,2,0,1,0,3,7,1,0,6,5,0,0,0,0,0,0,0,1,1,1,NONE,NONE,NONE,7,3,7,4,8,4,0.615,4
f0:150.43536,165.464795,183.3331525,193.03797,193.941335,192.094835,187.000665,181.29367,176.3775025,172.0797975
feature:shi2,2,2,2,2,4,4,0,1,0,2,8,1,0,5,6,0,0,0,0,0,0,0,1,1,1,NONE,NONE,NONE,8,2,8,3,9,3,0.692,2
f0:170.442033333,172.302296667,176.490101667,180.907218333,185.324331667,188.731116,189.45876,190.271838333,199.517378333,214.67146
feature:ri4,2,2,2,4,2,4,0,1,0,1,9,1,0,4,7,0,0,0,0,0,0,0,1,1,3,NONE,NONE,NONE,9,1,9,2,10,2,0.769,4
f0:234.462008,250.879076,273.963362,291.794398,294.006114,288.32238,272.281122,247.575128,223.906804,223.310752
feature:dian4,2,2,2,4,4,4,0,1,0,0,10,1,0,3,8,0,0,0,0,0,0,0,3,1,1,NONE,NONE,NONE,10,0,10,1,11,1,0.846,4
f0:236.68003625,239.79661,227.4116275,201.329775,178.24869125,153.8980275,138.03904125,132.07021125,127.56079125,181.64403625
feature:ji4,2,2,2,4,4,3,0,0,4,9,0,0,4,2,9,0,0,0,0,0,0,0,1,3,1,NONE,NONE,NONE,0,9,0,10,1,5,0.143,4
f0:349.89001,349.89001,349.89001,349.889962,347.760802,337.8471225,319.327202,287.406178,253.9352825,233.131124
feature:zhe3,2,2,2,3,4,4,0,0,4,8,1,0,4,1,10,0,0,0,0,0,0,0,1,1,1,NONE,NONE,NONE,1,8,1,9,2,4,0.286,3
f0:230.544143333,227.470154,219.354058333,194.998,176.14837,155.169666667,137.330298,129.98654,136.375946,157.933326667
feature:cai4,2,2,2,4,3,1,0,0,4,7,2,0,4,0,11,0,0,1,122.111,0,0,122.111,1,1,1,NONE,NONE,Accented,2,7,2,8,3,3,0.429,4
f0:180.230041667,199.12152,217.729345,236.337184,254.896776667,268.767401667,269.682068,261.752615,248.635586,233.196606667
feature:shi1,2,2,2,1,4,4,0,0,3,6,3,0,3,1,12,1,0,0,125.111,122.111,122.111,125.111,1,1,1,Accented,NONE,NONE,3,6,3,7,4,2,0.571,1
f0:221.357018,227.81047,244.345814,259.95951,277.470691667,289.953138,291.924836,291.9534,291.099066667,291.160878
feature:hao4,2,2,2,4,1,1,0,1,3,5,4,1,3,0,0,0,1,1,115.333,125.111,125.111,125.333,1,1,1,NONE,Accented,Accented,4,5,4,6,5,1,0.714,4
f0:291.318085,291.7025675,292.0517225,283.20836625,228.045988889,172.68022,143.34452125,128.98514125,80.16254375,57.87473625
feature:ke1,2,2,2,1,4,1,0,1,2,4,5,1,2,0,1,1,0,1,123.8885,125.333,115.333,123.8885,1,1,1,Accented,NONE,Accented,5,4,5,5,1,5,0.143,1
f0:307.18201,307.18201,307.18201,307.18201,307.18201,307.18201,308.034905714,320.87353875,327.420801429,326.913948571
feature:tuo1,2,2,2,1,1,3,0,2,1,3,6,2,1,1,0,1,1,0,122.444,123.8885,123.8885,122.444,1,1,1,Accented,Accented,NONE,6,3,6,4,2,4,0.286,1
f0:326.84709,331.30329,336.79028,339.67764,339.52062,337.961191667,334.798075,330.793771667,329.023495,318.072685
feature:nu3,2,2,2,3,1,1,0,3,1,2,7,3,1,0,0,0,1,1,117.667,122.444,122.444,117.667,1,1,1,NONE,Accented,Accented,7,2,7,3,3,3,0.429,3
f0:301.903794,285.805544,263.21653,245.4534,223.57157,191.611284,160.486994,136.492924,125.723354,127.932456
feature:xiao1,2,2,2,1,3,5,0,3,0,1,8,3,0,1,1,1,0,0,120.667,117.667,117.667,120.667,1,1,4,Accented,NONE,NONE,8,1,8,2,4,2,0.571,1
f0:145.55526,164.907553333,184.132201429,203.188506667,213.847796667,211.657676667,202.52669,198.056962857,199.213205,205.136468333
feature:xi5,2,2,0,5,1,0,0,4,0,0,9,4,0,0,0,0,1,0,110,120.667,120.667,0,4,1,0,NONE,Accented,0,9,0,9,1,5,1,0.714,5
f0:204.011924286,196.598955714,189.78,182.961044286,173.69635,146.36518,149.839382857,320.186545,379.319782857,401.239164286
