feature:sun1,2,0,2,1,0,2,0,0,3,10,0,0,3,1,0,1,0,0,137.2,139.2,0,137.2,1,0,1,Accented,0,NONE,0,10,0,11,1,3,0.2,1
f0:366.362,366.362,366.362,366.362,366.362,366.362866,367.588998333,369.76598,368.013101667,363.241986
feature:yin2,2,2,2,2,1,1,0,0,3,9,1,0,3,0,0,0,1,1,131,137.2,137.2,131,1,1,1,NONE,Accented,Accented,1,9,1,10,2,2,0.4,2
f0:355.912261667,337.966568571,304.367338333,253.567485714,212.066598333,186.040966667,185.478447143,197.533265,211.176535714,220.863531667
feature:ji1,2,2,2,1,2,2,0,0,2,8,2,0,2,2,1,1,0,0,134,131,131,0,1,1,1,Accented,NONE,NONE,2,8,2,9,3,1,0.6,1
f0:233.507652857,259.066972857,278.538554286,281.037212857,281.15348125,282.578341429,286.685922857,284.68664,230.569751429,201.460338571
feature:cong2,2,2,2,2,1,2,0,1,2,7,3,1,2,1,0,0,1,0,0,0,134,0,1,1,1,NONE,Accented,NONE,3,7,3,8,1,8,0.1,2
f0:236.170001667,236.17,236.17,236.17,236.17,228.336915,209.892005714,212.795253333,241.722648571,283.173741667
feature:mei2,2,2,2,2,2,1,0,1,2,6,4,1,2,0,1,0,0,1,126.2,0,0,126.2,1,1,1,NONE,NONE,Accented,4,6,4,7,2,7,0.2,2
f0:305.829838,312.21577,312.832142,308.902296,293.787206667,274.093678,264.01181,265.063846,273.130318333,275.723436
feature:she1,2,2,2,1,2,4,0,1,1,5,5,1,1,4,2,1,0,0,129.2,126.2,126.2,129.2,1,1,1,Accented,NONE,NONE,5,5,5,6,3,6,0.3,1
f0:276.061771667,280.948628333,290.525761667,300.265238333,309.992421667,317.121433333,319.072096667,319.915933333,323.753998333,327.547115
feature:wang4,2,2,2,4,1,5,0,2,1,4,6,2,1,3,0,0,1,0,0,129.2,129.2,0,1,1,1,NONE,Accented,NONE,6,4,6,5,4,5,0.4,4
f0:325.309515,322.5855,319.830843333,301.956995,275.216058333,251.155036,225.38623,198.453646667,186.123875,181.15678
feature:guo5,2,2,2,5,4,2,0,2,1,3,7,2,1,2,1,0,0,0,0,0,0,0,1,1,1,NONE,NONE,NONE,7,3,7,4,5,4,0.5,5
f0:178.194135,183.000272,193.971593333,195.604401667,190.416126667,183.907334,176.359373333,171.163298333,170.056922,170.28457
feature:na2,2,2,2,2,5,4,0,2,1,2,8,2,1,1,2,0,0,0,0,0,0,0,1,1,1,NONE,NONE,NONE,8,2,8,3,6,3,0.6,2
f0:169.47884,167.768631667,166.202296667,158.310668333,144.595036667,142.178872,142.454653333,150.69856,176.770911667,195.372785
feature:guan4,2,2,2,4,2,1,0,2,1,1,9,2,1,0,3,0,0,1,118.2,0,0,118.2,1,1,4,NONE,NONE,Accented,9,1,9,2,7,2,0.7,4
f0:199.077875,222.953895714,264.835295,282.557491667,272.536121429,243.635295,213.718428333,178.180291667,146.30343,141.688303333
feature:jun1,2,2,0,1,4,0,0,2,0,0,10,2,0,0,4,1,0,0,121.2,118.2,118.2,0,4,1,0,Accented,NONE,0,10,0,10,1,8,1,0.8,1
f0:158.33402,183.81115375,211.792961111,237.49430375,246.331783333,248.909823333,250.63206375,254.575251111,257.7598125,254.965362222
