feature:mu4,2,0,2,4,0,2,0,0,2,19,0,0,2,1,0,0,0,0,0,130,0,0,1,0,1,NONE,0,NONE,0,19,0,20,1,20,0.045,4
f0:306.69953,351.787364,364.6761,365.715345,360.486158,347.3652175,328.8927,306.676575,276.160802,249.111505
feature:sui2,2,2,2,2,4,1,0,0,2,18,1,0,2,0,1,0,0,1,132.674,0,0,132.674,1,1,1,NONE,NONE,Accented,1,18,1,19,2,19,0.091,2
f0:227.47129,218.610261667,213.50501,208.399758333,202.633485,193.74246,180.591525,179.792594,196.421343333,220.544796667
feature:xin1,2,2,2,1,2,4,0,0,1,17,2,0,1,11,2,1,0,0,135.674,132.674,132.674,135.674,1,1,1,Accented,NONE,NONE,2,17,2,18,3,18,0.136,1
f0:233.23595125,252.01554375,271.63005,290.7061725,301.8629125,305.69041125,304.61367875,305.42751,307.8759725,309.34188
feature:wei4,2,2,2,4,1,2,0,1,1,16,3,1,1,10,0,0,1,0,0,135.674,135.674,0,1,1,1,NONE,Accented,NONE,3,16,3,17,4,17,0.182,4
f0:306.53674875,268.5948375,249.7489775,251.91284125,265.66455,301.893928571,296.1663175,269.0823575,243.1423075,221.34568
feature:liu2,2,2,2,2,4,3,0,1,1,15,4,1,1,9,1,0,0,0,0,0,0,0,1,1,1,NONE,NONE,NONE,4,15,4,16,5,16,0.227,2
f0:207.6417775,197.46995375,194.624277778,195.23638,196.03675,191.96541125,193.46176875,219.131377778,274.521915,299.1530675
feature:bao3,2,2,2,3,2,4,0,1,1,14,5,1,1,8,2,0,0,0,0,0,0,0,1,1,1,NONE,NONE,NONE,5,14,5,15,6,15,0.273,3
f0:290.654418,279.305185,263.543614,244.04279,202.623772,170.28757,150.633271667,148.393312,154.346958333,157.939482
feature:yin4,2,2,2,4,3,2,0,1,1,13,6,1,1,7,3,0,0,0,0,0,0,0,1,1,1,NONE,NONE,NONE,6,13,6,14,7,14,0.318,4
f0:166.143037,201.039323,248.007741111,268.157006,243.486751,190.913274,151.269276,125.548205556,90.780823,157.194235
feature:jian2,2,2,2,2,4,3,0,1,1,12,7,1,1,6,4,0,0,0,0,0,0,0,1,1,1,NONE,NONE,NONE,7,12,7,13,8,13,0.364,2
f0:195.418666,200.268274,207.369005,212.379064,211.140394,204.524832,194.086082,184.600428333,182.452014,188.650522
feature:mian3,2,2,2,3,2,5,0,1,1,11,8,1,1,5,5,0,0,0,0,0,0,0,1,1,1,NONE,NONE,NONE,8,11,8,12,9,12,0.409,3
f0:206.930566,221.712656667,227.644392,226.475536667,216.687322,206.102166,186.32185,166.84379,149.681781667,139.560336
feature:le5,2,2,2,5,3,4,0,1,1,10,9,1,1,4,6,0,0,0,0,0,0,0,1,1,1,NONE,NONE,NONE,9,10,9,11,10,11,0.455,5
f0:138.0808,138.65771,139.733132857,142.545055,151.075353333,154.135808333,158.551338333,164.59435,174.486833333,189.118363333
feature:shu4,2,2,2,4,5,3,0,1,1,9,10,1,1,3,7,0,0,0,0,0,0,0,1,1,1,NONE,NONE,NONE,10,9,10,10,11,10,0.5,4
f0:200.41134,224.864785714,256.1685875,287.472394286,318.7761925,350.58915,362.7407675,352.80198,329.0065225,269.514362857
feature:bai3,2,2,2,3,4,4,0,1,1,8,11,1,1,2,8,0,0,0,0,0,0,0,1,1,1,NONE,NONE,NONE,11,8,11,9,12,9,0.545,3
f0:233.203468,230.5198,228.092638,216.820188,191.771218,167.073748,151.142788,145.901684,140.987972,140.38045
feature:wan4,2,2,2,4,3,2,0,1,1,7,12,1,1,1,9,0,0,0,0,0,0,0,1,1,1,NONE,NONE,NONE,12,7,12,8,13,8,0.591,4
f0:142.811922,159.7927,188.13514,222.62707,268.739848333,279.023476,278.259236,270.54752,250.746098333,227.049284
feature:yuan2,2,2,2,2,4,1,0,1,1,6,13,1,1,0,10,0,0,1,121.512,0,0,121.512,1,1,1,NONE,NONE,Accented,13,6,13,7,14,7,0.636,2
f0:204.27071375,185.50772,173.636985,164.34783625,154.861585,155.655461429,161.59506875,168.1093525,183.9258125,200.60153625
feature:gong1,2,2,2,1,2,2,0,1,0,5,14,1,0,5,11,1,0,0,124.512,121.512,121.512,124.512,1,1,1,Accented,NONE,NONE,14,5,14,6,15,6,0.682,1
f0:212.00746,250.537718333,304.775861667,325.669673333,328.347978333,332.47842,333.72373,336.555756667,337.523285,330.892903333
feature:cheng2,2,2,2,2,1,4,0,2,0,4,15,2,0,4,0,0,1,0,0,124.512,124.512,0,1,1,1,NONE,Accented,NONE,15,4,15,5,16,5,0.727,2
f0:313.708836667,289.402445,264.696821667,239.99119,218.510683333,198.003338333,180.260845,180.180145,190.467376667,201.221921667
feature:xiang4,2,2,2,4,2,4,0,2,0,3,16,2,0,3,1,0,0,0,0,0,0,0,1,1,1,NONE,NONE,NONE,16,3,16,4,17,4,0.773,4
f0:209.600195,231.390645,280.61592125,324.98571125,327.727987778,293.89455625,248.251835,213.15894375,192.02568125,177.3315525
feature:mu4,2,2,2,4,4,4,0,2,0,2,17,2,0,2,2,0,0,0,0,0,0,0,1,1,1,NONE,NONE,NONE,17,2,17,3,18,3,0.818,4
f0:167.06021,166.52459,166.110783333,165.610755,164.92147,164.48161,164.53839,165.399906667,166.528175,167.31486
feature:shui4,2,2,2,4,4,4,0,2,0,1,18,2,0,1,3,0,0,0,0,0,0,0,1,1,4,NONE,NONE,NONE,18,1,18,2,19,2,0.864,4
f0:173.14072,191.64479,214.306128571,236.624096667,246.767113333,234.198255,196.841483333,161.826325714,149.981195,150.006945
feature:fei4,2,2,0,4,4,0,0,2,0,0,19,2,0,0,4,0,0,0,110,0,0,0,4,1,0,NONE,NONE,0,19,0,19,1,20,1,0.909,4
f0:158.175945714,173.46179375,189.259577143,201.527461429,199.2142725,178.70125125,157.120631429,169.02894,184.759695,212.221434286
