feature:fu4,2,0,2,4,0,5,0,0,3,17,0,0,3,8,0,0,0,0,0,130,0,0,1,0,1,NONE,0,NONE,0,17,0,18,1,5,0.143,4
f0:397.845005,397.845,397.845,397.845,397.665765,390.292886667,379.242033333,367.11223,346.323146667,334.244068333
feature:qin5,2,2,2,5,4,4,0,0,3,16,1,0,3,7,1,0,0,0,0,0,0,0,1,1,1,NONE,NONE,NONE,1,16,1,17,2,4,0.286,5
f0:327.676818571,313.441456667,297.36016,284.82165,269.894497143,248.550725,235.747957143,228.574432857,231.847068333,240.39194
feature:dai4,2,2,2,4,5,3,0,0,3,15,2,0,3,6,2,0,0,0,0,0,0,0,1,1,1,NONE,NONE,NONE,2,15,2,16,3,3,0.429,4
f0:240.8572775,243.1521175,272.7025,317.46866,332.55939,335.70591,334.8637225,331.0769725,319.87064,303.5926425
feature:wo3,2,2,2,3,4,4,0,0,3,14,3,0,3,5,3,0,0,0,0,0,0,0,1,1,1,NONE,NONE,NONE,3,14,3,15,4,2,0.571,3
f0:277.52547,247.088768,218.860684,196.931488,180.774321667,171.861358,152.410086,143.138312,146.7062,156.257714
feature:qu4,2,2,2,4,3,4,0,0,3,13,4,0,3,4,4,0,0,0,0,0,0,0,1,1,1,NONE,NONE,NONE,4,13,4,14,5,1,0.714,4
f0:173.72665375,195.395725556,215.35400875,233.95401375,244.743684444,230.696295,215.49448125,210.87496125,209.94859,173.894965
feature:zhu4,2,2,2,4,4,2,0,0,3,12,5,0,3,3,5,0,0,0,0,0,0,0,1,1,1,NONE,NONE,NONE,5,12,5,13,1,5,0.143,4
f0:354.37,354.37,354.37,353.7790175,348.714856,343.205836,330.84636,305.54024,285.8479325,266.598126
feature:ming2,2,2,2,2,4,2,0,0,3,11,6,0,3,2,6,0,0,0,0,0,0,0,1,1,1,NONE,NONE,NONE,6,11,6,12,2,4,0.286,2
f0:234.930641429,209.57419625,185.63114,168.54312,152.400435,153.3551925,165.263668571,186.830527143,206.01774375,211.26979
feature:wan2,2,2,2,2,2,4,0,0,3,10,7,0,3,1,7,0,0,0,0,0,0,0,1,1,1,NONE,NONE,NONE,7,10,7,11,3,3,0.429,2
f0:203.521118,186.213384,165.9158,148.165666,144.113816,147.39138,157.939386,179.746644,201.190806,216.226618
feature:ju4,2,2,2,4,2,1,0,0,3,9,8,0,3,0,8,0,0,1,127.245,0,0,127.245,1,1,1,NONE,NONE,Accented,8,9,8,10,4,2,0.571,4
f0:228.81254,241.636775,253.493456,258.2695375,254.97588,242.669635,224.597388,209.8261725,204.616078,203.7194075
feature:shang1,2,2,2,1,4,2,0,0,2,8,9,0,2,3,9,1,0,0,130.245,127.245,127.245,0,1,1,1,Accented,NONE,NONE,9,8,9,9,5,1,0.714,1
f0:208.853166667,231.402505556,256.449097778,266.701283333,266.936413333,268.23590125,268.37996,269.291706667,263.45125,279.789884444
feature:tang2,2,2,2,2,1,4,0,1,2,7,10,1,2,2,0,0,1,0,0,0,130.245,0,1,1,1,NONE,Accented,NONE,10,7,10,8,1,8,0.1,2
f0:211.278014286,211.27802,211.27802,209.70166,187.616425714,170.381685,170.134307143,180.417974286,198.525498333,228.786008571
feature:na4,2,2,2,4,2,2,0,1,2,6,11,1,2,1,1,0,0,0,0,0,0,0,1,1,1,NONE,NONE,NONE,11,6,11,7,2,7,0.2,4
f0:264.285116667,287.042982,305.104521667,315.568825,308.847313333,290.448674,268.96443,239.569973333,210.52244,195.451745
feature:de2,2,2,2,2,4,1,0,1,2,5,12,1,2,0,2,0,0,1,123.98,0,0,123.98,1,1,1,NONE,NONE,Accented,12,5,12,6,3,6,0.3,2
f0:187.290407143,176.903457143,163.11581,158.459107143,155.1340125,154.730211429,156.797101429,161.862211429,178.753328571,204.495325714
feature:si1,2,2,2,1,2,4,0,1,1,4,13,1,1,3,3,1,0,0,126.98,123.98,123.98,126.98,1,1,1,Accented,NONE,NONE,13,4,13,5,4,5,0.4,1
f0:217.55443,233.659651429,252.877225,272.096718571,291.316228333,308.788508333,324.206672857,327.580211667,314.830074286,307.746821667
feature:pa4,2,2,2,4,1,4,0,2,1,3,14,2,1,2,0,0,1,0,0,126.98,126.98,0,1,1,1,NONE,Accented,NONE,14,3,14,4,5,4,0.5,4
f0:310.552348,313.850262,317.551041667,320.723406,321.923896,317.1198,301.274022,279.379918333,256.371372,244.605202
feature:ke4,2,2,2,4,4,4,0,2,1,2,15,2,1,1,1,0,0,0,0,0,0,0,1,1,1,NONE,NONE,NONE,15,2,15,3,6,3,0.6,4
f0:243.15293,252.022946667,264.881286,277.810271667,290.739258,302.282604,317.442938333,324.082174,315.179661667,308.114254
feature:te4,2,2,2,4,4,1,0,2,1,1,16,2,1,0,2,0,0,1,120.714,0,0,120.714,1,1,3,NONE,NONE,Accented,16,1,16,2,7,2,0.7,4
f0:309.593104,310.672761667,310.6629,310.650585,310.641736,309.71881,291.884051667,252.27236,213.929696667,191.093392
feature:jia1,2,2,2,1,4,1,0,2,0,0,17,2,0,0,3,1,0,1,123.714,120.714,120.714,124.898,3,1,1,Accented,NONE,Accented,17,0,17,1,8,1,0.8,1
f0:186.97733,199.719382857,216.70667375,231.480588571,238.170712857,241.160995714,242.793182857,245.479605,249.458135714,251.913368571
feature:ca1,2,2,2,1,1,3,0,0,2,4,0,0,2,1,0,1,1,0,122.898,124.898,123.714,122.898,1,3,1,Accented,Accented,NONE,0,4,0,5,1,4,0.167,1
f0:291.19299,291.19299,291.19299,291.19299,289.499376667,284.932612,281.876085,281.765198333,286.278596,288.549606667
feature:xi3,2,2,2,3,1,1,0,0,2,3,1,0,2,0,0,0,1,1,118.265,122.898,122.898,118.265,1,1,1,NONE,Accented,Accented,1,3,1,4,2,3,0.333,3
f0:280.374555714,262.798642857,244.871115714,227.244525714,210.74246,190.244446667,167.378514286,164.18043,166.674944286,166.31927
feature:bo1,2,2,2,1,3,5,0,0,1,2,2,0,1,1,1,1,0,0,121.265,118.265,118.265,121.265,1,1,1,Accented,NONE,NONE,2,2,2,3,3,2,0.5,1
f0:177.932944,192.817492,215.408138333,236.234614,246.874876,257.674064,267.483526,272.12573,274.457988,269.194322
feature:li5,2,2,2,5,1,1,0,1,1,1,3,1,1,0,0,0,1,1,111.633,121.265,121.265,121.633,1,1,4,NONE,Accented,Accented,3,1,3,2,4,1,0.667,5
f0:248.43504,239.452068,231.1845675,217.822036,197.01235,171.6199225,130.770154,105.122655,103.37601,103.37601
feature:chuang1,2,2,0,1,5,0,0,1,0,0,4,1,0,0,1,1,0,0,119.633,121.633,111.633,0,4,1,0,Accented,NONE,0,4,0,4,1,1,1,0.333,1
f0:268.252247778,283.241,283.231953333,282.039866667,279.422252,279.615176667,281.556013333,284.600401111,295.415872222,302.964131111
