feature:fei2,2,0,2,2,0,1,0,0,5,12,0,0,5,0,0,0,0,1,133.42101,130,0,133.42101,1,0,1,NONE,0,Accented,0,12,0,13,1,13,0.067,2
f0:209.16201,209.16202,209.16202,209.16202,209.16202,207.26885,205.298346667,216.90796,242.735511667,260.943553333
feature:dong1,2,2,2,1,2,4,0,0,4,11,1,0,4,1,1,1,0,0,136.42101,133.42101,133.42101,136.42101,1,1,1,Accented,NONE,NONE,1,11,1,12,2,12,0.133,1
f0:276.816016,300.9386975,326.97099,338.50434,340.369256,341.99204,345.199432,349.5497425,353.341526,356.2222025
feature:xian4,2,2,2,4,1,1,0,1,4,10,2,1,4,0,0,0,1,1,131.31599,136.42101,136.42101,131.31599,1,1,1,NONE,Accented,Accented,2,10,2,11,3,11,0.2,4
f0:343.422399,333.128348889,334.997845,329.866994444,292.022519,253.401784444,223.078333,206.385462222,201.930513,206.305014444
feature:qing1,2,2,2,1,4,4,0,1,3,9,3,1,3,1,1,1,0,0,134.31599,131.31599,131.31599,134.31599,1,1,1,Accented,NONE,NONE,3,9,3,10,4,10,0.267,1
f0:196.044544286,208.432675,238.214772857,268.455045,293.52436,297.607873333,291.764834286,290.574563333,294.123104286,297.589946667
feature:tui4,2,2,2,4,1,1,0,2,3,8,4,2,3,0,0,0,1,1,129.211,134.31599,134.31599,129.211,1,1,1,NONE,Accented,Accented,4,8,4,9,5,9,0.333,4
f0:296.08430625,288.854188571,283.06500625,277.928732857,254.52079875,224.50734,210.067291429,208.7298775,209.292014286,206.16736875
feature:zhong1,2,2,2,1,4,3,0,2,2,7,5,2,2,3,1,1,0,0,132.211,129.211,129.211,132.211,1,1,1,Accented,NONE,NONE,5,7,5,8,6,8,0.4,1
f0:198.85414,200.859963333,233.361348,284.699113333,312.688318,314.359336,314.684143333,316.199512,320.714893333,319.370106
feature:xiao3,2,2,2,3,1,2,0,3,2,6,6,3,2,2,0,0,1,0,0,132.211,132.211,0,1,1,1,NONE,Accented,NONE,6,6,6,7,7,7,0.467,3
f0:302.184986667,284.720381667,267.948518,250.957948333,233.250496667,203.247258333,159.696136667,138.645632,137.071886667,141.557185
feature:xue2,2,2,2,2,3,4,0,3,2,5,7,3,2,1,1,0,0,0,0,0,0,0,1,1,1,NONE,NONE,NONE,7,5,7,6,8,6,0.533,2
f0:152.34619875,156.205834444,158.5370825,160.712915,162.81392,164.2953875,165.639625,165.8978825,165.064036667,165.8618475
feature:luan4,2,2,2,4,2,1,0,3,2,4,8,3,2,0,2,0,0,1,125,0,0,125,1,1,1,NONE,NONE,Accented,8,4,8,5,9,5,0.6,4
f0:186.354668333,221.718935,255.042973333,294.09754,313.16363,316.354046667,303.6338,279.499051667,248.486983333,221.335415
feature:shou1,2,2,2,1,4,4,0,3,1,3,9,3,1,1,3,1,0,0,128,125,125,128,1,1,1,Accented,NONE,NONE,9,3,9,4,10,4,0.667,1
f0:209.08943,209.948264286,219.60193625,240.885224286,263.23561625,284.555052857,292.0182975,293.459921429,293.92922625,292.032388571
feature:fei4,2,2,2,4,1,1,0,4,1,2,10,4,1,0,0,0,1,1,122.895,128,128,122.895,1,1,1,NONE,Accented,Accented,10,2,10,3,11,3,0.733,4
f0:283.750832,282.967616667,283.06917,283.134128,274.354288333,237.681552,198.097672,162.227686,148.81112,151.13622
feature:jin1,2,2,1,1,4,2,0,4,0,1,11,4,0,3,1,1,0,0,125.895,122.895,122.895,125.895,1,1,3,Accented,NONE,NONE,11,1,11,2,12,2,0.8,1
f0:170.921607143,197.28068,221.855916667,231.92219,234.179601429,240.496265714,248.161754286,247.910041667,237.107388571,213.19875
feature:e2,1,2,2,2,1,2,0,5,0,0,12,5,0,2,0,0,1,0,0,125.895,125.895,0,3,1,1,NONE,Accented,NONE,12,0,12,1,13,1,0.867,2
f0:179.563895714,158.4917275,147.706165714,142.38079,139.05674,141.50194875,148.306707143,158.932958571,173.54114,180.486351429
feature:da2,2,1,2,2,2,2,0,0,1,4,0,0,1,1,1,0,0,0,0,0,0,0,1,3,1,NONE,NONE,NONE,0,4,0,5,1,5,0.143,2
f0:178.289,178.289,170.765848333,155.57401,152.847098571,151.894393333,154.849618333,154.637455,160.187184286,188.018775
feature:shi2,2,2,2,2,2,1,0,0,1,3,1,0,1,0,2,0,0,1,119.211,0,0,119.211,1,1,1,NONE,NONE,Accented,1,3,1,4,2,4,0.286,2
f0:208.107918571,207.959605714,203.499578571,198.623528571,193.34114375,188.058754286,183.165754286,177.373942857,174.888057143,182.315962857
feature:duo1,2,2,2,1,2,4,0,0,0,2,2,0,0,2,3,1,0,0,122.211,119.211,119.211,122.211,1,1,1,Accented,NONE,NONE,2,2,2,3,3,3,0.429,1
f0:191.228216,215.542944,264.789456,279.64269,287.991665,294.94436,300.327552,307.3666,315.479004,318.458528
feature:wan4,2,2,2,4,1,2,0,1,0,1,3,1,0,1,0,0,1,0,0,122.211,122.211,0,1,1,4,NONE,Accented,NONE,3,1,3,2,4,2,0.571,4
f0:320.415155,321.0150975,320.24465,316.56759,305.317,292.6873225,278.251595,262.05717,241.3558025,217.129445
feature:yuan2,2,2,0,2,4,0,0,1,0,0,4,1,0,0,1,0,0,0,110,0,0,0,4,1,0,NONE,NONE,0,4,0,4,1,5,1,0.714,2
f0:175.136686,146.37588,143.557979,139.483597,124.268512,119.501907778,128.391469,135.092154,147.08903,166.751959
