feature:chen2,2,0,2,2,0,4,0,0,2,9,0,0,2,5,0,0,0,0,0,0,0,0,1,0,1,NONE,0,NONE,0,9,0,10,1,5,0.143,2
f0:173.90709125,197.586055714,222.3608475,229.816231429,207.56538375,198.98191,214.968387143,244.78898125,287.342045714,319.64638125
feature:men4,2,2,2,4,2,2,0,0,2,8,1,0,2,4,1,0,0,0,0,0,0,0,1,1,1,NONE,NONE,NONE,1,8,1,9,2,4,0.286,4
f0:342.46518,357.2888525,358.814222,354.1087,343.60556,328.667365,311.773825,289.802604,266.3997575,249.1158425
feature:yi2,2,2,2,2,4,3,0,0,2,7,2,0,2,3,2,0,0,0,0,0,0,0,1,1,1,NONE,NONE,NONE,2,7,2,8,3,3,0.429,2
f0:232.930918333,218.913865,207.01323,198.559768333,197.146015714,197.368276667,206.594141667,234.825101667,251.818088333,250.627923333
feature:jiu3,2,2,2,3,2,5,0,0,2,6,3,0,2,2,3,0,0,0,0,0,0,0,1,1,1,NONE,NONE,NONE,3,6,3,7,4,2,0.571,3
f0:247.373881667,244.3177,240.484173333,234.811485,208.54355,176.869104,154.588443333,142.326513333,138.008038333,143.49579
feature:de5,2,2,2,5,3,3,0,0,2,5,4,0,2,1,4,0,0,0,0,0,0,0,1,1,1,NONE,NONE,NONE,4,5,4,6,5,1,0.714,5
f0:173.662367143,177.71844,173.454532857,175.383296667,178.280061429,181.311441429,183.313241667,185.354474286,180.35817,174.50686
feature:niu3,2,2,2,3,5,1,0,0,2,4,5,0,2,0,5,0,0,1,128.158,0,0,128.158,1,1,1,NONE,NONE,Accented,5,4,5,5,1,5,0.143,3
f0:100.340994286,197.721867143,203.849998333,195.271685714,188.365522857,179.418587143,164.697985714,153.342448333,147.950491429,149.959332857
feature:yue1,2,2,2,1,3,2,0,0,1,3,6,0,1,2,6,1,0,0,131.158,128.158,128.158,131.158,1,1,1,Accented,NONE,NONE,6,3,6,4,2,4,0.286,1
f0:160.223615,177.138968,200.92631,232.070656,249.91498,263.428196667,271.374244,276.513356667,280.12832,283.92857
feature:hua2,2,2,1,2,1,3,0,1,1,2,7,1,1,1,0,0,1,0,120.526,131.158,131.158,120.526,1,1,1,NONE,Accented,NONE,7,2,7,3,3,3,0.429,2
f0:280.791195,261.8248675,246.815717143,231.8903575,211.9817725,178.52622,179.55688125,211.963658571,249.30465125,249.61012
feature:er3,1,2,2,3,2,1,0,1,1,1,8,1,1,0,1,0,0,1,125.526,120.526,120.526,125.526,1,1,3,NONE,NONE,Accented,8,1,8,2,4,2,0.571,3
f0:234.907425,213.239226667,183.4885475,156.459303333,137.6255625,124.62936,118.888255,118.19437,123.4196325,130.93911
feature:jie1,2,1,2,1,3,1,0,1,0,0,9,1,0,0,2,1,0,1,128.526,125.526,125.526,129.474,3,1,1,Accented,NONE,Accented,9,0,9,1,5,1,0.714,1
f0:171.40747,205.59727125,227.275527778,244.984951111,248.670174444,248.883065,251.784515556,257.651071111,260.90848375,255.187813333
feature:zhong1,2,2,2,1,1,2,0,0,1,7,0,0,1,4,0,1,1,0,127.474,129.474,128.526,127.474,1,3,1,Accented,Accented,NONE,0,7,0,8,1,8,0.1,1
f0:316.77701,316.77701,316.990766,317.614118,318.949975,323.999436,327.23457,327.47915,321.936744,305.338246
feature:yu2,2,2,2,2,1,4,0,0,1,6,1,0,1,3,0,0,1,0,0,127.474,127.474,0,1,1,1,NONE,Accented,NONE,1,6,1,7,2,7,0.2,2
f0:269.44537,236.137998,211.514688333,190.328052,173.725958,165.233604,165.291534,171.69186,183.88635,189.242932
feature:zou4,2,2,2,4,2,3,0,0,1,5,2,0,1,2,1,0,0,0,0,0,0,0,1,1,1,NONE,NONE,NONE,2,5,2,6,3,6,0.3,4
f0:190.908486,201.671746,239.367466667,271.331298,274.494902,264.066082,243.63754,218.674296667,193.678392,178.631318
feature:qi3,2,2,2,3,4,5,0,0,1,4,3,0,1,1,2,0,0,0,0,0,0,0,1,1,1,NONE,NONE,NONE,3,4,3,5,4,5,0.4,3
f0:166.960123333,168.565578571,173.226858333,177.949464286,182.600526667,183.875366667,167.987594286,143.253116667,119.62674,79.568695
feature:le5,2,2,2,5,3,1,0,0,1,3,4,0,1,0,3,0,0,1,119.211,0,0,119.211,1,1,1,NONE,NONE,Accented,4,3,4,4,5,4,0.5,5
f0:76.7660575,103.42118,127.206596,135.927045,142.97211,147.9419825,149.9357125,151.310496,153.46483,162.2811475
feature:huan1,2,2,2,1,5,4,0,0,0,2,5,0,0,2,4,1,0,0,122.211,119.211,119.211,122.211,1,1,1,Accented,NONE,NONE,5,2,5,3,6,3,0.6,1
f0:182.440381667,201.57993,222.322071667,243.064218333,265.88057,287.422346667,294.147731667,291.605066667,288.918535,285.911545
feature:le4,2,2,2,4,1,3,0,1,0,1,6,1,0,1,0,0,1,0,0,122.211,122.211,0,1,1,4,NONE,Accented,NONE,6,1,6,2,7,2,0.7,4
f0:287.75858,294.290908333,298.487881667,298.729146667,292.9017,279.423846,255.695211667,215.382263333,166.259075,141.23084
feature:qu3,2,2,0,3,4,0,0,1,0,0,7,1,0,0,1,0,0,0,110,0,0,0,4,1,0,NONE,NONE,0,7,0,7,1,8,1,0.8,3
f0:142.732084444,154.65554625,167.247471111,179.83939125,189.895668889,177.8516175,172.649488889,185.181155,190.832946667,190.67977
