feature:mei2,2,0,2,2,0,3,0,0,2,8,0,0,2,1,0,0,0,0,0,0,0,0,1,0,1,NONE,0,NONE,0,8,0,9,1,9,0.091,2
f0:210.9544775,211.035113333,209.78619,206.5948975,205.3204575,207.245523333,211.8306475,219.7490575,227.774446667,233.792955
feature:you3,2,2,2,3,2,1,0,0,2,7,1,0,2,0,1,0,0,1,132.297,0,0,132.297,1,1,1,NONE,NONE,Accented,1,7,1,8,2,8,0.182,3
f0:235.565968,232.422442,222.412992,206.427186,191.424654,174.19307,165.456202,165.710872,169.682218,179.510554
feature:xiang1,2,2,2,1,3,1,0,0,1,6,2,0,1,0,2,1,0,1,135.7565,132.297,132.297,135.7565,1,1,1,Accented,NONE,Accented,2,6,2,7,3,7,0.273,1
f0:197.04490625,226.44430875,260.076882857,293.45612,313.5983725,316.9910975,317.17350375,317.639584286,321.8120925,321.98254
feature:dang1,2,2,2,1,1,5,0,1,0,5,3,1,0,10,0,1,1,0,134.216,135.7565,135.7565,134.216,1,1,1,Accented,Accented,NONE,3,5,3,6,4,6,0.364,1
f0:325.80443,327.190308333,320.841264,316.558638333,315.761544,316.44165,319.308478333,320.086048,315.163156667,305.792864
feature:de5,2,2,2,5,1,4,0,2,0,4,4,2,0,9,0,0,1,0,0,134.216,134.216,0,1,1,1,NONE,Accented,NONE,4,4,4,5,5,5,0.455,5
f0:299.5450575,289.741632,265.4662625,241.2978975,220.572346,199.7369225,189.308445,186.5784125,186.705598,187.2663
feature:yi4,2,2,2,4,5,4,0,2,0,3,5,2,0,8,1,0,0,0,0,0,0,0,1,1,1,NONE,NONE,NONE,5,3,5,4,6,4,0.545,4
f0:189.233632,202.920388,236.661142,262.163902,275.885968,281.616382,281.481402,274.071004,255.414144,234.077958
feature:shu4,2,2,2,4,4,3,0,2,0,2,6,2,0,7,2,0,0,0,0,0,0,0,1,1,1,NONE,NONE,NONE,6,2,6,3,7,3,0.636,4
f0:220.599452,216.1848675,211.947104,207.7093475,203.463936,192.824322,179.33759,175.985922,174.7274975,177.778856
feature:dan3,2,2,2,3,4,2,0,2,0,1,7,2,0,6,3,0,0,0,0,0,0,0,1,1,3,NONE,NONE,NONE,7,1,7,2,8,2,0.727,3
f0:193.35,197.232298,188.366354,172.111452,155.21192,144.748064,135.88903,128.043636,100.323626,67.881776
feature:shi2,2,2,2,2,3,4,0,2,0,0,8,2,0,5,4,0,0,0,0,0,0,0,3,1,1,NONE,NONE,NONE,8,0,8,1,9,1,0.818,2
f0:79.090198,99.736153,123.501294,147.152456,157.963716364,153.139269,159.189879,166.110516,184.425534,222.497053
feature:shi4,2,2,2,4,2,4,0,0,1,7,0,0,1,4,5,0,0,0,0,0,0,0,1,3,1,NONE,NONE,NONE,0,7,0,8,1,8,0.1,4
f0:276.26599,276.26599,276.26599,276.26599,263.555835714,235.990453333,219.021465714,206.33891,203.275196667,202.438662857
feature:bu4,2,2,2,4,4,2,0,0,1,6,1,0,1,3,6,0,0,0,0,0,0,0,1,1,1,NONE,NONE,NONE,1,6,1,7,2,7,0.2,4
f0:195.896543333,196.717204,222.111233333,262.117708,302.60686,337.89444,344.93391,336.783675,310.811702,263.242008333
feature:gan2,2,2,2,2,4,2,0,0,1,5,2,0,1,2,7,0,0,0,0,0,0,0,1,1,1,NONE,NONE,NONE,2,5,2,6,3,6,0.3,2
f0:235.398223333,220.131796667,204.908961429,182.348933333,154.593555,139.536866667,142.583726667,149.383981429,150.838573333,124.912105
feature:you2,2,2,2,2,2,3,0,0,1,4,3,0,1,1,8,0,0,0,0,0,0,0,1,1,1,NONE,NONE,NONE,3,4,3,5,4,5,0.4,2
f0:74.487925,77.648595,129.416056667,179.405166667,185.910557143,180.926388333,178.833426667,186.432445,212.211311667,226.927906667
feature:ci3,2,2,2,3,2,1,0,0,1,3,4,0,1,0,9,0,0,1,119.324,0,0,119.324,1,1,1,NONE,NONE,Accented,4,3,4,4,5,4,0.5,3
f0:225.8339675,219.235042,211.794645,204.354246,196.9138525,190.536365,183.095974,175.52209,160.954054,146.009545
feature:she1,2,2,2,1,3,4,0,0,0,2,5,0,0,2,10,1,0,0,122.324,119.324,119.324,122.324,1,1,1,Accented,NONE,NONE,5,2,5,3,6,3,0.6,1
f0:144.895632857,156.049857143,170.578111667,185.720782857,202.240067143,214.557465714,210.275137143,201.655775,200.121691429,201.794535714
feature:wang4,2,2,2,4,1,5,0,1,0,1,6,1,0,1,0,0,1,0,0,122.324,122.324,0,1,1,4,NONE,Accented,NONE,6,1,6,2,7,2,0.7,4
f0:206.216688571,226.150238333,246.820455714,238.413376667,217.196461429,184.914644286,155.102046667,137.286762857,130.005715,128.58576
feature:de5,2,2,0,5,4,0,0,1,0,0,7,1,0,0,1,0,0,0,110,0,0,0,4,1,0,NONE,NONE,0,7,0,7,1,8,1,0.8,5
f0:129.28841,129.68838,128.83717,126.2467125,120.5039,112.5336575,105.611305,104.1103125,103.37527,101.7513075
