feature:er2,1,0,2,2,0,2,0,0,2,11,0,0,2,3,0,0,0,0,0,130,0,0,1,0,1,NONE,0,NONE,0,11,0,12,1,7,0.111,2
f0:226.285606667,226.307502,226.630836667,227.602152,228.857975,232.730561667,238.344106,246.656943333,255.49696,261.87933
feature:wu2,2,1,2,2,2,4,0,0,2,10,1,0,2,2,1,0,0,0,0,0,0,0,1,1,1,NONE,NONE,NONE,1,10,1,11,2,6,0.222,2
f0:262.005928333,252.231911667,234.634296667,222.080365,213.607306667,210.829458,215.809753333,226.385786667,251.823173333,285.402266667
feature:lun4,2,2,2,4,2,4,0,0,2,9,2,0,2,1,2,0,0,0,0,0,0,0,1,1,1,NONE,NONE,NONE,2,9,2,10,3,5,0.333,4
f0:296.903228,316.653028333,351.447412,362.350493333,360.399316,347.885188,319.570045,285.43144,259.832803333,248.956934
feature:shi4,2,2,2,4,4,1,0,0,2,8,3,0,2,0,3,0,0,1,128.84599,0,0,128.84599,1,1,1,NONE,NONE,Accented,3,8,3,9,4,4,0.444,4
f0:248.7115225,257.303196667,268.716385,279.36903,283.46763,246.26260125,224.918345,213.7648,212.466507778,216.7871875
feature:gao1,2,2,2,1,4,2,0,0,1,7,4,0,1,4,4,1,0,0,131.84599,128.84599,128.84599,131.84599,1,1,1,Accented,NONE,NONE,4,7,4,8,5,3,0.556,1
f0:237.440648333,263.87754,290.059198333,306.36864,308.75086,309.82354,311.684508333,314.625914,317.121536667,313.192364
feature:wan2,2,2,2,2,1,4,0,1,1,6,5,1,1,3,0,0,1,0,0,131.84599,131.84599,0,1,1,1,NONE,Accented,NONE,5,6,5,7,6,2,0.667,2
f0:286.343878333,268.746735,242.895136667,187.786353333,159.883723333,156.60871,158.526956667,162.097888333,183.371441667,211.959006667
feature:su4,2,2,2,4,2,2,0,1,1,5,6,1,1,2,1,0,0,0,0,0,0,0,1,1,1,NONE,NONE,NONE,6,5,6,6,7,1,0.778,4
f0:235.749475,270.365464444,306.829806,330.769605556,316.620179,267.119546,207.391505556,164.654525,151.072512222,162.389161
feature:hai2,2,2,2,2,4,5,0,1,1,4,7,1,1,1,2,0,0,0,0,0,0,0,1,1,1,NONE,NONE,NONE,7,4,7,5,1,5,0.143,2
f0:225.120758333,229.47501,229.47501,229.47501,229.47501,229.22362,214.783256667,188.680733333,187.524654286,201.938291667
feature:shi5,2,2,2,5,2,1,0,1,1,3,8,1,1,0,3,0,0,1,121.154,0,0,121.154,1,1,1,NONE,NONE,Accented,8,3,8,4,2,4,0.286,5
f0:213.126191429,225.425442857,238.338008333,250.048757143,244.717138571,217.079595714,194.507954286,183.642116667,181.219894286,176.4772
feature:ma1,2,2,2,1,5,4,0,1,0,2,9,1,0,2,4,1,0,0,124.154,121.154,121.154,124.154,1,1,1,Accented,NONE,NONE,9,2,9,3,3,3,0.429,1
f0:169.590963333,171.033825,180.071878,179.532025,171.29172,161.903896667,158.982675,162.817954,184.291255,209.542956667
feature:zui4,2,2,2,4,1,4,0,2,0,1,10,2,0,1,0,0,1,0,0,124.154,124.154,0,1,1,4,NONE,Accented,NONE,10,1,10,2,4,2,0.571,4
f0:219.724503333,240.262326,277.177571667,298.966628,297.063965,275.82219,248.974206,222.104618333,201.56463,194.23567
feature:ji4,2,2,0,4,4,0,0,2,0,0,11,2,0,0,1,0,0,0,110,0,0,0,4,1,0,NONE,NONE,0,11,0,11,1,5,1,0.714,4
f0:201.05974,226.1527,253.352365,270.981265556,264.8808575,223.73141375,139.965323333,67.59335375,66.8062066667,63.66181875
