feature:jiang1,2,0,2,1,0,2,0,0,2,10,0,0,2,1,0,1,0,0,137.60001,139.60001,0,137.60001,1,0,1,Accented,0,NONE,0,10,0,11,1,8,0.1,1
f0:188.918793333,245.364422,324.289641667,359.923348,362.504055,362.206731667,361.719446,361.416248333,359.112572,340.939843333
feature:qi2,2,2,2,2,1,1,0,0,2,9,1,0,2,0,0,0,1,1,133,137.60001,137.60001,133,1,1,1,NONE,Accented,Accented,1,9,1,10,2,7,0.2,2
f0:322.299358,313.323718,303.22613,293.12854,281.465748,252.115044,228.952584,227.561028333,235.257238,238.915262
feature:shi1,2,2,2,1,2,3,0,0,1,8,2,0,1,1,1,1,0,0,136,133,133,136,1,1,1,Accented,NONE,NONE,2,8,2,9,3,6,0.3,1
f0:248.281444286,267.243348333,287.088867143,306.934388333,326.529522857,337.879918333,341.13579,343.916453333,339.660257143,326.775278333
feature:ti3,2,2,2,3,1,1,0,1,1,7,3,1,1,0,0,0,1,1,131.39999,136,136,131.39999,1,1,1,NONE,Accented,Accented,3,7,3,8,4,5,0.4,3
f0:307.8224325,281.836552857,254.79632875,228.478002857,205.74660375,180.947355,159.212561429,143.3130325,147.739288571,153.7225625
feature:jia1,2,2,2,1,3,3,0,1,0,6,4,1,0,8,1,1,0,0,134.39999,131.39999,131.39999,134.39999,1,1,1,Accented,NONE,NONE,4,6,4,7,5,4,0.5,1
f0:178.299158333,202.300814,224.03476,248.356623333,266.434068333,268.440008,264.945726667,266.61206,271.285388,270.686258333
feature:yi3,2,2,2,3,1,2,0,2,0,5,5,2,0,7,0,0,1,0,0,134.39999,134.39999,0,1,1,1,NONE,Accented,NONE,5,5,5,6,6,3,0.6,3
f0:252.641647143,218.021298333,199.40472,191.141476667,181.258457143,166.273181667,150.362447143,147.110916667,145.144865714,143.951
feature:fang2,2,2,2,2,3,3,0,2,0,4,6,2,0,6,1,0,0,0,0,0,0,0,1,1,1,NONE,NONE,NONE,6,4,6,5,7,2,0.7,2
f0:140.980021429,126.47049625,113.96411,145.2980175,176.8151,176.342451429,201.18383875,242.982885714,291.47393375,313.153981429
feature:fu3,2,2,2,3,2,2,0,2,0,3,7,2,0,5,2,0,0,0,0,0,0,0,1,1,1,NONE,NONE,NONE,7,3,7,4,8,1,0.8,3
f0:295.254938333,271.15184,247.207733333,223.263616667,199.31952,177.675654,156.59029,131.377653333,113.066128333,109.771
feature:chu2,2,2,2,2,3,3,0,2,0,2,8,2,0,4,3,0,0,0,0,0,0,0,1,1,1,NONE,NONE,NONE,8,2,8,3,1,3,0.2,2
f0:187.16351,200.82101,200.82101,200.82101,200.82101,200.82101,201.913146,215.195294,231.255502,231.8792
feature:li3,2,2,2,3,2,4,0,2,0,1,9,2,0,3,4,0,0,0,0,0,0,0,1,1,3,NONE,NONE,NONE,9,1,9,2,2,2,0.4,3
f0:228.763898,227.86341,226.45107,213.347582,181.094098,152.0164975,133.982484,114.598868,111.2682075,122.761436
feature:hou4,2,2,2,4,3,4,0,2,0,0,10,2,0,2,5,0,0,0,0,0,0,0,3,1,1,NONE,NONE,NONE,10,0,10,1,3,1,0.6,4
f0:166.60889625,191.61737875,209.7981275,222.6177075,209.06419,179.363695714,144.2816325,118.12606625,106.93097875,96.85669625
feature:zang4,2,2,2,4,4,4,0,0,3,12,0,0,3,1,6,0,0,0,0,0,0,0,1,3,1,NONE,NONE,NONE,0,12,0,13,1,13,0.067,4
f0:298.97601,298.97601,298.393095,293.844478,284.036146,271.56352,257.475818,237.246026667,217.39852,208.41964
feature:zai4,2,2,2,4,4,1,0,0,3,11,1,0,3,0,7,0,0,1,124.2,0,0,124.2,1,1,1,NONE,NONE,Accented,1,11,1,12,2,12,0.133,4
f0:208.413265714,219.310366667,214.589435714,201.206363333,193.531397143,187.516972857,185.080863333,185.219311429,187.17491,195.436624286
feature:song1,2,2,2,1,4,3,0,0,2,10,2,0,2,1,8,1,0,0,127.2,124.2,124.2,127.2,1,1,1,Accented,NONE,NONE,2,10,2,11,3,11,0.2,1
f0:204.825182857,226.74895,256.808922857,286.885577143,308.343315714,309.94573,309.965778571,317.948374286,323.817877143,315.18147
feature:ling3,2,2,2,3,1,1,0,1,2,9,3,1,2,0,0,0,1,1,122.6,127.2,127.2,122.6,1,1,1,NONE,Accented,Accented,3,9,3,10,4,10,0.267,3
f0:288.515341667,272.038756,248.760143333,213.508823333,180.302693333,149.93692,128.543086667,118.462778333,107.92808,74.6087183333
feature:gong1,2,2,2,1,3,4,0,1,1,8,4,1,1,2,1,1,0,0,125.6,122.6,122.6,125.6,1,1,1,Accented,NONE,NONE,4,8,4,9,5,9,0.333,1
f0:72.973116,159.955097,250.87354,266.754309,273.317823,281.594964,288.608456,284.826865,251.973221,201.421822
feature:mu4,2,2,2,4,1,5,0,2,1,7,5,2,1,1,0,0,1,0,0,125.6,125.6,0,1,1,1,NONE,Accented,NONE,5,7,5,8,6,8,0.4,4
f0:180.718473333,179.20276,178.16614,176.541483333,175.98831,174.85845,172.95495,170.910176667,169.91519,169.621563333
feature:de5,2,2,2,5,4,1,0,2,1,6,6,2,1,0,1,0,0,1,120.2,0,0,120.2,1,1,1,NONE,NONE,Accented,6,6,6,7,7,7,0.467,5
f0:169.294046,168.952155,166.415874,163.451624,158.979224,153.6091425,150.108668,148.995316,148.4114875,144.18912
feature:wei1,2,2,1,1,5,3,0,2,0,5,7,2,0,5,2,1,0,0,123.2,120.2,120.2,123.2,1,1,1,Accented,NONE,NONE,7,5,7,6,8,6,0.533,1
f0:88.4223671429,94.3445525,188.6684,252.38357,305.11356125,324.877475,329.631535714,331.008687143,317.45447375,285.318188571
feature:er3,1,2,2,3,1,2,0,3,0,4,8,3,0,4,0,0,1,0,0,123.2,123.2,0,1,1,1,NONE,Accented,NONE,8,4,8,5,9,5,0.6,3
f0:255.4682675,233.7673425,205.54561,176.0101725,143.631166,121.584955,112.6646675,112.0583575,115.4066925,118.8989425
feature:bo2,2,1,2,2,3,4,0,3,0,3,9,3,0,3,1,0,0,0,0,0,0,0,1,1,1,NONE,NONE,NONE,9,3,9,4,10,4,0.667,2
f0:126.377232857,137.851613333,149.40474,157.634135,157.410524286,152.5072,151.09355,154.252028333,169.768001429,196.486521667
feature:mu4,2,2,2,4,2,4,0,3,0,2,10,3,0,2,2,0,0,0,0,0,0,0,1,1,1,NONE,NONE,NONE,10,2,10,3,11,3,0.733,4
f0:225.551838,249.7952,267.888164,282.38235,286.27655,283.87018,272.19836,250.439006,229.958018,207.230806
feature:di4,2,2,2,4,4,3,0,3,0,1,11,3,0,1,3,0,0,0,0,0,0,0,1,1,4,NONE,NONE,NONE,11,1,11,2,12,2,0.8,4
f0:192.372216,193.1599975,195.702024,197.333804,197.012412,189.50568,173.547746,159.944498,155.2665225,152.788072
feature:li3,2,2,0,3,4,0,0,3,0,0,12,3,0,0,4,0,0,0,110,0,0,0,4,1,0,NONE,NONE,0,12,0,12,1,13,1,0.867,3
f0:150.24155,152.471422,155.315751667,155.971872,156.50863,156.713143333,142.271584,116.830391667,112.013684,108.98949
