feature:ha1,2,0,2,1,0,2,0,0,1,10,0,0,1,5,0,1,0,0,137.459,134.459,0,137.459,1,0,1,Accented,0,NONE,0,10,0,11,1,5,0.143,1
f0:336.961,336.961,336.961,336.851523333,330.554994286,326.105806667,330.155186667,335.371088333,339.080593333,329.579408333
feature:zhou2,2,2,2,2,1,4,0,0,1,9,1,0,1,4,0,0,1,0,0,137.459,137.459,0,1,1,1,NONE,Accented,NONE,1,9,1,10,2,4,0.286,2
f0:290.475101429,283.523288333,273.14189,236.736088333,194.970201429,169.546071667,166.581005714,170.833321667,179.390418571,189.293066667
feature:diao4,2,2,2,4,2,4,0,0,1,8,2,0,1,3,1,0,0,0,0,0,0,0,1,1,1,NONE,NONE,NONE,2,8,2,9,3,3,0.429,4
f0:193.073016667,220.695286667,271.641222,294.044813333,290.8849,273.283683333,247.541968333,226.595038,211.36242,205.17243
feature:jin4,2,2,2,4,4,5,0,0,1,7,3,0,1,2,2,0,0,0,0,0,0,0,1,1,1,NONE,NONE,NONE,3,7,3,8,4,2,0.571,4
f0:195.476502,190.30567,192.386026,203.519568,216.451862,221.00563,218.585336,206.926292,194.1234675,183.290252
feature:le5,2,2,2,5,4,2,0,0,1,6,4,0,1,1,3,0,0,0,0,0,0,0,1,1,1,NONE,NONE,NONE,4,6,4,7,5,1,0.714,5
f0:173.996736667,165.0972775,160.607885556,155.22295375,150.412248889,147.49162375,148.420392222,147.651875,131.075723333,126.38325875
feature:ren2,2,2,2,2,5,1,0,0,1,5,5,0,1,0,4,0,0,1,127.97301,0,0,127.97301,1,1,1,NONE,NONE,Accented,5,5,5,6,1,6,0.125,2
f0:115.467278333,162.623457143,186.15438,189.576501429,189.13926,186.652636667,188.438678571,204.780705,232.694807143,258.097831667
feature:xin1,2,2,2,1,2,2,0,0,0,4,6,0,0,6,5,1,0,0,130.97301,127.97301,127.97301,130.97301,1,1,1,Accented,NONE,NONE,6,4,6,5,2,5,0.25,1
f0:267.672095714,277.455061667,290.312295714,304.355188571,318.434571429,330.94106,335.634767143,341.723244286,349.80169,347.90761
feature:san2,2,2,2,2,1,2,0,1,0,3,7,1,0,5,0,0,1,0,0,130.97301,130.97301,0,1,1,1,NONE,Accented,NONE,7,3,7,4,3,4,0.375,2
f0:314.598568889,287.847133333,262.792298,226.395022222,172.730837778,157.224241111,151.09996,144.360321,139.045624444,117.721258889
feature:guan2,2,2,2,2,2,3,0,1,0,2,8,1,0,4,1,0,0,0,0,0,0,0,1,1,1,NONE,NONE,NONE,8,2,8,3,4,3,0.5,2
f0:104.855024444,114.559288889,139.740461111,165.978618889,192.216778889,214.11607625,209.022761111,192.108208889,187.59919,215.361924444
feature:li3,2,2,2,3,2,4,0,1,0,1,9,1,0,3,2,0,0,0,0,0,0,0,1,1,3,NONE,NONE,NONE,9,1,9,2,5,2,0.625,3
f0:258.07506,281.857946667,291.758692,293.776495,289.581186,269.050406,224.054096667,180.561518,155.724141667,149.771826
feature:luan4,2,2,2,4,3,4,0,1,0,0,10,1,0,2,3,0,0,0,0,0,0,0,3,1,1,NONE,NONE,NONE,10,0,10,1,6,1,0.75,4
f0:155.662642222,200.904291,242.934673333,238.410323333,194.534736,153.951398889,139.973351111,143.926213333,127.473339,62.5119766667
feature:qian4,2,2,2,4,4,4,0,0,1,5,0,0,1,1,4,0,0,0,0,0,0,0,1,3,1,NONE,NONE,NONE,0,5,0,6,1,6,0.125,4
f0:351.659,351.659,351.659,351.659,351.070367143,344.488922857,320.330174286,278.851032857,244.54785,239.223335714
feature:zhang4,2,2,2,4,4,1,0,0,1,4,1,0,1,0,5,0,0,1,120.405,0,0,120.405,1,1,1,NONE,NONE,Accented,1,4,1,5,2,5,0.25,4
f0:255.555273333,280.668375,278.699025,265.26292,244.155771667,221.136726667,202.624241667,189.77235,189.754701667,194.235153333
feature:duo1,2,2,2,1,4,5,0,0,0,3,2,0,0,3,6,1,0,0,123.405,120.405,120.405,123.405,1,1,1,Accented,NONE,NONE,2,3,2,4,3,4,0.375,1
f0:197.848228,233.425451667,278.050578,291.558368333,301.918726,308.870216,313.400216667,315.061072,311.7085,299.591352
feature:de5,2,2,2,5,1,4,0,1,0,2,3,1,0,2,0,0,1,0,0,123.405,123.405,0,1,1,1,NONE,Accented,NONE,3,2,3,3,4,3,0.5,5
f0:283.49331,270.89279,258.179665,241.786033333,217.7774375,190.977696667,170.225045,160.27558,157.8859775,158.369343333
feature:xian4,2,2,2,4,5,3,0,1,0,1,4,1,0,1,1,0,0,0,0,0,0,0,1,1,4,NONE,NONE,NONE,4,1,4,2,5,2,0.625,4
f0:165.72775125,190.72480125,220.44257,250.160335,276.34571625,276.00054125,240.5900675,201.899204286,162.41859625,150.3624375
feature:jing3,2,2,0,3,4,0,0,1,0,0,5,1,0,0,2,0,0,0,110,0,0,0,4,1,0,NONE,NONE,0,5,0,5,1,6,1,0.75,3
f0:149.8334575,155.136511429,161.953245,165.941952857,157.25505625,97.79475625,62.1855557143,79.79054,139.408077143,174.65456375
