feature:wo4,2,0,2,4,0,1,0,0,3,12,0,0,3,0,0,0,0,1,132.931,130,0,132.931,1,0,1,NONE,0,Accented,0,12,0,13,1,4,0.167,4
f0:347.247434,359.263818,366.091314,370.620882,370.851911667,357.32843,337.194776,310.359308,284.359338,272.73524
feature:sen1,2,2,2,1,4,2,0,0,2,11,1,0,2,3,1,1,0,0,135.931,132.931,132.931,135.931,1,1,1,Accented,NONE,NONE,1,11,1,12,2,3,0.333,1
f0:267.699181429,277.542228571,294.284824286,311.155002857,327.197554286,327.681853333,325.991372857,327.871917143,332.955138571,336.208171429
feature:han2,2,2,2,2,1,4,0,1,2,10,2,1,2,2,0,0,1,0,0,135.931,135.931,0,1,1,1,NONE,Accented,NONE,2,10,2,11,3,2,0.5,2
f0:319.13012375,289.60983,260.43677125,233.20857125,200.419046667,163.63211875,160.5285025,166.67842625,201.507072222,239.46438125
feature:hen4,2,2,2,4,2,2,0,1,2,9,3,1,2,1,1,0,0,0,0,0,0,0,1,1,1,NONE,NONE,NONE,3,9,3,10,4,1,0.667,4
f0:256.889715,284.968492222,314.11587125,338.478006667,321.94768375,280.92496875,227.43468,176.63905375,133.183336667,107.43
feature:li2,2,2,2,2,4,1,0,1,2,8,4,1,2,0,2,0,0,1,127.414,0,0,127.414,1,1,1,NONE,NONE,Accented,4,8,4,9,1,9,0.091,2
f0:171.633001667,172.009914,183.11861,195.569602,195.80812,195.141546,197.396288333,205.958128,212.68932,216.838642
feature:kai1,2,2,2,1,2,5,0,1,1,7,5,1,1,6,3,1,0,0,130.414,127.414,127.414,130.414,1,1,1,Accented,NONE,NONE,5,7,5,8,2,8,0.182,1
f0:223.33609,231.791278,240.272375,248.753486,255.166665,254.645873333,249.539266,248.92799,248.181766,241.703606667
feature:le5,2,2,2,5,1,4,0,2,1,6,6,2,1,5,0,0,1,0,0,130.414,130.414,0,1,1,1,NONE,Accented,NONE,6,6,6,7,3,7,0.273,5
f0:233.399106667,219.626786667,206.46077,193.393566667,174.36882,161.340898333,158.119275,158.982811667,163.685628333,177.451291667
feature:lv4,2,2,2,4,5,4,0,2,1,5,7,2,1,4,1,0,0,0,0,0,0,0,1,1,1,NONE,NONE,NONE,7,5,7,6,4,6,0.364,4
f0:200.973308333,234.941028333,267.628918333,313.434535,321.522687143,314.023848333,289.439155,253.485656667,223.478155,208.084411667
feature:se4,2,2,2,4,4,2,0,2,1,4,8,2,1,3,2,0,0,0,0,0,0,0,1,1,1,NONE,NONE,NONE,8,4,8,5,5,5,0.455,4
f0:201.991031429,212.40963125,231.469342857,246.43203,239.689145,211.334335,188.724058571,169.995311429,170.99098,192.215872857
feature:he2,2,2,2,2,4,2,0,2,1,3,9,2,1,2,3,0,0,0,0,0,0,0,1,1,1,NONE,NONE,NONE,9,3,9,4,6,4,0.545,2
f0:199.456924286,202.56474125,207.277331429,211.70544,209.35771,189.583858571,188.73299625,213.89234,262.543475,291.37442
feature:ping2,2,2,2,2,2,3,0,2,1,2,10,2,1,1,4,0,0,0,0,0,0,0,1,1,1,NONE,NONE,NONE,10,2,10,3,7,3,0.636,2
f0:279.959761429,254.573248571,228.805551429,206.053957143,191.247998571,172.961795714,159.346357143,159.559632857,177.00757,190.069998571
feature:zu3,2,2,2,3,2,1,0,2,1,1,11,2,1,0,5,0,0,1,117.759,0,0,117.759,1,1,4,NONE,NONE,Accented,11,1,11,2,8,2,0.727,3
f0:192.782121667,194.12778,196.053516667,195.110458,174.833868333,136.38939,101.233366667,97.250812,102.548575,108.849886
feature:zhi1,2,2,0,1,3,0,0,2,0,0,12,2,0,0,6,1,0,0,120.759,117.759,117.759,0,4,1,0,Accented,NONE,0,12,0,12,1,9,1,0.818,1
f0:115.151196667,121.452508,127.753815,134.45037,137.672521667,134.987006,125.909951667,130.102976667,135.152468,135.182101667
