feature:dang1,2,0,2,1,0,4,0,0,3,14,0,0,3,1,0,1,0,0,137.394,139.394,0,137.394,1,0,1,Accented,0,NONE,0,14,0,15,1,5,0.143,1
f0:317.509,317.12536875,313.97166875,314.63306625,316.06729375,315.756731429,313.510925,313.64369875,316.0133475,318.26413
feature:yue4,2,2,2,4,1,1,0,0,3,13,1,0,3,0,0,0,1,1,131.97,137.394,137.394,131.97,1,1,1,NONE,Accented,Accented,1,13,1,14,2,4,0.286,4
f0:322.30625,340.15559,357.614074,363.941942,365.53909,362.4397275,348.370698,324.78678,294.830476,260.143002
feature:guang1,2,2,2,1,4,2,0,0,2,12,2,0,2,5,1,1,0,0,134.97,131.97,131.97,134.97,1,1,1,Accented,NONE,NONE,2,12,2,13,3,3,0.429,1
f0:229.006631667,234.944166,263.126908333,289.514368,296.153483333,297.176631667,303.200122,306.891638333,306.165472,300.528646667
feature:niang2,2,2,2,2,1,2,0,1,2,11,3,1,2,4,0,0,1,0,0,134.97,134.97,0,1,1,1,NONE,Accented,NONE,3,11,3,12,4,2,0.571,2
f0:285.897654286,270.172426667,245.843165714,217.505421667,183.671138571,155.435237143,152.272261667,157.796654286,164.940063333,184.737211429
feature:niang2,2,2,2,2,2,3,0,1,2,10,4,1,2,3,1,0,0,0,0,0,0,0,1,1,1,NONE,NONE,NONE,4,10,4,11,5,1,0.714,2
f0:206.797064444,223.659368889,228.21841875,213.854693333,177.969601111,149.239482222,140.991828889,142.6133025,158.342623333,180.454792222
feature:sa3,2,2,2,3,2,4,0,1,2,9,5,1,2,2,2,0,0,0,0,0,0,0,1,1,1,NONE,NONE,NONE,5,9,5,10,1,10,0.083,3
f0:224.008001667,224.008,224.008,224.008,223.558746667,209.063844,180.459725,160.643904,150.84366,153.043516
feature:xia4,2,2,2,4,3,4,0,1,2,8,6,1,2,1,3,0,0,0,0,0,0,0,1,1,1,NONE,NONE,NONE,6,8,6,9,2,9,0.167,4
f0:169.52136375,182.464262857,197.96603125,212.292692857,214.5847075,202.485741429,186.26916125,182.351821429,183.33587625,189.56261
feature:di4,2,2,2,4,4,1,0,1,2,7,7,1,2,0,4,0,0,1,124.69701,0,0,124.69701,1,1,1,NONE,NONE,Accented,7,7,7,8,3,8,0.25,4
f0:201.38421,219.110758,239.852444,260.90069,279.232392,285.097828,285.781798,285.973698,286.00611,286.929542
feature:yi1,2,2,2,1,4,2,0,1,1,6,8,1,1,2,5,1,0,0,127.697,124.69701,124.69701,127.697,1,1,1,Accented,NONE,NONE,8,6,8,7,4,7,0.333,1
f0:291.6657325,297.196776667,301.01303,305.6442475,309.65425,313.11805,314.6911175,314.551795,311.61623,301.11036
feature:ceng2,2,2,2,2,1,2,0,2,1,5,9,2,1,1,0,0,1,0,0,127.697,127.697,0,1,1,1,NONE,Accented,NONE,9,5,9,6,5,6,0.417,2
f0:283.92210625,266.211984286,248.562715,229.55581625,209.98690125,185.003682857,178.80058125,187.17222875,195.266588571,203.72490125
feature:yin2,2,2,2,2,2,1,0,2,1,4,10,2,1,0,1,0,0,1,121.061,0,0,121.061,1,1,1,NONE,NONE,Accented,10,4,10,5,6,5,0.5,2
f0:203.467822,198.128822,191.90497,185.431888,173.814656667,161.612802,152.426646,149.212594,150.711094,161.670252
feature:sha1,2,2,2,1,2,5,0,2,0,3,11,2,0,3,2,1,0,0,124.061,121.061,121.061,124.061,1,1,1,Accented,NONE,NONE,11,3,11,4,7,4,0.583,1
f0:181.910965,196.971091429,220.313716667,244.800234286,269.831725,290.059865,292.828288571,292.456235,294.862955714,288.16946
feature:de5,2,2,2,5,1,2,0,3,0,2,12,3,0,2,0,0,1,0,0,124.061,124.061,0,1,1,1,NONE,Accented,NONE,12,2,12,3,8,3,0.667,5
f0:270.873563333,267.864266667,266.360355,265.36956,263.437543333,254.073516667,236.830063333,227.43741,219.145916667,204.39248
feature:shi2,2,2,2,2,5,5,0,3,0,1,13,3,0,1,1,0,0,0,0,0,0,0,1,1,4,NONE,NONE,NONE,13,1,13,2,9,2,0.75,2
f0:186.334346,172.156348333,168.880728,166.483212,163.786003333,161.088798,158.69128,156.271468,152.331943333,148.729338
feature:hou5,2,2,0,5,2,0,0,3,0,0,14,3,0,0,2,0,0,0,110,0,0,0,4,1,0,NONE,NONE,0,14,0,14,1,10,1,0.833,5
f0:152.2691825,163.066687143,174.40099875,184.907217143,185.92716375,168.450357143,146.8619,110.161902857,75.92679625,71.3459
