feature:zhen1,2,0,2,1,0,2,0,0,4,10,0,0,4,3,0,1,0,0,137.2,139.2,0,137.2,1,0,1,Accented,0,NONE,0,10,0,11,1,6,0.125,1
f0:324.694,324.694,324.694,321.82952,301.702225,290.68152,290.6095125,291.29921,291.7308875,290.2243025
feature:you2,2,2,2,2,1,3,0,0,4,9,1,0,4,2,0,0,1,0,0,137.2,137.2,0,1,1,1,NONE,Accented,NONE,1,9,1,10,2,5,0.25,2
f0:283.38709625,269.033852222,235.64945625,205.794196667,188.6738075,182.0570525,181.709668889,186.73223125,198.769817778,213.4808125
feature:jiu3,2,2,2,3,2,2,0,0,4,8,2,0,4,1,1,0,0,0,0,0,0,0,1,1,1,NONE,NONE,NONE,2,8,2,9,3,4,0.375,3
f0:208.99244,218.500054286,232.51587625,238.30352875,217.20689625,189.723474286,165.72590375,152.1247825,148.411901429,153.97049
feature:feng2,2,2,2,2,3,1,0,0,4,7,3,0,4,0,2,0,0,1,127.8,0,0,127.8,1,1,1,NONE,NONE,Accented,3,7,3,8,4,3,0.5,2
f0:168.409925714,182.783604286,195.948546667,199.59919,180.772541429,174.64811,182.99967,194.712718333,213.92957,246.013008571
feature:zhi1,2,2,2,1,2,3,0,0,3,6,4,0,3,1,3,1,0,0,130.8,127.8,127.8,130.8,1,1,1,Accented,NONE,NONE,4,6,4,7,5,2,0.625,1
f0:274.543861667,291.938732,309.333595,325.136423333,331.142721667,335.638826,340.074223333,341.514881667,324.359978,293.221756667
feature:ji3,2,2,2,3,1,1,0,1,3,5,5,1,3,0,0,0,1,1,119.6,130.8,130.8,129.60001,1,1,1,NONE,Accented,Accented,5,5,5,6,6,1,0.75,3
f0:274.553252857,255.372928571,236.19261,209.150084286,181.50885625,161.897681429,148.688947143,144.940284286,144.373732857,137.105084286
feature:qian1,2,2,2,1,3,1,0,1,2,4,6,1,2,0,1,1,0,1,127.8,129.60001,119.6,127.8,1,1,1,Accented,NONE,Accented,6,4,6,5,1,5,0.143,1
f0:313.406455,331.72803,331.72803,331.72803,331.8402525,335.04732,339.908734286,338.52220875,332.730012857,330.893005
feature:bei1,2,2,2,1,1,3,0,2,1,3,7,2,1,1,0,1,1,0,126,127.8,127.8,126,1,1,1,Accented,Accented,NONE,7,3,7,4,2,4,0.286,1
f0:332.442922,349.078296,355.53563,355.205518,351.929982,349.869146,350.157684,350.7925725,350.176898,339.84339
feature:shao3,2,2,2,3,1,1,0,3,1,2,8,3,1,0,0,0,1,1,119.8,126,126,119.8,1,1,1,NONE,Accented,Accented,8,2,8,3,3,3,0.429,3
f0:324.338621429,308.21266,290.43082875,272.648991429,246.075461429,201.540385714,164.48936,147.91204125,144.561688571,150.075094286
feature:zhi1,2,2,2,1,3,3,0,3,0,1,9,3,0,1,1,1,0,0,122.8,119.8,119.8,122.8,1,1,4,Accented,NONE,NONE,9,1,9,2,4,2,0.571,1
f0:167.89625,183.180842,205.275036667,231.110406,251.072532,260.718538,267.926644,276.175275,271.339314,251.086374
feature:gan3,2,2,0,3,1,0,0,4,0,0,10,4,0,0,0,0,1,0,110,122.8,122.8,0,4,1,0,NONE,Accented,0,10,0,10,1,5,1,0.714,3
f0:250.522988333,249.07583,223.500886667,177.171366667,138.039313333,111.498411667,92.6842833333,83.131745,75.1339066667,72.2896216667
