feature:ban4,2,0,2,4,0,4,0,0,7,20,0,0,7,7,0,0,0,0,0,130,0,0,1,0,1,NONE,0,NONE,0,20,0,21,1,2,0.25,4
f0:343.9521575,377.784953333,375.56678,368.199586667,362.1158825,355.324603333,345.2521225,333.115916667,318.4346525,300.62039
feature:shi4,2,2,2,4,4,4,0,0,7,19,1,0,7,6,1,0,0,0,0,0,0,0,1,1,1,NONE,NONE,NONE,1,19,1,20,2,1,0.5,4
f0:282.887194,278.888761667,282.627522,288.323968,293.557066667,291.277452,269.808736,254.663938,237.19846,209.406288
feature:chu4,2,2,2,4,4,2,0,0,7,18,2,0,7,5,2,0,0,0,0,0,0,0,1,1,1,NONE,NONE,NONE,2,18,2,19,1,13,0.067,4
f0:282.302737143,287.11804,287.11804,286.893737143,269.940377143,241.021994286,221.379378571,209.06734,205.637651429,214.106868571
feature:hai2,2,2,2,2,4,2,0,0,7,17,3,0,7,4,3,0,0,0,0,0,0,0,1,1,1,NONE,NONE,NONE,3,17,3,18,2,12,0.133,2
f0:223.67322,231.540592857,241.609352857,244.872348571,220.2469,199.355955714,193.141544286,193.453777143,199.943064286,208.892032857
feature:ting2,2,2,2,2,2,3,0,0,7,16,4,0,7,3,4,0,0,0,0,0,0,0,1,1,1,NONE,NONE,NONE,4,16,4,17,3,11,0.2,2
f0:208.350584286,211.42304,221.515091429,232.109551429,233.167972857,213.092328571,209.451664286,222.539744286,256.807065714,271.669307143
feature:zhi3,2,2,2,3,2,5,0,0,7,15,5,0,7,2,5,0,0,0,0,0,0,0,1,1,1,NONE,NONE,NONE,5,15,5,16,4,10,0.267,3
f0:267.810418,263.5744825,259.331652,254.371968,243.529784,223.5774975,191.122552,163.129846,149.55627,146.650942
feature:le5,2,2,2,5,3,4,0,0,7,14,6,0,7,1,6,0,0,0,0,0,0,0,1,1,1,NONE,NONE,NONE,6,14,6,15,5,9,0.333,5
f0:146.428442,149.306972,152.916068333,153.93215,154.674534,156.776792,160.076306,165.696628333,171.367836,175.876928
feature:zai4,2,2,2,4,5,1,0,0,7,13,7,0,7,0,7,0,0,1,127.444,0,0,127.444,1,1,1,NONE,NONE,Accented,7,13,7,14,6,8,0.4,4
f0:189.90959875,210.23481375,225.26893625,215.99070125,196.60746,185.0356825,180.53654875,177.2595275,179.2865025,186.2940525
feature:fei1,2,2,2,1,4,1,0,0,6,12,8,0,6,0,8,1,0,1,131,127.444,127.444,131,1,1,1,Accented,NONE,Accented,8,12,8,13,7,7,0.467,1
f0:193.042153333,206.12314,228.39979,251.032836667,273.603013333,288.251631667,288.904551667,287.532418333,287.993668333,287.49732
feature:ji1,2,2,2,1,1,4,0,1,5,11,9,1,5,1,0,1,1,0,129.556,131,131,129.556,1,1,1,Accented,Accented,NONE,9,11,9,12,8,6,0.533,1
f0:286.253944,286.17243,286.074566,285.959808,287.183966,291.423616,292.015916,291.733254,288.593176,284.095588
feature:ke4,2,2,2,4,1,1,0,2,5,10,10,2,5,0,0,0,1,1,124.778,129.556,129.556,124.778,1,1,1,NONE,Accented,Accented,10,10,10,11,9,5,0.6,4
f0:283.707141667,284.087008,284.525015,284.963004,285.401013333,285.837402,286.105333333,277.071544,240.926271667,218.351668
feature:cang1,2,2,2,1,4,4,0,2,4,9,11,2,4,3,1,1,0,0,127.778,124.778,124.778,127.778,1,1,1,Accented,NONE,NONE,11,9,11,10,10,4,0.667,1
f0:206.380398333,210.525518333,225.838225,242.004131667,259.158606667,284.451643333,293.683511667,294.018146667,296.578953333,303.878666667
feature:nei4,2,2,2,4,1,4,0,3,4,8,12,3,4,2,0,0,1,0,0,127.778,127.778,0,1,1,1,NONE,Accented,NONE,12,8,12,9,11,3,0.733,4
f0:304.51603,297.951862857,282.207668571,253.573745714,212.3837075,183.805678571,148.708552857,130.817432857,137.015165714,154.854951429
feature:pei4,2,2,2,4,4,4,0,3,4,7,13,3,4,1,1,0,0,0,0,0,0,0,1,1,1,NONE,NONE,NONE,13,7,13,8,12,2,0.8,4
f0:174.560086667,190.587662857,205.870328333,221.152998571,236.435665,249.595741667,252.708624286,224.106283333,202.207264286,193.877403333
feature:zhi4,2,2,2,4,4,1,0,3,4,6,14,3,4,0,2,0,0,1,116.222,0,0,126.222,1,1,1,NONE,NONE,Accented,14,6,14,7,13,1,0.867,4
f0:192.216282857,194.628741429,196.732125714,194.928867143,189.063192857,180.57485,174.490334286,173.385528571,174.336082857,175.97854
feature:jin1,2,2,2,1,4,3,0,3,3,5,15,3,3,1,3,1,0,0,124.222,126.222,116.222,124.222,1,1,1,Accented,NONE,NONE,15,5,15,6,1,2,0.25,1
f0:297.69101,297.69101,297.69101,301.589583333,307.94548,308.87999,311.574061667,318.030738,325.605718333,326.156728333
feature:shu3,2,2,2,3,1,1,0,4,3,4,16,4,3,0,0,0,1,1,114.444,124.222,124.222,124.444,1,1,1,NONE,Accented,Accented,16,4,16,5,2,1,0.5,3
f0:312.284672857,293.30305,273.541961429,253.780868333,233.431881429,204.624965,157.34487,114.302563333,95.9459857143,89.1686716667
feature:can1,2,2,2,1,3,4,0,4,2,3,17,4,2,1,1,1,0,0,122.444,124.444,114.444,122.444,1,1,1,Accented,NONE,NONE,17,3,17,4,1,3,0.2,1
f0:248.310005,248.31001,248.31001,248.31001,248.31001,243.64841,225.366156667,221.552291429,222.239361667,220.660005
feature:ju4,2,2,2,4,1,1,0,5,2,2,18,5,2,0,0,0,1,1,117.667,122.444,122.444,117.667,1,1,1,NONE,Accented,Accented,18,2,18,3,2,2,0.4,4
f0:210.488016,209.625194,214.33139,217.00696,205.971672,180.275542,161.904182,154.9444375,156.854436,170.290046
feature:dao1,2,2,2,1,4,1,0,5,1,1,19,5,1,0,1,1,0,1,120.667,117.667,117.667,121.778,1,1,4,Accented,NONE,Accented,19,1,19,2,3,1,0.6,1
f0:190.778004,211.31348,226.854026,230.431814,232.506984,232.9398175,233.086156,233.64979,236.33397,238.569944
feature:cha1,2,2,0,1,1,0,0,6,0,0,20,6,0,0,0,1,1,0,119.778,121.778,120.667,0,4,1,0,Accented,Accented,0,20,0,20,1,1,1,0.333,1
f0:247.428224444,247.60699,247.61725,248.918896667,247.61562,245.56110875,245.392665556,246.823707778,251.7599525,255.774638889
