feature:shui2,2,0,2,2,0,1,0,0,3,12,0,0,3,0,0,0,0,1,132.931,130,0,132.931,1,0,1,NONE,0,Accented,0,12,0,13,1,13,0.067,2
f0:274.68201,274.68201,274.536685,251.693075,215.122462222,215.0647775,235.518365,263.0858725,282.16658125,292.44284125
feature:ting1,2,2,2,1,2,1,0,0,2,11,1,0,2,0,1,1,0,1,136.2415,132.931,132.931,136.2415,1,1,1,Accented,NONE,Accented,1,11,1,12,2,12,0.133,1
f0:309.80157,316.629307143,322.811523333,328.431711667,334.096818571,335.927243333,335.83608,336.131663333,340.084335714,339.338333333
feature:shuo1,2,2,2,1,1,4,0,1,1,10,2,1,1,5,0,1,1,0,134.552,136.2415,136.2415,134.552,1,1,1,Accented,Accented,NONE,2,10,2,11,3,11,0.2,1
f0:326.481715,326.125248333,330.25243,334.605408333,337.802765,338.373663333,338.701925,340.42599,340.30045,329.960461667
feature:guo4,2,2,2,4,1,4,0,2,1,9,3,2,1,4,0,0,1,0,0,134.552,134.552,0,1,1,1,NONE,Accented,NONE,3,9,3,10,4,10,0.267,4
f0:318.839582857,309.215802857,302.47266875,284.475618571,255.767414286,230.875131429,215.637668571,206.75688375,207.834267143,221.895834286
feature:huan4,2,2,2,4,4,2,0,2,1,8,4,2,1,3,1,0,0,0,0,0,0,0,1,1,1,NONE,NONE,NONE,4,8,4,9,5,9,0.333,4
f0:239.884,268.634818333,301.327405714,334.019993333,362.1749,372.579856667,370.178598333,359.671967143,333.957598333,291.078781667
feature:xie2,2,2,2,2,4,4,0,2,1,7,5,2,1,2,2,0,0,0,0,0,0,0,1,1,1,NONE,NONE,NONE,5,7,5,8,6,8,0.4,2
f0:232.073535455,192.226121818,194.0144375,198.589263636,183.492803636,167.622664545,163.12639,166.657429167,184.189930909,224.817810909
feature:jiu4,2,2,2,4,2,2,0,2,1,6,6,2,1,1,3,0,0,0,0,0,0,0,1,1,1,NONE,NONE,NONE,6,6,6,7,7,7,0.467,4
f0:253.165463333,273.760513333,294.405508333,315.076161667,334.579728333,339.862574,331.010356667,299.728748333,266.7686,235.406476667
feature:neng2,2,2,2,2,4,1,0,2,1,5,7,2,1,0,4,0,0,1,123.276,0,0,123.276,1,1,1,NONE,NONE,Accented,7,5,7,6,8,6,0.533,2
f0:211.516888333,197.347952,185.033788333,176.865706667,172.099635,172.019646,173.967218333,178.081475,186.616704,201.224741667
feature:xiu1,2,2,2,1,2,3,0,2,0,4,8,2,0,4,5,1,0,0,126.276,123.276,123.276,126.276,1,1,1,Accented,NONE,NONE,8,4,8,5,9,5,0.6,1
f0:214.602761429,223.121504286,239.107062857,260.55499,283.80688125,308.899454286,327.039141429,331.648647143,337.848731429,338.595027143
feature:hao3,2,2,2,3,1,4,0,3,0,3,9,3,0,3,0,0,1,0,0,126.276,126.276,0,1,1,1,NONE,Accented,NONE,9,3,9,4,10,4,0.667,3
f0:319.228052857,293.587048571,265.6008775,237.875634286,206.892761429,160.35748,135.995217143,119.24681625,112.700401429,117.658055714
feature:dian4,2,2,2,4,3,4,0,3,0,2,10,3,0,2,1,0,0,0,0,0,0,0,1,1,1,NONE,NONE,NONE,10,2,10,3,11,3,0.733,4
f0:158.312534286,203.926353333,248.602538571,281.831801667,291.3085,277.496404286,243.998288333,208.44059,185.204888333,184.46977
feature:zuan4,2,2,2,4,4,5,0,3,0,1,11,3,0,1,2,0,0,0,0,0,0,0,1,1,4,NONE,NONE,NONE,11,1,11,2,12,2,0.8,4
f0:203.14274625,253.143035714,290.07046125,308.695798571,306.26774125,278.108645,225.254804286,160.45573625,133.706671429,125.46801
feature:de5,2,2,0,5,4,0,0,3,0,0,12,3,0,0,3,0,0,0,110,0,0,0,4,1,0,NONE,NONE,0,12,0,12,1,13,1,0.867,5
f0:116.0144,109.482424,107.5719875,103.355902,94.174055,88.950115,93.33595,98.1713625,98.4784,98.4784025
