feature:yong4,2,0,2,4,0,3,0,0,0,8,0,0,0,16,0,0,0,0,0,0,0,0,1,0,1,NONE,0,NONE,0,8,0,9,1,9,0.091,4
f0:361.606214286,368.87688625,369.342367143,358.433741429,341.23596125,321.45709,300.437302857,289.067627143,285.8325575,283.917841429
feature:bian3,2,2,2,3,4,2,0,0,0,7,1,0,0,15,1,0,0,0,0,0,0,0,1,1,1,NONE,NONE,NONE,1,7,1,8,2,8,0.182,3
f0:248.25850375,235.734363333,264.442135,256.980473333,235.5623575,212.649295,175.129402222,150.54579625,148.83341,155.49693875
feature:zhi2,2,2,2,2,3,4,0,0,0,6,2,0,0,14,2,0,0,0,0,0,0,0,1,1,1,NONE,NONE,NONE,2,6,2,7,3,7,0.273,2
f0:161.758192857,166.382174286,171.426347143,175.679865714,172.20939,168.643546667,175.695751429,187.257518571,219.954328571,238.591874286
feature:zhe4,2,2,2,4,2,2,0,0,0,5,3,0,0,13,3,0,0,0,0,0,0,0,1,1,1,NONE,NONE,NONE,3,5,3,6,4,6,0.364,4
f0:249.909898,270.7659825,296.818506,321.277716,326.326948,322.2358575,309.341448,288.143836,271.2166875,245.793676
feature:zhong2,2,2,2,2,4,3,0,0,0,4,4,0,0,12,4,0,0,0,0,0,0,0,1,1,1,NONE,NONE,NONE,4,4,4,5,5,5,0.455,2
f0:206.90656125,214.4973025,203.445995,174.966715,159.95919,167.17099,182.37077875,189.850365,209.628235,222.9446325
feature:zong3,2,2,2,3,2,4,0,0,0,3,5,0,0,11,5,0,0,0,0,0,0,0,1,1,1,NONE,NONE,NONE,5,3,5,4,6,4,0.545,3
f0:225.2380725,232.45550125,239.61611,229.416565,195.64686625,172.38880375,157.4462625,146.59455625,148.2196525,165.92758625
feature:liang4,2,2,2,4,3,4,0,0,0,2,6,0,0,10,6,0,0,0,0,0,0,0,1,1,1,NONE,NONE,NONE,6,2,6,3,7,3,0.636,4
f0:198.433258571,249.916775714,299.005727143,326.970344286,332.46815,319.68272,284.573661429,235.992067143,211.232622857,208.870021429
feature:zheng4,2,2,2,4,4,4,0,0,0,1,7,0,0,9,7,0,0,0,0,0,0,0,1,1,3,NONE,NONE,NONE,7,1,7,2,8,2,0.727,4
f0:212.49645,228.543088,249.406748333,246.346178333,227.117016667,206.57857,186.39178,173.917153333,171.757,169.14469
feature:ce4,2,2,2,4,4,2,0,0,0,0,8,0,0,8,8,0,0,0,0,0,0,0,3,1,1,NONE,NONE,NONE,8,0,8,1,9,1,0.818,4
f0:148.26061375,132.85036875,118.833695,104.82599375,92.4836544444,78.79812125,66.40674125,67.479945,77.48148375,141.87015125
feature:lai2,2,2,2,2,4,3,0,0,0,7,0,0,0,7,9,0,0,0,0,0,0,0,1,3,1,NONE,NONE,NONE,0,7,0,8,1,8,0.1,2
f0:213.025068571,209.050175,202.710462857,199.815065,198.258532857,201.034445,211.420837143,229.380596667,244.187434286,244.88585
feature:jie3,2,2,2,3,2,2,0,0,0,6,1,0,0,6,10,0,0,0,0,0,0,0,1,1,1,NONE,NONE,NONE,1,6,1,7,2,7,0.2,3
f0:241.922797143,240.45263,239.011402857,237.570181667,228.258174286,210.466085,183.478905714,162.08324,156.360087143,155.531123333
feature:jue2,2,2,2,2,3,2,0,0,0,5,2,0,0,5,11,0,0,0,0,0,0,0,1,1,1,NONE,NONE,NONE,2,5,2,6,3,6,0.3,2
f0:158.78901125,163.75049625,168.344697143,170.49970125,167.60971875,167.01971375,167.20926125,170.722654286,182.648835,200.32434
feature:jie2,2,2,2,2,2,4,0,0,0,4,3,0,0,4,12,0,0,0,0,0,0,0,1,1,1,NONE,NONE,NONE,3,4,3,5,4,5,0.4,2
f0:202.384971429,203.8490625,206.04415,207.225698571,201.5852,186.5574725,173.050057143,178.292235714,198.11090625,236.011611429
feature:gou4,2,2,2,4,2,4,0,0,0,3,4,0,0,3,13,0,0,0,0,0,0,0,1,1,1,NONE,NONE,NONE,4,3,4,4,5,4,0.5,4
f0:259.265108,296.16565,335.213342,357.833211667,360.462,355.924322,336.555915,305.143088,270.720663333,240.759926
feature:xing4,2,2,2,4,4,4,0,0,0,2,5,0,0,2,14,0,0,0,0,0,0,0,1,1,1,NONE,NONE,NONE,5,2,5,3,6,3,0.6,4
f0:220.281798571,219.800483333,225.35213,230.716547143,222.041638571,199.595003333,181.468135714,169.419884286,161.771786667,166.484715714
feature:wen4,2,2,2,4,4,2,0,0,0,1,6,0,0,1,15,0,0,0,0,0,0,0,1,1,4,NONE,NONE,NONE,6,1,6,2,7,2,0.7,4
f0:181.699784,202.73684,207.0579075,201.93597,189.641656,175.770002,158.219234,149.218725,144.269394,147.8002
feature:ti2,2,2,0,2,4,0,0,0,0,0,7,0,0,0,16,0,0,0,110,0,0,0,4,1,0,NONE,NONE,0,7,0,7,1,8,1,0.8,2
f0:164.42039125,164.26042375,156.5278,149.29831875,142.40047875,126.80532125,118.355925,107.235483333,70.99372375,76.62969375
