feature:liang3,2,0,2,3,0,2,0,0,2,12,0,0,2,7,0,0,0,0,0,0,0,0,1,0,1,NONE,0,NONE,0,12,0,13,1,13,0.067,3
f0:209.737586,213.46088,211.816426,205.80523,196.079165,190.05025,187.427034,186.26044,185.771456,186.886004
feature:nian2,2,2,2,2,3,2,0,0,2,11,1,0,2,6,1,0,0,0,0,0,0,0,1,1,1,NONE,NONE,NONE,1,11,1,12,2,12,0.133,2
f0:188.320325,189.681952,191.002488333,193.634328,200.574171667,222.483866667,257.898538,288.889161667,312.740008,318.724908333
feature:qian2,2,2,2,2,2,4,0,0,2,10,2,0,2,5,2,0,0,0,0,0,0,0,1,1,1,NONE,NONE,NONE,2,10,2,11,3,11,0.2,2
f0:314.87173875,301.578631429,284.8272325,268.075835714,241.4956725,193.35090625,173.281108571,172.0982125,176.13427,188.64769375
feature:huan4,2,2,2,4,2,5,0,0,2,9,3,0,2,4,3,0,0,0,0,0,0,0,1,1,1,NONE,NONE,NONE,3,9,3,10,4,10,0.267,4
f0:209.726552857,214.193362857,190.09161,218.283062857,282.00246,329.971068571,330.254145714,316.723262857,296.014512857,269.122732857
feature:le5,2,2,2,5,4,4,0,0,2,8,4,0,2,3,4,0,0,0,0,0,0,0,1,1,1,NONE,NONE,NONE,4,8,4,9,5,9,0.333,5
f0:243.5212125,224.808237143,216.81407375,205.270764286,196.466275,186.272047143,184.20285375,185.098492857,185.5532825,187.057718571
feature:yun4,2,2,2,4,5,4,0,0,2,7,5,0,2,2,5,0,0,0,0,0,0,0,1,1,1,NONE,NONE,NONE,5,7,5,8,6,8,0.4,4
f0:202.42235,227.556851429,259.265285714,301.644148571,338.9753325,338.064578571,314.070022857,289.725415714,279.753714286,279.268672857
feature:dong4,2,2,2,4,4,2,0,0,2,6,6,0,2,1,6,0,0,0,0,0,0,0,1,1,1,NONE,NONE,NONE,6,6,6,7,7,7,0.467,4
f0:295.05695,300.147604,295.357164,286.384798,271.366968,254.8289475,238.542338,224.574874,216.340056,211.827778
feature:shen2,2,2,2,2,4,1,0,0,2,5,7,0,2,0,7,0,0,1,123.276,0,0,123.276,1,1,1,NONE,NONE,Accented,7,5,7,6,8,6,0.533,2
f0:209.200288571,208.20135,210.11475625,212.347741429,212.78429,195.011932857,184.922427143,191.8909375,212.634971429,222.816144286
feature:jing1,2,2,2,1,2,2,0,0,1,4,8,0,1,1,8,1,0,0,126.276,123.276,123.276,126.276,1,1,1,Accented,NONE,NONE,8,4,8,5,9,5,0.6,1
f0:194.405163333,183.868121667,240.8444,296.373326667,303.76519,307.784566,309.79004,308.491895,297.65738,276.145493333
feature:yuan2,2,2,2,2,1,1,0,1,1,3,9,1,1,0,0,0,1,1,120.517,126.276,126.276,120.517,1,1,1,NONE,Accented,Accented,9,3,9,4,10,4,0.667,2
f0:250.16578,218.735442857,186.036933333,167.338314286,159.41311,154.162766667,151.656361429,155.034076667,167.556102857,187.406115
feature:shuai1,2,2,2,1,2,4,0,1,0,2,10,1,0,2,1,1,0,0,123.517,120.517,120.517,123.517,1,1,1,Accented,NONE,NONE,10,2,10,3,11,3,0.733,1
f0:198.601091429,212.23901375,233.983281429,257.06177,280.140245714,302.017271429,313.2091675,311.932502857,314.853935,315.444295714
feature:tui4,2,2,2,4,1,4,0,2,0,1,11,2,0,1,0,0,1,0,0,123.517,123.517,0,1,1,4,NONE,Accented,NONE,11,1,11,2,12,2,0.8,4
f0:313.607893333,312.902065,312.220328333,311.549953333,311.127661667,309.822881667,288.835438333,247.461461667,203.767095,177.032505
feature:zheng4,2,2,0,4,4,0,0,2,0,0,12,2,0,0,1,0,0,0,110,0,0,0,4,1,0,NONE,NONE,0,12,0,12,1,13,1,0.867,4
f0:167.772017143,179.717907143,203.0229,200.495564286,179.11513375,153.59501,135.391138571,118.892264286,85.4462314286,59.8262271429
