feature:you2,2,0,2,2,0,2,0,0,0,4,0,0,0,7,0,0,0,0,0,0,0,0,1,0,1,NONE,0,NONE,0,4,0,5,1,5,0.143,2
f0:228.31743,233.352656,239.140925,247.239124,255.164694,279.596472,308.386518,341.971731667,366.925684,366.335642
feature:qi2,2,2,2,2,2,4,0,0,0,3,1,0,0,6,1,0,0,0,0,0,0,0,1,1,1,NONE,NONE,NONE,1,3,1,4,2,4,0.286,2
f0:349.661111667,339.003002,324.329365,307.325574,290.321791667,272.905944,244.1226,224.340584,224.78123,229.974636
feature:yao4,2,2,2,4,2,4,0,0,0,2,2,0,0,5,2,0,0,0,0,0,0,0,1,1,1,NONE,NONE,NONE,2,2,2,3,3,3,0.429,4
f0:234.672716,256.411778,274.88708,276.668792,272.238306667,263.940028,255.39058,244.979618,232.041642,222.159882
feature:zhu4,2,2,2,4,4,4,0,0,0,1,3,0,0,4,3,0,0,0,0,0,0,0,1,1,3,NONE,NONE,NONE,3,1,3,2,4,2,0.571,4
f0:208.507705,212.730686,238.04317,266.371868,275.100381667,270.424298,254.41502,237.310336,222.770563333,215.391788
feature:yi4,2,2,2,4,4,4,0,0,0,0,4,0,0,3,4,0,0,0,0,0,0,0,3,1,1,NONE,NONE,NONE,4,0,4,1,5,1,0.714,4
f0:206.27086125,202.790372857,210.332505,213.04395125,205.27164875,192.832527143,184.301085,179.99899,181.632192857,195.29542125
feature:dui4,2,2,2,4,4,4,0,0,1,11,0,0,1,2,5,0,0,0,0,0,0,0,1,3,1,NONE,NONE,NONE,0,11,0,12,1,11,0.077,4
f0:308.547,308.547,308.34351875,301.58697125,286.3033425,267.258702857,252.64739625,242.92301125,238.23473375,235.25332
feature:gan4,2,2,2,4,4,4,0,0,1,10,1,0,1,1,6,0,0,0,0,0,0,0,1,1,1,NONE,NONE,NONE,1,10,1,11,2,10,0.154,4
f0:251.99488,298.532988333,341.902645714,354.071404286,352.263091429,342.241683333,318.319197143,277.575517143,248.067693333,240.929742857
feature:bu4,2,2,2,4,4,1,0,0,1,9,2,0,1,0,7,0,0,1,125.811,0,0,125.811,1,1,1,NONE,NONE,Accented,2,9,2,10,3,9,0.231,4
f0:226.566203333,218.669685714,229.141936667,233.760858333,228.385932857,219.429656667,211.218253333,205.512991667,207.705325714,214.53301
feature:si1,2,2,2,1,4,3,0,0,0,8,3,0,0,8,8,1,0,0,128.811,125.811,125.811,128.811,1,1,1,Accented,NONE,NONE,3,8,3,9,4,8,0.308,1
f0:220.961497143,238.420751429,258.110322857,277.799904286,297.489467143,315.538223333,337.589215714,357.86718,362.495568571,352.653604286
feature:xiang3,2,2,2,3,1,4,0,1,0,7,4,1,0,7,0,0,1,0,0,128.811,128.811,0,1,1,1,NONE,Accented,NONE,4,7,4,8,5,7,0.385,3
f0:322.7887775,298.331487778,280.40153375,241.18157625,170.006953333,150.52330625,140.42900125,142.4901425,159.737224444,177.74580125
feature:zheng4,2,2,2,4,3,4,0,1,0,6,5,1,0,6,1,0,0,0,0,0,0,0,1,1,1,NONE,NONE,NONE,5,6,5,7,6,6,0.462,4
f0:211.88172,251.244508,289.385375,315.901436,320.72152,312.252374,284.70026,256.803302,238.525073333,215.684298
feature:zhi4,2,2,2,4,4,4,0,1,0,5,6,1,0,5,2,0,0,0,0,0,0,0,1,1,1,NONE,NONE,NONE,6,5,6,6,7,5,0.538,4
f0:197.822515,195.39808,195.375,195.375,194.09955,188.9930225,183.52194,181.2635225,180.66417,182.1459975
feature:su4,2,2,2,4,4,4,0,1,0,4,7,1,0,4,3,0,0,0,0,0,0,0,1,1,1,NONE,NONE,NONE,7,4,7,5,8,4,0.615,4
f0:191.190692857,212.246882857,244.729745,277.399222857,307.555647143,335.626284286,338.857558571,311.86713625,272.893645714,224.533225714
feature:zhi4,2,2,2,4,4,5,0,1,0,3,8,1,0,3,4,0,0,0,0,0,0,0,1,1,1,NONE,NONE,NONE,8,3,8,4,9,3,0.692,4
f0:197.056195,196.42389,196.83045,197.80692,198.580105,198.090715,194.474315,187.96581,179.111535,167.4598725
feature:de5,2,2,2,5,4,3,0,1,0,2,9,1,0,2,5,0,0,0,0,0,0,0,1,1,1,NONE,NONE,NONE,9,2,9,3,10,2,0.769,5
f0:162.0681,158.772345,155.615106667,153.608125,152.851366667,152.72794,152.63304,152.454673333,152.5453725,153.005716667
feature:kao3,2,2,2,3,5,2,0,1,0,1,10,1,0,1,6,0,0,0,0,0,0,0,1,1,4,NONE,NONE,NONE,10,1,10,2,11,1,0.846,3
f0:154.276146667,157.214478333,160.416833333,163.61919,166.821535,169.321156667,165.650063333,143.458641667,139.859201667,137.978926667
feature:cha2,2,2,0,2,3,0,0,1,0,0,11,1,0,0,7,0,0,0,110,0,0,0,4,1,0,NONE,NONE,0,11,0,11,1,1,1,0.333,2
f0:189.375,189.375,189.211867,161.12891,136.299356,138.691681111,151.925334,166.715924444,190.879298,238.981174444
