feature:jie2,2,0,2,2,0,2,0,0,4,13,0,0,4,5,0,0,0,0,0,0,0,0,1,0,1,NONE,0,NONE,0,13,0,14,1,4,0.167,2
f0:209.164,209.164,209.164,209.164,207.54068,203.227818333,204.537245,218.5053,252.49083,272.988695
feature:liu2,2,2,2,2,2,4,0,0,4,12,1,0,4,4,1,0,0,0,0,0,0,0,1,1,1,NONE,NONE,NONE,1,12,1,13,2,3,0.333,2
f0:271.673508889,253.95862375,209.120678889,176.973816667,158.01506,153.13562,156.024236667,164.953383333,176.78661,197.057565556
feature:ke4,2,2,2,4,2,4,0,0,4,11,2,0,4,3,2,0,0,0,0,0,0,0,1,1,1,NONE,NONE,NONE,2,11,2,12,3,2,0.5,4
f0:211.470192857,235.898171429,263.802051429,291.705932857,319.587715714,338.848211667,335.897041429,300.437634286,249.557212857,210.264377143
feature:kou4,2,2,2,4,4,2,0,0,4,10,3,0,4,2,3,0,0,0,0,0,0,0,1,1,1,NONE,NONE,NONE,3,10,3,11,4,1,0.667,4
f0:193.980681,210.206048,237.290046364,260.42114,227.110749,177.277536,156.964037,143.060948182,148.04012,150.35001
feature:nuo2,2,2,2,2,4,4,0,0,4,9,4,0,4,1,4,0,0,0,0,0,0,0,1,1,1,NONE,NONE,NONE,4,9,4,10,1,10,0.083,2
f0:178.65744,185.966211667,187.547837143,185.344048333,182.035247143,179.823766667,180.61039,187.486305,206.731232857,247.53678
feature:yong4,2,2,2,4,2,1,0,0,4,8,5,0,4,0,5,0,0,1,129.468,0,0,129.468,1,1,1,NONE,NONE,Accented,5,8,5,9,2,9,0.167,4
f0:267.52906,293.466008889,312.8715275,290.78137125,236.063915556,189.47293,156.20536125,139.71377625,145.664388889,173.68768625
feature:tan1,2,2,2,1,4,1,0,0,3,7,6,0,3,0,6,1,0,1,133.04251,129.468,129.468,133.04251,1,1,1,Accented,NONE,Accented,6,7,6,8,3,8,0.25,1
f0:186.056865,200.952348,224.476493333,252.443945,279.4357,301.282472,308.20687,307.635555,304.434106,300.123665
feature:wu1,2,2,2,1,1,4,0,1,2,6,7,1,2,2,0,1,1,0,131.617,133.04251,133.04251,131.617,1,1,1,Accented,Accented,NONE,7,6,7,7,4,7,0.333,1
f0:298.958651429,302.220906667,303.66565,302.717035714,302.418328571,304.751591667,307.740527143,307.055434286,303.309383333,301.973824286
feature:ji4,2,2,2,4,1,4,0,2,2,5,8,2,2,1,0,0,1,0,0,131.617,131.617,0,1,1,1,NONE,Accented,NONE,8,5,8,6,5,6,0.417,4
f0:304.150762,309.386804,315.783745,322.180662,327.022538,328.216772,324.178528,304.140381667,273.90711,250.25358
feature:hua4,2,2,2,4,4,1,0,2,2,4,9,2,2,0,1,0,0,1,126.064,0,0,126.064,1,1,1,NONE,NONE,Accented,9,4,9,5,6,5,0.5,4
f0:220.42501,159.231278333,130.238626,159.317573333,219.60833,232.521348,225.25647,208.05809,186.579846667,177.21697
feature:sheng1,2,2,2,1,4,4,0,2,1,3,10,2,1,1,2,1,0,0,129.064,126.064,126.064,129.064,1,1,1,Accented,NONE,NONE,10,3,10,4,7,4,0.583,1
f0:182.304502,194.842553333,216.144868,239.364001667,262.54317,278.471574,283.544185,284.757496,285.439123333,287.4203
feature:yu4,2,2,2,4,1,1,0,3,1,2,11,3,1,0,0,0,1,1,124.362,129.064,129.064,124.362,1,1,1,NONE,Accented,Accented,11,2,11,3,8,3,0.667,4
f0:289.485016,286.158208,273.883746,256.046632,236.421888,217.0978325,193.509352,174.479484,171.964076,176.016212
feature:jing1,2,2,2,1,4,4,0,3,0,1,12,3,0,9,1,1,0,0,127.362,124.362,124.362,127.362,1,1,3,Accented,NONE,NONE,12,1,12,2,9,2,0.75,1
f0:196.95314,217.499793333,240.158133333,262.667821667,276.273378333,278.112071667,278.332611667,281.351543333,287.588018333,288.315495
feature:fei4,2,2,2,4,1,4,0,4,0,0,13,4,0,8,0,0,1,0,0,127.362,127.362,0,3,1,1,NONE,Accented,NONE,13,0,13,1,10,1,0.833,4
f0:288.802328571,296.5644075,301.303584286,275.60695625,227.747144286,189.306407143,153.6389825,128.507158571,121.510005,128.064
feature:huo4,2,2,2,4,4,3,0,0,0,7,0,0,0,7,1,0,0,0,0,0,0,0,1,3,1,NONE,NONE,NONE,0,7,0,8,1,6,0.125,4
f0:357.81299,357.81299,357.81299,357.81299,357.81299,357.81299,357.710922857,346.477945714,315.96677,264.685804286
feature:zhe3,2,2,2,3,4,4,0,0,0,6,1,0,0,6,2,0,0,0,0,0,0,0,1,1,1,NONE,NONE,NONE,1,6,1,7,2,5,0.25,3
f0:208.376378333,204.670315,199.404758333,183.485223333,164.178756667,142.65443,129.310846667,128.690888333,130.946765,139.458446667
feature:she4,2,2,2,4,3,4,0,0,0,5,2,0,0,5,3,0,0,0,0,0,0,0,1,1,1,NONE,NONE,NONE,2,5,2,6,3,4,0.375,4
f0:162.88482,192.648464286,221.1178,249.587132857,278.056465,303.81159,320.126988571,317.193751667,298.410248571,266.651526667
feature:hui4,2,2,2,4,4,2,0,0,0,4,3,0,0,4,4,0,0,0,0,0,0,0,1,1,1,NONE,NONE,NONE,3,4,3,5,4,3,0.5,4
f0:232.48496875,206.012522857,210.76858125,226.21396,234.9436475,220.510647143,190.256965,154.345958571,140.00432625,157.264758571
feature:fu2,2,2,2,2,4,3,0,0,0,3,4,0,0,3,5,0,0,0,0,0,0,0,1,1,1,NONE,NONE,NONE,4,3,4,4,5,2,0.625,2
f0:167.712898333,171.142166,174.415063333,177.68797,180.960858333,183.7989,184.438328,185.203143333,193.19206,215.616658333
feature:yang3,2,2,2,3,2,4,0,0,0,2,5,0,0,2,6,0,0,0,0,0,0,0,1,1,1,NONE,NONE,NONE,5,2,5,3,6,1,0.75,3
f0:227.660256,243.777928,251.032008,239.789026,218.379804,189.3684775,153.794604,142.501076,166.00767,188.566658
feature:fei4,2,2,2,4,3,5,0,0,0,1,6,0,0,1,7,0,0,0,0,0,0,0,1,1,4,NONE,NONE,NONE,6,1,6,2,1,2,0.25,4
f0:221.665011667,222.14001,222.14001,222.073455,216.957405,198.512756667,178.968143333,156.114433333,136.129176667,118.90365
feature:de5,2,2,0,5,4,0,0,0,0,0,7,0,0,0,8,0,0,0,110,0,0,0,4,1,0,NONE,NONE,0,7,0,7,1,2,1,0.5,5
f0:102.80656,85.674486,69.15475,61.532075,58.662682,54.890265,53.9686625,54.271525,55.07139,55.1746
