feature:ta1,2,0,2,1,0,2,0,0,4,17,0,0,4,4,0,1,0,0,137.487,139.487,0,137.487,1,0,1,Accented,0,NONE,0,17,0,18,1,18,0.05,1
f0:277.77899,277.77899,277.916405,278.256101667,276.423802857,275.240678333,275.969733333,276.158703333,275.108864286,273.219548333
feature:yao2,2,2,2,2,1,4,0,0,4,16,1,0,4,3,0,0,1,0,0,137.487,137.487,0,1,1,1,NONE,Accented,NONE,1,16,1,17,2,17,0.1,2
f0:258.123768333,239.494443333,230.0805,204.386381667,176.003663333,163.178938333,165.007026667,174.5623,191.786103333,215.168766667
feature:huang4,2,2,2,4,2,5,0,0,4,15,2,0,4,2,1,0,0,0,0,0,0,0,1,1,1,NONE,NONE,NONE,2,15,2,16,3,16,0.15,4
f0:234.09019,268.60452625,304.576661429,317.220928571,298.897915,273.7084775,244.454128571,215.999165714,195.22277625,189.640671429
feature:zhe5,2,2,2,5,4,2,0,0,4,14,3,0,4,1,2,0,0,0,0,0,0,0,1,1,1,NONE,NONE,NONE,3,14,3,15,4,15,0.2,5
f0:192.927002857,197.709453333,188.753955714,173.9011,163.145504286,158.086451667,156.447358571,155.205307143,153.093771667,202.980821429
feature:you2,2,2,2,2,5,1,0,0,4,13,4,0,4,0,3,0,0,1,129.35899,0,0,129.35899,1,1,1,NONE,NONE,Accented,4,13,4,14,5,14,0.25,2
f0:227.467535714,92.4792425,113.709491429,189.93859,190.78780375,183.05895125,175.123942857,182.815714286,214.67992,248.79596
feature:qi1,2,2,2,1,2,1,0,0,3,12,5,0,3,0,4,1,0,1,132.84599,129.35899,129.35899,132.84599,1,1,1,Accented,NONE,Accented,5,12,5,13,6,13,0.3,1
f0:263.423061429,271.944121429,279.755091667,287.566057143,295.765882857,298.871458571,298.101932857,298.240396667,300.46871,294.465977143
feature:bo1,2,2,2,1,1,4,0,1,2,11,6,1,2,7,0,1,1,0,131.33299,132.84599,132.84599,131.33299,1,1,1,Accented,Accented,NONE,6,11,6,12,7,12,0.35,1
f0:295.951342857,306.598985,316.869298571,324.871546667,333.826035714,334.301255,331.505828571,332.070006667,336.131212857,333.226511667
feature:luo4,2,2,2,4,1,3,0,2,2,10,7,2,2,6,0,0,1,0,0,131.33299,131.33299,0,1,1,1,NONE,Accented,NONE,7,10,7,11,8,11,0.4,4
f0:323.3482925,314.342014286,304.60447875,270.79050375,224.77206,182.676684286,154.2035875,136.615525,132.642001429,136.53588625
feature:tie3,2,2,2,3,4,2,0,2,2,9,8,2,2,5,1,0,0,0,0,0,0,0,1,1,1,NONE,NONE,NONE,8,9,8,10,9,10,0.45,3
f0:157.29681625,171.75895,183.46354625,195.168128571,206.51633,210.955827143,200.6859,173.021742857,142.63885625,131.508214286
feature:lan2,2,2,2,2,3,4,0,2,2,8,9,2,2,4,2,0,0,0,0,0,0,0,1,1,1,NONE,NONE,NONE,9,8,9,9,10,9,0.5,2
f0:133.079033333,135.138723333,134.730704,132.085293333,129.412946667,129.699103333,132.116755,136.366336,143.015701667,153.792738333
feature:xiu4,2,2,2,4,2,2,0,2,2,7,10,2,2,3,3,0,0,0,0,0,0,0,1,1,1,NONE,NONE,NONE,10,7,10,8,11,8,0.55,4
f0:177.859536667,201.03065625,229.630064444,263.63941875,297.648766667,330.209338889,337.0562375,312.531843333,263.841925,223.441797778
feature:shi2,2,2,2,2,4,5,0,2,2,6,11,2,2,2,4,0,0,0,0,0,0,0,1,1,1,NONE,NONE,NONE,11,6,11,7,12,7,0.6,2
f0:194.391685714,184.59609,181.37076,178.14542,174.920092857,171.694755,169.363024286,170.72792,172.205554286,169.196485
feature:de5,2,2,2,5,2,2,0,2,2,5,12,2,2,1,5,0,0,0,0,0,0,0,1,1,1,NONE,NONE,NONE,12,5,12,6,13,6,0.65,5
f0:175.7311525,183.100085,186.0076075,185.509885,180.492822,171.4541875,165.864005,163.228645,158.847705,148.9849575
feature:lou2,2,2,2,2,5,1,0,2,2,4,13,2,2,0,6,0,0,1,120.128,0,0,120.128,1,1,1,NONE,NONE,Accented,13,4,13,5,14,5,0.7,2
f0:106.139316667,75.4847683333,145.153371429,177.06723,183.329895,179.698836667,173.316516667,175.785492857,190.441686667,194.90682
feature:ti1,2,2,2,1,2,3,0,2,1,3,14,2,1,2,7,1,0,0,123.128,120.128,120.128,123.128,1,1,1,Accented,NONE,NONE,14,3,14,4,15,4,0.75,1
f0:195.804563333,208.955937143,228.229856667,245.79536,265.11741,284.511693333,300.918511667,307.134088333,309.847617143,294.917563333
feature:zou3,2,2,2,3,1,2,0,3,1,2,15,3,1,1,0,0,1,0,0,123.128,123.128,0,1,1,1,NONE,Accented,NONE,15,2,15,3,16,3,0.8,3
f0:262.387438333,253.515794286,246.241905,237.208883333,205.523158571,161.22471,127.15563,123.072161667,128.698527143,133.25499
feature:lang2,2,2,2,2,3,1,0,3,1,1,16,3,1,0,1,0,0,1,117.051,0,0,117.051,1,1,4,NONE,NONE,Accented,16,1,16,2,17,2,0.85,2
f0:133.14904,130.635898,128.004168333,126.317908333,126.996236667,130.09962,138.758488333,151.019168333,164.369138,182.82342
feature:shuo1,2,2,0,1,2,0,0,3,0,0,17,3,0,0,2,1,0,0,120.051,117.051,117.051,0,4,1,0,Accented,NONE,0,17,0,17,1,18,1,0.9,1
f0:203.346804444,221.38663375,239.492186667,255.963128889,256.438988889,251.4384875,249.617535556,248.499447778,252.23668875,253.635671111
