feature:ji1,2,0,2,1,0,1,0,0,5,13,0,0,5,0,0,1,0,1,137.70999,134.355,0,137.70999,1,0,1,Accented,0,Accented,0,13,0,14,1,14,0.063,1
f0:326.38,326.38,326.38,326.287525,322.76715,317.315662,314.4821175,315.208996,317.89131,318.897752
feature:hu1,2,2,2,1,1,1,0,0,4,12,1,0,4,0,0,1,1,1,136.41949,137.70999,137.70999,136.41949,1,1,1,Accented,Accented,Accented,1,12,1,13,2,13,0.125,1
f0:312.775513333,249.81516625,125.481125556,120.429604444,287.9736,295.79466625,289.633053333,290.287165556,295.12149875,300.325436667
feature:tian1,2,2,2,1,1,1,0,1,3,11,2,1,3,0,0,1,1,1,135.129,136.41949,136.41949,135.129,1,1,1,Accented,Accented,Accented,2,11,2,12,3,12,0.188,1
f0:310.812151429,322.397172857,336.219535,350.041895714,361.269508571,367.304121429,366.293268571,358.7778075,355.51901,347.846012857
feature:tian1,2,2,2,1,1,1,0,2,2,10,3,2,2,0,0,1,1,1,133.83899,135.129,135.129,133.83899,1,1,1,Accented,Accented,Accented,3,10,3,11,4,11,0.25,1
f0:335.4442675,333.55537375,331.716553333,334.41202875,337.28564,333.94868875,333.00983375,329.162291111,332.5660125,329.6479375
feature:ben1,2,2,2,1,1,3,0,3,1,9,4,3,1,7,0,1,1,0,132.194,133.83899,133.83899,132.194,1,1,1,Accented,Accented,NONE,4,9,4,10,5,10,0.313,1
f0:333.454373333,345.703128333,347.962626667,342.479121667,341.157906667,341.145151667,341.126388333,342.977011667,343.716978333,325.691381667
feature:zou3,2,2,2,3,1,4,0,4,1,8,5,4,1,6,0,0,1,0,0,132.194,132.194,0,1,1,1,NONE,Accented,NONE,5,8,5,9,6,9,0.375,3
f0:304.260101667,286.73071,274.793718333,250.569536667,206.767413333,165.890954,139.108918333,130.215071667,129.366078333,151.868985
feature:zai4,2,2,2,4,3,2,0,4,1,7,6,4,1,5,1,0,0,0,0,0,0,0,1,1,1,NONE,NONE,NONE,6,7,6,8,7,8,0.438,4
f0:187.844281667,205.94602,214.019671667,204.400157143,183.609443333,173.46124,165.16802,159.898871667,161.005348571,169.127021667
feature:po2,2,2,2,2,4,2,0,4,1,6,7,4,1,4,2,0,0,0,0,0,0,0,1,1,1,NONE,NONE,NONE,7,6,7,7,8,7,0.5,2
f0:188.428477143,194.17473625,192.928004286,191.58900375,190.252458571,189.308275714,188.54002125,191.103972857,216.2047225,258.856052857
feature:yang2,2,2,2,2,2,2,0,4,1,5,8,4,1,3,3,0,0,0,0,0,0,0,1,1,1,NONE,NONE,NONE,8,5,8,6,9,6,0.563,2
f0:274.294331667,278.264053333,275.162526667,263.374388333,244.67907,225.842988,223.058045,237.328463333,253.595038333,240.19187
feature:hu2,2,2,2,2,2,5,0,4,1,4,9,4,1,2,4,0,0,0,0,0,0,0,1,1,1,NONE,NONE,NONE,9,4,9,5,10,5,0.625,2
f0:132.003705,100.5168,99.9216383333,97.6892833333,116.215333333,164.56938,176.27479,177.127336667,178.874256,182.638465
feature:de5,2,2,2,5,2,3,0,4,1,3,10,4,1,1,5,0,0,0,0,0,0,0,1,1,1,NONE,NONE,NONE,10,3,10,4,11,4,0.688,5
f0:195.269304,208.007605,211.64816,210.133246,200.372686,188.782355,178.347102,168.660496,166.5057475,169.54983
feature:cao3,2,2,2,3,5,1,0,4,1,2,11,4,1,0,6,0,0,1,118.871,0,0,118.871,1,1,1,NONE,NONE,Accented,11,2,11,3,12,3,0.75,3
f0:191.077457143,196.128005,196.583312857,197.03948,197.495632857,197.809391429,190.525058333,163.238112857,141.331725,140.113848571
feature:tan1,2,2,2,1,3,4,0,4,0,1,12,4,0,1,7,1,0,0,121.871,118.871,118.871,121.871,1,1,4,Accented,NONE,NONE,12,1,12,2,13,2,0.813,1
f0:161.642754286,185.045943333,208.449131429,233.979884286,259.050311429,281.38891,296.708464286,301.792284286,302.464661667,302.313147143
feature:shang4,2,2,0,4,1,0,0,5,0,0,13,5,0,0,0,0,1,0,110,121.871,121.871,0,4,1,0,NONE,Accented,0,13,0,13,1,14,1,0.875,4
f0:297.75606625,294.785217143,292.81219,290.625707143,259.40858125,188.16613875,139.458168571,121.08017875,99.9793971429,93.091
