feature:lin2,2,0,2,2,0,3,0,0,1,10,0,0,1,3,0,0,0,0,0,0,0,0,1,0,1,NONE,0,NONE,0,10,0,11,1,2,0.25,2
f0:224.723001667,227.294227143,233.77209,247.928715,278.142827143,311.249553333,340.150053333,354.543915,345.984237143,316.802978333
feature:yu3,2,2,2,3,2,2,0,0,1,9,1,0,1,2,1,0,0,0,0,0,0,0,1,1,1,NONE,NONE,NONE,1,9,1,10,2,1,0.5,3
f0:289.110596667,261.5670625,238.343176667,212.36834,185.126226667,168.464336667,159.98232,158.204306667,157.0060875,155.956666667
feature:chun2,2,2,2,2,3,2,0,0,1,8,2,0,1,1,2,0,0,0,0,0,0,0,1,1,1,NONE,NONE,NONE,2,8,2,9,1,9,0.091,2
f0:211.310897778,215.409,213.87434,188.02132,172.402774444,171.6128675,175.611347778,191.744125556,225.549346667,244.27464
feature:he2,2,2,2,2,2,1,0,0,1,7,3,0,1,0,3,0,0,1,131,0,0,131,1,1,1,NONE,NONE,Accented,3,7,3,8,2,8,0.182,2
f0:225.1660875,224.99986,226.07280625,223.189374286,200.56374375,191.066661429,190.4316525,193.18937,201.97164,223.510067143
feature:guo1,2,2,2,1,2,2,0,0,0,6,4,0,0,7,4,1,0,0,134,131,131,134,1,1,1,Accented,NONE,NONE,4,6,4,7,3,7,0.273,1
f0:242.626365,271.16943,300.495565,328.063668333,341.162873333,346.680012,353.958913333,361.544826667,366.129303333,355.394291667
feature:hong2,2,2,2,2,1,4,0,1,0,5,5,1,0,6,0,0,1,0,0,134,134,0,1,1,1,NONE,Accented,NONE,5,5,5,6,4,6,0.364,2
f0:327.099223333,303.083801667,278.67979,254.170493333,226.338556667,195.175265,189.26167,196.760178333,212.685825,241.993506667
feature:yi4,2,2,2,4,2,3,0,1,0,4,6,1,0,5,1,0,0,0,0,0,0,0,1,1,1,NONE,NONE,NONE,6,4,6,5,5,5,0.455,4
f0:270.271443333,283.417066,293.671741667,297.913098,293.695281667,277.331093333,257.611954,236.367835,216.268732,194.695966667
feature:liang3,2,2,2,3,4,4,0,1,0,3,7,1,0,4,2,0,0,0,0,0,0,0,1,1,1,NONE,NONE,NONE,7,3,7,4,6,4,0.545,3
f0:177.06642,173.128204,179.775756,189.65193,187.831745,175.91922,156.958772,140.21645,128.027938,127.050584
feature:wei4,2,2,2,4,3,4,0,1,0,2,8,1,0,3,3,0,0,0,0,0,0,0,1,1,1,NONE,NONE,NONE,8,2,8,3,7,3,0.636,4
f0:132.880446,143.822986,159.42754,178.300054,196.404694,201.175862,199.955396,196.288028,192.314142,190.9628
feature:zuo4,2,2,2,4,4,3,0,1,0,1,9,1,0,2,4,0,0,0,0,0,0,0,1,1,3,NONE,NONE,NONE,9,1,9,2,8,2,0.727,4
f0:194.024005,218.718682,255.705683333,291.954474,308.55206,304.469166667,286.837102,262.084806667,227.839206,194.989748333
feature:zhe3,2,2,2,3,4,4,0,1,0,0,10,1,0,1,5,0,0,0,0,0,0,0,3,1,1,NONE,NONE,NONE,10,0,10,1,9,1,0.818,3
f0:171.75842875,178.90209125,187.009338571,180.51023375,162.4054275,140.996645,136.90610875,137.367618571,149.6792825,165.9352725
feature:zai4,2,2,2,4,3,1,0,0,3,9,0,0,3,0,6,0,0,1,123.88901,0,0,123.88901,1,3,1,NONE,NONE,Accented,0,9,0,10,1,5,0.143,4
f0:311.105994286,311.10599,294.166954286,259.861774286,238.74663375,227.557458571,220.062214286,215.516024286,215.420028571,219.923425714
feature:shen1,2,2,2,1,4,4,0,0,2,8,1,0,2,3,7,1,0,0,126.889,123.88901,123.88901,126.889,1,1,1,Accented,NONE,NONE,1,8,1,9,2,4,0.286,1
f0:225.483461429,242.351946667,262.93888,283.525826667,304.331345714,321.78578,325.695867143,326.240893333,327.178271429,324.591256667
feature:zhen4,2,2,2,4,1,2,0,1,2,7,2,1,2,2,0,0,1,0,0,126.889,126.889,0,1,1,1,NONE,Accented,NONE,2,7,2,8,3,3,0.429,4
f0:323.216048,323.464893333,323.347334,317.536604,297.365696667,271.009546,248.257204,231.168162,216.02456,203.93847
feature:nan2,2,2,2,2,4,3,0,1,2,6,3,1,2,1,1,0,0,0,0,0,0,0,1,1,1,NONE,NONE,NONE,3,6,3,7,4,2,0.571,2
f0:198.727765,196.582763333,193.4102,185.775963333,170.017943333,163.91507,166.096286667,182.169415,214.767238333,251.266116667
feature:ling3,2,2,2,3,2,1,0,1,2,5,4,1,2,0,2,0,0,1,115.333,0,0,125.333,1,1,1,NONE,NONE,Accented,4,5,4,6,5,1,0.714,3
f0:273.733972,276.394425,269.406074,248.90909,217.291778333,180.158024,149.689008,134.05597,130.855213333,130.646088
feature:cun1,2,2,2,1,3,4,0,1,1,4,5,1,1,2,3,1,0,0,123.333,125.333,115.333,123.333,1,1,1,Accented,NONE,NONE,5,4,5,5,1,5,0.143,1
f0:217.514157778,223.752,223.752,233.60166375,237.844805556,232.901077778,233.53113375,237.488408889,239.84051375,246.766384444
feature:gua4,2,2,2,4,1,2,0,2,1,3,6,2,1,1,0,0,1,0,0,123.333,123.333,0,1,1,1,NONE,Accented,NONE,6,3,6,4,2,4,0.286,4
f0:231.70128,212.908526667,265.337132857,334.69601,346.095745714,335.959568571,311.072555,269.914421429,214.929796667,181.198815714
feature:zhi2,2,2,2,2,4,1,0,2,1,2,7,2,1,0,1,0,0,1,117.667,0,0,117.667,1,1,1,NONE,NONE,Accented,7,2,7,3,3,3,0.429,2
f0:173.016214,171.5191,168.656235,164.166276,159.004166,154.766936,154.02097,157.737825,166.028964,176.086716
feature:sheng1,2,2,2,1,2,2,0,2,0,1,8,2,0,1,2,1,0,0,120.667,117.667,117.667,120.667,1,1,4,Accented,NONE,NONE,8,1,8,2,4,2,0.571,1
f0:191.390841667,208.243056,227.621248333,246.927654,258.763193333,258.539216667,256.842002,259.741155,266.027222,267.747543333
feature:huo2,2,2,0,2,1,0,0,3,0,0,9,3,0,0,0,0,1,0,110,120.667,120.667,0,4,1,0,NONE,Accented,0,9,0,9,1,5,1,0.714,2
f0:263.414762857,247.67378625,226.553472857,206.191855,180.652808571,152.134652857,137.298565,117.221371429,85.51949125,80.7017014286
