feature:hong2,2,0,2,2,0,4,0,0,2,13,0,0,2,6,0,0,0,0,0,0,0,0,1,0,1,NONE,0,NONE,0,13,0,14,1,6,0.125,2
f0:253.300003333,253.3,251.500223333,233.941511667,220.89113,220.050556,228.166611667,252.254216667,282.46571,301.071496667
feature:bu4,2,2,2,4,2,4,0,0,2,12,1,0,2,5,1,0,0,0,0,0,0,0,1,1,1,NONE,NONE,NONE,1,12,1,13,2,5,0.25,4
f0:311.62339,327.1152675,350.044668,374.3612525,382.449684,378.0427325,367.545336,347.28608,327.107642,304.740495
feature:shang4,2,2,2,4,4,5,0,0,2,11,2,0,2,4,2,0,0,0,0,0,0,0,1,1,1,NONE,NONE,NONE,2,11,2,12,3,4,0.375,4
f0:296.358293333,301.05175,311.94697,322.665802,327.049425,321.570231667,302.892994,277.258213333,255.574272,245.989106667
feature:de5,2,2,2,5,4,2,0,0,2,10,3,0,2,3,3,0,0,0,0,0,0,0,1,1,1,NONE,NONE,NONE,3,10,3,11,4,3,0.5,5
f0:242.265673333,240.028015,238.376433333,237.62714,236.460713333,232.698063333,228.219295,222.54756,215.45659,208.828536667
feature:ming2,2,2,2,2,5,5,0,0,2,9,4,0,2,2,4,0,0,0,0,0,0,0,1,1,1,NONE,NONE,NONE,4,9,4,10,5,2,0.625,2
f0:202.73085,197.083651429,191.80625375,187.555078571,183.76023125,181.4910525,185.623772857,206.08816625,247.26362,280.00014375
feature:zi5,2,2,2,5,2,3,0,0,2,8,5,0,2,1,5,0,0,0,0,0,0,0,1,1,1,NONE,NONE,NONE,5,8,5,9,6,1,0.75,5
f0:298.0655475,316.0422875,323.93462875,298.64696625,251.92665625,213.855412857,192.30121125,179.0598675,126.7457425,105.67430375
feature:yi3,2,2,2,3,5,1,0,0,2,7,6,0,2,0,6,0,0,1,125.323,0,0,125.323,1,1,1,NONE,NONE,Accented,6,7,6,8,1,8,0.1,3
f0:209.32829,210.91946,210.15601,206.0680275,199.4679875,191.5705,185.2649525,177.0699175,171.095416667,167.0710575
feature:jing1,2,2,2,1,3,1,0,0,1,6,7,0,1,0,7,1,0,1,128.67749,125.323,125.323,128.67749,1,1,1,Accented,NONE,Accented,7,6,7,7,2,7,0.2,1
f0:168.64779,181.054812,191.85748,192.50027,189.463246667,189.433278,193.22518,201.583574,209.202236,214.087792
feature:qian1,2,2,2,1,1,5,0,1,0,5,8,1,0,5,0,1,1,0,127.032,128.67749,128.67749,127.032,1,1,1,Accented,Accented,NONE,8,5,8,6,3,6,0.3,1
f0:228.499851429,251.45902625,274.39869,287.69357125,281.782485714,275.963207143,275.19141375,275.946748571,273.5842775,258.209227143
feature:de5,2,2,2,5,1,4,0,2,0,4,9,2,0,4,0,0,1,0,0,127.032,127.032,0,1,1,1,NONE,Accented,NONE,9,4,9,5,4,5,0.4,5
f0:252.450972,248.634493333,237.290922,218.704465,207.510804,202.658822,201.953731667,202.3713,203.08904,204.61966
feature:mi4,2,2,2,4,5,5,0,2,0,3,10,2,0,3,1,0,0,0,0,0,0,0,1,1,1,NONE,NONE,NONE,10,3,10,4,5,4,0.5,4
f0:210.877472857,233.3171125,267.187782857,306.41204875,335.982527143,336.666502857,311.711525,271.638514286,231.50329625,206.812148571
feature:mi5,2,2,2,5,4,2,0,2,0,2,11,2,0,2,2,0,0,0,0,0,0,0,1,1,1,NONE,NONE,NONE,11,2,11,3,6,3,0.6,5
f0:200.432773333,201.396154,204.37986,206.088684,204.503065,197.904736,187.976825,172.877102,159.412318333,153.802232
feature:ma2,2,2,2,2,5,2,0,2,0,1,12,2,0,1,3,0,0,0,0,0,0,0,1,1,4,NONE,NONE,NONE,12,1,12,2,7,2,0.7,2
f0:148.459656667,149.290045,150.766653333,148.902268333,143.816748571,142.554158333,143.286958333,148.660956667,166.818693333,199.778678333
feature:ma2,2,2,0,2,2,0,0,2,0,0,13,2,0,0,4,0,0,0,110,0,0,0,4,1,0,NONE,NONE,0,13,0,13,1,8,1,0.8,2
f0:223.884805,217.10468375,173.923625714,137.97042125,128.96837875,135.34634625,146.04743125,157.33285,167.357405,178.77007
