feature:que4,2,0,2,4,0,4,0,0,4,11,0,0,4,2,0,0,0,0,0,0,0,0,1,0,1,NONE,0,NONE,0,11,0,12,1,12,0.071,4
f0:376.378002,376.37802,376.37802,376.37802,375.442854,371.46743,361.954736,340.539368333,315.491614,301.247888
feature:ding4,2,2,2,4,4,5,0,0,4,10,1,0,4,1,1,0,0,0,0,0,0,0,1,1,1,NONE,NONE,NONE,1,10,1,11,2,11,0.143,4
f0:298.756041667,302.71881,305.204116667,301.900688,290.71847,275.7143,259.0301,245.687818,233.641016667,224.165952
feature:le5,2,2,2,5,4,1,0,0,4,9,2,0,4,0,2,0,0,1,132.54401,0,0,132.54401,1,1,1,NONE,NONE,Accented,2,9,2,10,3,10,0.214,5
f0:218.336466667,208.677134,199.679523333,193.698496667,192.75403,192.70133,193.632823333,194.571926667,197.452374,203.432221667
feature:san1,2,2,2,1,5,4,0,0,3,8,3,0,3,3,3,1,0,0,135.54401,132.54401,132.54401,135.54401,1,1,1,Accented,NONE,NONE,3,8,3,9,4,9,0.286,1
f0:216.103015,244.752347143,281.97813,317.81207,335.53405875,336.546904286,336.49778875,337.289098571,340.79383125,334.043657143
feature:ge4,2,2,2,4,1,2,0,1,3,7,4,1,3,2,0,0,1,0,0,135.54401,135.54401,0,1,1,1,NONE,Accented,NONE,4,7,4,8,5,8,0.357,4
f0:321.175008571,310.531631667,289.622132857,257.203191667,220.095387143,197.664702857,182.764063333,175.808312857,171.51903,168.222991429
feature:lao2,2,2,2,2,4,4,0,1,3,6,5,1,3,1,1,0,0,0,0,0,0,0,1,1,1,NONE,NONE,NONE,5,6,5,7,6,7,0.429,2
f0:171.072413333,178.027868571,189.737488333,193.707752857,190.41029,182.863861667,179.544942857,181.028926667,189.484178571,214.89576
feature:wu4,2,2,2,4,2,1,0,1,3,5,6,1,3,0,2,0,0,1,129.737,0,0,129.737,1,1,1,NONE,NONE,Accented,6,5,6,6,7,6,0.5,4
f0:252.773031429,273.30092,290.111044286,296.172085,293.278994286,274.631088333,248.92704,216.2281,195.723248571,197.454883333
feature:kai1,2,2,2,1,4,1,0,1,2,4,7,1,2,0,3,1,0,1,133.386,129.737,129.737,133.386,1,1,1,Accented,NONE,Accented,7,4,7,5,8,5,0.571,1
f0:206.296376667,219.120561667,231.198898,243.277223333,256.697581667,272.542665,290.757565,295.688982,296.913286667,293.289885
feature:fa1,2,2,2,1,1,1,0,2,1,3,8,2,1,0,0,1,1,1,132.68399,133.386,133.386,132.68399,1,1,1,Accented,Accented,Accented,8,3,8,4,9,4,0.643,1
f0:289.2648,297.268996667,309.295416,311.564454,307.528936667,301.822182,301.765454,303.059138,302.775488333,299.592592
feature:ji1,2,2,2,1,1,4,0,3,0,2,9,3,0,8,0,1,1,0,131.33299,132.68399,132.68399,131.33299,1,1,1,Accented,Accented,NONE,9,2,9,3,10,3,0.714,1
f0:299.022941667,301.752235,305.248825,308.687136667,310.537871667,311.436868333,312.835681667,313.967413333,311.858916667,307.02336
feature:di4,2,2,2,4,1,4,0,4,0,1,10,4,0,7,0,0,1,0,0,131.33299,131.33299,0,1,1,3,NONE,Accented,NONE,10,1,10,2,11,2,0.786,4
f0:310.501292,314.21053,311.49399,289.038192,260.08755,233.608688,208.58779,190.7615325,177.812868,176.965386
feature:xian4,2,2,2,4,4,3,0,4,0,0,11,4,0,6,1,0,0,0,0,0,0,0,3,1,1,NONE,NONE,NONE,11,0,11,1,12,1,0.857,4
f0:193.154024,222.795952,254.167331,283.243961,280.151452727,231.543142,172.472377,140.880208,132.611624,122.090975
feature:wu3,2,2,2,3,4,4,0,0,1,7,0,0,1,5,2,0,0,0,0,0,0,0,1,3,1,NONE,NONE,NONE,0,7,0,8,1,8,0.1,3
f0:214.191882,213.372178333,205.894322,195.529031667,184.354268,176.826396,163.910506667,155.864458,159.083925,179.192306
feature:ge4,2,2,2,4,3,4,0,0,1,6,1,0,1,4,3,0,0,0,0,0,0,0,1,1,1,NONE,NONE,NONE,1,6,1,7,2,7,0.2,4
f0:189.07916,194.942913333,200.063566,198.93472,194.106482,189.45113,188.552205,190.200582,194.390833333,198.355526
feature:wai4,2,2,2,4,4,4,0,0,1,5,2,0,1,3,4,0,0,0,0,0,0,0,1,1,1,NONE,NONE,NONE,2,5,2,6,3,6,0.3,4
f0:210.13324,238.16015,275.452403333,324.200417143,339.288651667,339.881626667,330.933414286,306.115485,276.693195714,255.45149
feature:pai4,2,2,2,4,4,2,0,0,1,4,3,0,1,2,5,0,0,0,0,0,0,0,1,1,1,NONE,NONE,NONE,3,4,3,5,4,5,0.4,4
f0:240.765377143,238.577361667,247.670261429,276.337711429,307.659467143,328.08723,328.536704286,305.710424286,275.461411667,236.325531429
feature:lao2,2,2,2,2,4,4,0,0,1,3,4,0,1,1,6,0,0,0,0,0,0,0,1,1,1,NONE,NONE,NONE,4,3,4,4,5,4,0.5,2
f0:205.455804,193.062388,181.519688,169.72922,154.030972,140.97375,135.259268,134.19168,135.568624,142.82324
feature:wu4,2,2,2,4,2,1,0,0,1,2,5,0,1,0,7,0,0,1,122.018,0,0,122.018,1,1,1,NONE,NONE,Accented,5,2,5,3,6,3,0.6,4
f0:160.361232,178.8481875,188.586916,190.95193,190.548488,188.7991475,185.402938,178.683246,165.802455,159.573672
feature:ji1,2,2,2,1,4,4,0,0,0,1,6,0,0,4,8,1,0,0,125.018,122.018,122.018,125.018,1,1,3,Accented,NONE,NONE,6,1,6,2,7,2,0.7,1
f0:162.988694,174.914285,187.742616,198.866572,205.881738333,207.802922,207.88517,208.384064,209.309883333,202.989256
feature:di4,2,2,2,4,1,2,0,1,0,0,7,1,0,3,0,0,1,0,0,125.018,125.018,0,3,1,1,NONE,Accented,NONE,7,0,7,1,8,1,0.8,4
f0:199.183765,211.25444,217.246601667,207.944816667,181.864557143,150.177861667,121.959003333,108.666195,256.08507,351.522788333
feature:he2,2,2,2,2,4,2,0,0,2,6,0,0,2,2,1,0,0,0,0,0,0,0,1,3,1,NONE,NONE,NONE,0,6,0,7,1,5,0.143,2
f0:229.063014286,229.06302,229.06302,225.334774286,199.7412525,191.471941429,190.699142857,193.356214286,206.219442857,228.837912857
feature:shi2,2,2,2,2,2,4,0,0,2,5,1,0,2,1,2,0,0,0,0,0,0,0,1,1,1,NONE,NONE,NONE,1,5,1,6,2,4,0.286,2
f0:234.84553375,225.99814,215.614015,205.22988375,194.84575,185.11229125,178.18338125,178.39313375,196.99188125,212.4717525
feature:ge4,2,2,2,4,2,1,0,0,2,4,2,0,2,0,3,0,0,1,118.509,0,0,118.509,1,1,1,NONE,NONE,Accented,2,4,2,5,3,3,0.429,4
f0:215.419746667,233.52732,248.820316,246.004041667,216.166393333,190.056268333,164.391266667,151.96053,154.917801667,163.987416667
feature:zhuan1,2,2,2,1,4,4,0,0,1,3,3,0,1,1,4,1,0,0,121.509,118.509,118.509,121.509,1,1,1,Accented,NONE,NONE,3,3,3,4,4,2,0.571,1
f0:190.981908333,222.262726667,238.722806667,255.076821667,271.224848333,281.435908333,285.670303333,295.33487,304.477441667,307.18101
feature:ye4,2,2,2,4,1,1,0,1,1,2,4,1,1,0,0,0,1,1,112.105,121.509,121.509,122.105,1,1,1,NONE,Accented,Accented,4,2,4,3,5,1,0.714,4
f0:311.37595,315.525416667,308.894583333,296.024666667,287.663615,257.64285,202.204705,144.116706667,131.39301,109.494175
feature:ji1,2,2,2,1,4,4,0,1,0,1,5,1,0,1,1,1,0,0,120.105,122.105,112.105,120.105,1,1,4,Accented,NONE,NONE,5,1,5,2,1,2,0.25,1
f0:176.783004,176.783,176.792034,177.5998175,181.658102,185.3617975,185.388306,183.38679,177.49533,175.58408
feature:di4,2,2,0,4,1,0,0,2,0,0,6,2,0,0,0,0,1,0,110,120.105,120.105,0,4,1,0,NONE,Accented,0,6,0,6,1,2,1,0.5,4
f0:185.687426,192.32056,193.109374,187.205048,166.868158333,134.405386,79.154062,72.4793,79.14418,81.180966
