feature:ta1,2,0,2,1,0,5,0,0,1,8,0,0,1,3,0,1,0,0,137.57401,134.57401,0,137.57401,1,0,1,Accented,0,NONE,0,8,0,9,1,9,0.091,1
f0:353.16101,353.16101,353.16101,353.16101,347.299694,334.6288925,332.87169,334.7689925,335.412128,329.2215275
feature:men5,2,2,2,5,1,4,0,0,1,7,1,0,1,2,0,0,1,0,0,137.57401,137.57401,0,1,1,1,NONE,Accented,NONE,1,7,1,8,2,8,0.182,5
f0:317.848638571,312.060928333,296.061305714,267.869075,235.213614286,207.301371667,192.243544286,187.860991667,188.839988571,192.661935
feature:zai4,2,2,2,4,5,3,0,0,1,6,2,0,1,1,1,0,0,0,0,0,0,0,1,1,1,NONE,NONE,NONE,2,6,2,7,3,7,0.273,4
f0:201.919905,233.200604286,242.714188333,229.865041429,213.429048333,202.842391667,191.348761429,185.477108333,183.539894286,185.874766667
feature:xu3,2,2,2,3,4,1,0,0,1,5,3,0,1,0,2,0,0,1,131.17,0,0,131.17,1,1,1,NONE,NONE,Accented,3,5,3,6,4,6,0.364,3
f0:193.4715325,193.33159625,191.089247143,188.57320625,185.86362,183.17099875,180.13160375,159.91299,143.14701125,153.1716125
feature:duo1,2,2,2,1,3,5,0,0,0,4,4,0,0,6,3,1,0,0,134.17,131.17,131.17,134.17,1,1,1,Accented,NONE,NONE,4,4,4,5,5,5,0.455,1
f0:182.523662,212.439368333,239.435576,250.150681667,263.433026,279.431714,295.16308,305.984338,307.35865,303.531342
feature:de5,2,2,2,5,1,2,0,1,0,3,5,1,0,5,0,0,1,0,0,134.17,134.17,0,1,1,1,NONE,Accented,NONE,5,3,5,4,6,4,0.545,5
f0:296.034455,284.364105,271.013306667,257.7728575,233.109635,205.0028625,183.03368,172.674553333,165.92746,164.5726275
feature:shi2,2,2,2,2,5,5,0,1,0,2,6,1,0,4,1,0,0,0,0,0,0,0,1,1,1,NONE,NONE,NONE,6,2,6,3,7,3,0.636,2
f0:164.641441667,164.597062,163.819221667,162.73175,161.60354,160.591618,159.959286667,160.389436667,162.357546,166.625775
feature:tou5,2,2,2,5,2,4,0,1,0,1,7,1,0,3,2,0,0,0,0,0,0,0,1,1,3,NONE,NONE,NONE,7,1,7,2,8,2,0.727,5
f0:173.399672,185.763942,197.3870375,210.431544,222.548246,217.250036,189.087106,164.6604375,157.982082,161.898636
feature:shang4,2,2,2,4,5,4,0,1,0,0,8,1,0,2,3,0,0,0,0,0,0,0,3,1,1,NONE,NONE,NONE,8,0,8,1,9,1,0.818,4
f0:172.487997143,181.65338,190.499217143,193.75763875,169.027232857,139.981738571,128.1889025,119.56711,108.45052125,86.7802457143
feature:kan4,2,2,2,4,4,4,0,0,3,12,0,0,3,1,4,0,0,0,0,0,0,0,1,3,1,NONE,NONE,NONE,0,12,0,13,1,9,0.091,4
f0:273.181,273.181,273.181,273.181,271.610438333,247.953212,211.563988333,191.859831667,190.360328,190.421148333
feature:dao4,2,2,2,4,4,1,0,0,3,11,1,0,3,0,5,0,0,1,125.213,0,0,125.213,1,1,1,NONE,NONE,Accented,1,11,1,12,2,8,0.182,4
f0:190.470601429,187.328108333,179.735021429,169.703786667,165.202908571,156.396748571,146.07673,146.933852857,153.285421667,159.347227143
feature:chao1,2,2,2,1,4,2,0,0,2,10,2,0,2,1,6,1,0,0,128.213,125.213,125.213,128.213,1,1,1,Accented,NONE,NONE,2,10,2,11,3,7,0.273,1
f0:188.46929,210.580067143,230.7023775,250.984004286,271.247475,285.604485,283.604857143,282.48971625,286.676707143,285.8334475
feature:fan2,2,2,2,2,1,1,0,1,2,9,3,1,2,0,0,0,1,1,123.511,128.213,128.213,123.511,1,1,1,NONE,Accented,Accented,3,9,3,10,4,6,0.364,2
f0:253.853466667,230.400398889,208.908651111,180.595738889,141.623821111,135.81176,141.937488889,149.85514,155.569896667,174.787574444
feature:tuo1,2,2,2,1,2,2,0,1,1,8,4,1,1,4,1,1,0,0,126.511,123.511,123.511,126.511,1,1,1,Accented,NONE,NONE,4,8,4,9,5,5,0.455,1
f0:193.352537143,206.362633333,222.886004286,239.788515,264.72489,293.911918571,295.864841667,297.34562,300.551095,298.211804286
feature:su2,2,2,2,2,1,2,0,2,1,7,5,2,1,3,0,0,1,0,0,126.511,126.511,0,1,1,1,NONE,Accented,NONE,5,7,5,8,6,4,0.545,2
f0:277.724863333,254.98247375,232.149383333,209.33699875,191.567992222,171.96665875,162.307368889,164.80329375,169.463382222,183.83201375
feature:ru2,2,2,2,2,2,2,0,2,1,6,6,2,1,2,1,0,0,0,0,0,0,0,1,1,1,NONE,NONE,NONE,6,6,6,7,7,3,0.636,2
f0:182.933525714,178.966868571,178.41914,179.764771429,177.801972857,174.688772857,193.345021429,229.0309275,266.579275714,282.566074286
feature:fo2,2,2,2,2,2,5,0,2,1,5,7,2,1,1,2,0,0,0,0,0,0,0,1,1,1,NONE,NONE,NONE,7,5,7,6,8,2,0.727,2
f0:269.423992857,249.774001429,230.166671429,210.559337143,190.44254,169.139647143,154.607648571,150.50098,159.171582857,181.495327143
feature:de5,2,2,2,5,2,1,0,2,1,4,8,2,1,0,3,0,0,1,114.255,0,0,124.255,1,1,1,NONE,NONE,Accented,8,4,8,5,9,1,0.818,5
f0:195.678758,210.398266,211.711075,201.313708,185.89174,163.757802,146.687978,151.68451,171.441064,177.148536
feature:tian1,2,2,2,1,5,2,0,2,0,3,9,2,0,3,4,1,0,0,122.255,124.255,114.255,122.255,1,1,1,Accented,NONE,NONE,9,3,9,4,1,4,0.167,1
f0:276.422,276.422,276.422,276.422,275.702916667,270.070428333,264.335621667,262.673737143,265.695903333,263.782358333
feature:tang2,2,2,2,2,1,4,0,3,0,2,10,3,0,2,0,0,1,0,0,122.255,122.255,0,1,1,1,NONE,Accented,NONE,10,2,10,3,2,3,0.333,2
f0:248.459446667,232.692573333,217.049601667,201.406636667,185.763671667,164.905408,142.518055,131.090593333,129.375913333,149.479116667
feature:sheng4,2,2,2,4,2,4,0,3,0,1,11,3,0,1,1,0,0,0,0,0,0,0,1,1,4,NONE,NONE,NONE,11,1,11,2,3,2,0.5,4
f0:167.843726667,183.054537143,193.609603333,203.179393333,211.11804,208.704856667,193.744905,176.838143333,148.462391429,133.860098333
feature:jing4,2,2,0,4,4,0,0,3,0,0,12,3,0,0,2,0,0,0,110,0,0,0,4,1,0,NONE,NONE,0,12,0,12,1,4,1,0.667,4
f0:164.068305714,193.208448571,192.064333333,189.301942857,182.549348571,166.508122857,137.165464286,116.132128333,104.437567143,96.2170228571
