feature:a1,1,0,2,1,0,3,0,0,6,10,0,0,6,3,0,1,0,0,139.444,139.444,0,139.444,1,0,1,Accented,0,NONE,0,10,0,11,1,4,0.167,1
f0:340.8018975,346.312135,354.17881,362.1477125,371.981818,384.26639,388.9058225,388.8465575,385.7927725,374.755675
feature:ling3,2,1,2,3,1,4,0,0,6,9,1,0,6,2,0,0,1,0,0,139.444,139.444,0,1,1,1,NONE,Accented,NONE,1,9,1,10,2,3,0.333,3
f0:345.486658571,318.645781429,282.50943,243.010378571,212.034271429,188.680615714,174.824454286,168.29479,168.088725714,179.203842857
feature:yao4,2,2,2,4,3,4,0,0,6,8,2,0,6,1,1,0,0,0,0,0,0,0,1,1,1,NONE,NONE,NONE,2,8,2,9,3,2,0.5,4
f0:196.789732,218.769136,246.23996,251.09317,249.790886,241.684268,227.771032,219.2241475,215.740454,211.220986
feature:dai4,2,2,1,4,4,1,0,0,6,7,3,0,6,0,2,0,0,1,125.556,0,0,135.556,1,1,1,NONE,NONE,Accented,3,7,3,8,4,1,0.667,4
f0:206.142388,203.960034,204.822528,202.91427,196.98814,187.322648,178.601582,162.78485,136.582158,100.82349
feature:a1,1,2,2,1,4,1,0,0,5,6,4,0,5,0,3,1,0,1,135.278,135.556,125.556,135.278,1,1,1,Accented,NONE,Accented,4,6,4,7,1,7,0.111,1
f0:200.121995,206.544342,239.1859225,263.494906,272.9442775,277.1626375,279.865532,281.3933475,281.76176,281.3407975
feature:xiang1,2,1,2,1,1,4,0,1,4,5,5,1,4,1,0,1,1,0,133,135.278,135.278,133,1,1,1,Accented,Accented,NONE,5,5,5,6,2,6,0.222,1
f0:278.80928,282.169256667,287.58467,292.965264444,294.614917,289.061551111,287.710931111,288.835781111,294.286842222,290.617096667
feature:zhe4,2,2,2,4,1,1,0,2,4,4,6,2,4,0,0,0,1,1,127.778,133,133,127.778,1,1,1,NONE,Accented,Accented,6,4,6,5,3,5,0.333,4
f0:275.594601429,280.0118175,272.501172857,236.995602857,210.8376225,198.8332275,189.390211429,184.978625714,185.06314125,184.689805714
feature:zao1,2,2,2,1,4,1,0,2,3,3,7,2,3,0,1,1,0,1,131.2225,127.778,127.778,131.2225,1,1,1,Accented,NONE,Accented,7,3,7,4,4,4,0.444,1
f0:193.228246667,220.926492,260.261773333,273.315304,269.39138,261.828076,256.647023333,251.502802,252.030003333,249.724338
feature:kang1,2,2,2,1,1,1,0,3,2,2,8,3,2,0,0,1,1,1,130.11151,131.2225,131.2225,130.11151,1,1,1,Accented,Accented,Accented,8,2,8,3,5,3,0.556,1
f0:238.032967143,240.412543333,247.497504286,254.68537,263.622184286,275.977751667,272.022177143,265.309588333,265.3427,259.485388333
feature:zhi1,2,2,2,1,1,1,0,4,1,1,9,4,1,0,0,1,1,1,129,130.11151,130.11151,129,1,1,3,Accented,Accented,Accented,9,1,9,2,6,2,0.667,1
f0:242.801566,245.0124225,257.997886,271.0638325,275.296218,276.564394,276.72466,276.70856,276.3584125,266.975366
feature:qi1,2,2,2,1,1,4,0,5,0,0,10,5,0,2,0,1,1,0,127.444,129,129,0,3,1,1,Accented,Accented,NONE,10,0,10,1,7,1,0.778,1
f0:257.252586667,263.949344444,272.786098889,281.428531111,282.428595556,274.039685556,271.480561111,271.766506667,271.743053333,268.994406667
feature:qu4,2,2,2,4,1,2,0,0,2,6,0,0,2,1,0,0,1,0,0,0,127.444,0,1,3,1,NONE,Accented,NONE,0,6,0,7,1,3,0.2,4
f0:288.31,288.31,288.31,286.67835375,264.91836,241.301071429,220.81276125,212.24585,210.73396,210.221798571
feature:tai2,2,2,2,2,4,1,0,0,2,5,1,0,2,0,1,0,0,1,121.111,0,0,121.111,1,1,1,NONE,NONE,Accented,1,5,1,6,2,2,0.4,2
f0:209.454198571,208.473403333,207.332237143,206.087327143,204.842417143,198.470721667,180.583678571,176.171624286,184.088488333,197.185382857
feature:wan1,2,2,1,1,2,1,0,0,1,4,2,0,1,0,2,1,0,1,124.111,121.111,121.111,125,1,1,1,Accented,NONE,Accented,2,4,2,5,3,1,0.6,1
f0:219.27613,242.521996667,293.79408,302.039306667,305.783,306.798711111,308.562462222,307.095089,305.11639,304.719343333
feature:an1,1,2,2,1,1,2,0,1,0,3,3,1,0,3,0,1,1,0,125,125,124.111,125,1,1,1,Accented,Accented,NONE,3,3,3,4,1,4,0.167,1
f0:306.3749,334.140528,343.195622,347.552184,351.37007,355.40475,357.853546,361.563338,364.120452,355.031416
feature:xiang2,2,1,2,2,1,3,0,2,0,2,4,2,0,2,0,0,1,0,0,125,125,0,1,1,1,NONE,Accented,NONE,4,2,4,3,2,3,0.333,2
f0:327.7372375,305.66943125,284.4074325,263.08441,223.367818889,173.61622875,157.874755,168.3569075,192.5505975,215.1935075
feature:wan3,2,2,2,3,2,2,0,2,0,1,5,2,0,1,1,0,0,0,0,0,0,0,1,1,4,NONE,NONE,NONE,5,1,5,2,3,2,0.5,3
f0:224.107954,225.089016,224.225544,215.204668,191.702972,169.7863525,154.60182,137.294584,130.144996,131.974836
feature:nian2,2,2,0,2,3,0,0,2,0,0,6,2,0,0,2,0,0,0,110,0,0,0,4,1,0,NONE,NONE,0,6,0,6,1,4,1,0.667,2
f0:143.894449091,152.493172,152.8997,140.071522,131.704398182,141.74404,153.518696,169.51455,212.363508,255.807265455
