feature:zhi2,2,0,2,2,0,1,0,0,4,9,0,0,4,0,0,0,0,1,132.39101,0,0,132.39101,1,0,1,NONE,0,Accented,0,9,0,10,1,6,0.125,2
f0:229.696006667,229.69601,229.560178333,228.196412,229.01157,237.509265,248.53344,254.512988333,240.773086,234.516811667
feature:gong1,2,2,2,1,2,4,0,0,3,8,1,0,3,2,1,1,0,0,135.39101,132.39101,132.39101,135.39101,1,1,1,Accented,NONE,NONE,1,8,1,9,2,5,0.25,1
f0:277.96162,322.347646667,326.066291429,326.009378333,326.20601,326.47556,326.531052857,328.108,329.034867143,327.902118333
feature:zi4,2,2,2,4,1,2,0,1,3,7,2,1,3,1,0,0,1,0,0,135.39101,135.39101,0,1,1,1,NONE,Accented,NONE,2,7,2,8,3,4,0.375,4
f0:331.528706,342.29336,353.741016,365.18867,376.58283,383.358288,381.916173333,368.477452,337.095163333,299.395824
feature:ying2,2,2,2,2,4,1,0,1,3,6,3,1,3,0,1,0,0,1,127.174,0,0,127.174,1,1,1,NONE,NONE,Accented,3,6,3,7,4,3,0.5,2
f0:250.787167143,206.23203375,193.890504286,183.440304286,170.55431875,171.83857375,181.477792857,193.03492,216.25975875,232.49063
feature:jing1,2,2,2,1,2,4,0,1,2,5,4,1,2,2,2,1,0,0,130.174,127.174,127.174,130.174,1,1,1,Accented,NONE,NONE,4,5,4,6,5,2,0.625,1
f0:242.392401667,259.960336667,278.595886667,297.0047,305.691554286,305.83405,305.469926667,307.26215,309.408808333,303.102205
feature:ji4,2,2,2,4,1,4,0,2,2,4,5,2,2,1,0,0,1,0,0,130.174,130.174,0,1,1,1,NONE,Accented,NONE,5,4,5,5,6,1,0.75,4
f0:294.54189375,289.5504575,279.63675125,247.72091375,218.11650125,188.837538571,166.98186875,149.2249225,133.330075,103.6558125
feature:yi4,2,2,2,4,4,1,0,2,2,3,6,2,2,0,1,0,0,1,121.957,0,0,121.957,1,1,1,NONE,NONE,Accented,6,3,6,4,1,4,0.167,4
f0:233.627004,233.684315,239.416354,245.975195,236.557102,216.83794,192.901631667,167.907902,152.920696667,155.925852
feature:jun1,2,2,2,1,4,1,0,2,1,2,7,2,1,0,2,1,0,1,125.08701,121.957,121.957,125.08701,1,1,1,Accented,NONE,Accented,7,2,7,3,2,3,0.333,1
f0:179.62283,199.485958571,219.261703333,238.995398571,253.217108333,254.963755,253.989371429,254.457585,259.067121429,258.426476667
feature:tu1,2,2,2,1,1,3,0,3,0,1,8,3,0,1,0,1,1,0,123.217,125.08701,125.08701,123.217,1,1,4,Accented,Accented,NONE,8,1,8,2,3,2,0.5,1
f0:248.308985,251.42313,259.41544,267.54322,275.26599,278.25626,278.802341667,280.467976667,281.938265,277.038473333
feature:qi3,2,2,0,3,1,0,0,4,0,0,9,4,0,0,0,0,1,0,110,123.217,123.217,0,4,1,0,NONE,Accented,0,9,0,9,1,4,1,0.667,3
f0:260.19887,240.679761429,221.1606425,200.14006375,181.11467875,160.544228571,135.96701125,115.899365,112.685655714,110.9312525
