feature:wu4,2,0,2,4,0,1,0,0,1,8,0,0,1,0,0,0,0,1,133.33299,0,0,133.33299,1,0,1,NONE,0,Accented,0,8,0,9,1,9,0.091,4
f0:382.496398,383.0795875,382.875606,382.08005,376.889952,364.10233,349.218725,326.451184,301.06485,282.901146
feature:zheng1,2,2,2,1,4,4,0,0,0,7,1,0,0,15,1,1,0,0,136.33299,133.33299,133.33299,136.33299,1,1,1,Accented,NONE,NONE,1,7,1,8,2,8,0.182,1
f0:282.42354,297.01085,313.594616667,317.99989,317.994156,317.977406,317.791774,317.793336667,316.871516,314.907174
feature:bian4,2,2,2,4,1,2,0,1,0,6,2,1,0,14,0,0,1,0,0,136.33299,136.33299,0,1,1,1,NONE,Accented,NONE,2,6,2,7,3,7,0.273,4
f0:315.482828571,320.869435714,314.677502857,293.297177143,269.051495714,237.564158571,216.423251429,206.718125714,202.110958571,200.578281429
feature:bu2,2,2,2,2,4,4,0,1,0,5,3,1,0,13,1,0,0,0,0,0,0,0,1,1,1,NONE,NONE,NONE,3,5,3,6,4,6,0.364,2
f0:196.523936,195.378265,202.287224,211.2883,212.918818333,211.890004,213.729842,222.312554,228.365711667,234.440112
feature:zhong4,2,2,2,4,2,4,0,1,0,4,4,1,0,12,2,0,0,0,0,0,0,0,1,1,1,NONE,NONE,NONE,4,4,4,5,5,5,0.455,4
f0:251.811922,282.753918,314.331072,335.682104,337.926054,333.133854,320.829452,303.8836,285.860542,271.454376
feature:yao4,2,2,2,4,4,5,0,1,0,3,5,1,0,11,3,0,0,0,0,0,0,0,1,1,1,NONE,NONE,NONE,5,3,5,4,6,4,0.545,4
f0:262.231488,258.01725,257.056612,254.839564,245.314641667,229.668754,215.750726,204.891308,197.962222,190.7889
feature:de5,2,2,2,5,4,4,0,1,0,2,6,1,0,10,4,0,0,0,0,0,0,0,1,1,1,NONE,NONE,NONE,6,2,6,3,7,3,0.636,5
f0:185.10077,186.81756,194.41017,197.9731625,198.386835,198.61691,199.7802825,203.5432475,208.541336667,213.9767525
feature:xi4,2,2,2,4,5,2,0,1,0,1,7,1,0,9,5,0,0,0,0,0,0,0,1,1,3,NONE,NONE,NONE,7,1,7,2,8,2,0.727,4
f0:218.602335,240.347687778,273.35051,304.19122625,337.234856667,365.03665375,362.8708375,329.78143625,269.084638889,203.0859075
feature:jie2,2,2,1,2,4,2,0,1,0,0,8,1,0,8,6,0,0,0,0,0,0,0,3,1,1,NONE,NONE,NONE,8,0,8,1,9,1,0.818,2
f0:188.453955,190.655361111,192.8988,181.68935375,160.312463333,149.9149125,146.902585,148.07099125,157.094264444,172.79604
feature:er2,1,2,2,2,2,3,0,0,0,7,0,0,0,7,7,0,0,0,0,0,0,0,1,3,1,NONE,NONE,NONE,0,7,0,8,1,8,0.1,2
f0:190.3510025,190.351,190.6222075,192.7478775,196.591566,203.906155,215.647025,228.112255,232.124575,229.2663625
feature:da3,2,1,2,3,2,4,0,0,0,6,1,0,0,6,8,0,0,0,0,0,0,0,1,1,1,NONE,NONE,NONE,1,6,1,7,2,7,0.2,3
f0:224.286828333,224.961206,227.145291667,222.379774,193.94589,165.490618,150.083575,145.934224,154.035363333,159.453392
feature:duan4,2,2,2,4,3,2,0,0,0,5,2,0,0,5,9,0,0,0,0,0,0,0,1,1,1,NONE,NONE,NONE,2,5,2,6,3,6,0.3,4
f0:175.197814286,200.05931,213.339787143,210.226784286,190.7165825,172.92113625,165.965322857,165.9319,170.45709875,176.499144286
feature:bie2,2,2,2,2,4,2,0,0,0,4,3,0,0,4,10,0,0,0,0,0,0,0,1,1,1,NONE,NONE,NONE,3,4,3,5,4,5,0.4,2
f0:184.773606667,194.78501,195.79208,188.16289,170.54963,154.75712,156.811325,166.849333333,187.458678333,201.095968333
feature:ren2,2,2,2,2,2,5,0,0,0,3,4,0,0,3,11,0,0,0,0,0,0,0,1,1,1,NONE,NONE,NONE,4,3,4,4,5,4,0.5,2
f0:196.875918,193.641576,187.264412,171.688418,165.114264,166.8152825,176.452522,188.040038,195.24459,200.152424
feature:de5,2,2,2,5,2,4,0,0,0,2,5,0,0,2,12,0,0,0,0,0,0,0,1,1,1,NONE,NONE,NONE,5,2,5,3,6,3,0.6,5
f0:205.23498,206.53563,206.969206667,207.26799,207.460993333,207.693553333,208.182455,209.793693333,211.92096,213.956116667
feature:hua4,2,2,2,4,5,3,0,0,0,1,6,0,0,1,13,0,0,0,0,0,0,0,1,1,4,NONE,NONE,NONE,6,1,6,2,7,2,0.7,4
f0:218.415837143,231.6738175,249.038094286,266.4634625,292.497362857,314.109295714,304.4436625,279.354317143,233.8703375,187.065051429
feature:yu3,2,2,0,3,4,0,0,0,0,0,7,0,0,0,14,0,0,0,110,0,0,0,4,1,0,NONE,NONE,0,7,0,7,1,8,1,0.8,3
f0:173.322744286,169.59663,171.865613333,170.124824286,160.980898571,143.447992857,67.5286514286,62.2044083333,68.9851385714,59.4767157143
