feature:wo3,2,0,2,3,0,5,0,0,3,17,0,0,3,10,0,0,0,0,0,130,0,0,1,0,1,NONE,0,NONE,0,17,0,18,1,11,0.077,3
f0:228.4450125,231.22538,237.641625,238.6139375,236.9315675,231.4859675,217.01317,207.4702675,200.732545,197.32336
feature:men5,2,2,2,5,3,4,0,0,3,16,1,0,3,9,1,0,0,0,0,0,0,0,1,1,1,NONE,NONE,NONE,1,16,1,17,2,10,0.154,5
f0:195.3613175,194.04304,192.7877725,191.546026,191.329135,192.6735,197.747784,207.0858375,224.950208,245.69961
feature:hui4,2,2,2,4,5,4,0,0,3,15,2,0,3,8,2,0,0,0,0,0,0,0,1,1,1,NONE,NONE,NONE,2,15,2,16,3,9,0.231,4
f0:250.723366,203.80762,117.111042,109.465442,134.45508,246.619032,346.981732,353.19691,342.559466,325.150642
feature:xiang4,2,2,2,4,4,2,0,0,3,14,3,0,3,7,3,0,0,0,0,0,0,0,1,1,1,NONE,NONE,NONE,3,14,3,15,4,8,0.308,4
f0:310.633964286,293.10124,297.103091429,316.81359875,323.812274286,307.50802,287.6306025,269.144782857,254.55367625,250.495045714
feature:hai2,2,2,2,2,4,5,0,0,3,13,4,0,3,6,4,0,0,0,0,0,0,0,1,1,1,NONE,NONE,NONE,4,13,4,14,5,7,0.385,2
f0:227.747861429,128.28874,113.495322857,133.536245714,195.26108,199.310465714,182.99312,188.344257143,217.790038571,250.186064286
feature:zi5,2,2,2,5,2,5,0,0,3,12,5,0,3,5,5,0,0,0,0,0,0,0,1,1,1,NONE,NONE,NONE,5,12,5,13,6,6,0.462,5
f0:257.81185,272.536372,293.424824,310.644744,312.341356,302.5567,294.235944,283.939476,259.442194,240.467358
feature:de5,2,2,2,5,5,3,0,0,3,11,6,0,3,4,6,0,0,0,0,0,0,0,1,1,1,NONE,NONE,NONE,6,11,6,12,7,5,0.538,5
f0:237.344508,237.778515,234.02106,225.49077,216.910128333,210.186638,204.56084,202.094272,201.280103333,198.763632
feature:zu3,2,2,2,3,5,4,0,0,3,10,7,0,3,3,7,0,0,0,0,0,0,0,1,1,1,NONE,NONE,NONE,7,10,7,11,8,4,0.615,3
f0:196.457698571,196.44154375,195.948955714,195.397807143,195.02253,190.4336925,177.547558571,170.90742,169.75118375,172.312725714
feature:fu4,2,2,2,4,3,2,0,0,3,9,8,0,3,2,8,0,0,0,0,0,0,0,1,1,1,NONE,NONE,NONE,8,9,8,10,9,3,0.692,4
f0:182.92468375,209.66054125,242.564074444,275.46761,306.26329125,320.900525,314.0276225,287.082808889,257.30714125,239.5220675
feature:zu2,2,2,2,2,4,3,0,0,3,8,9,0,3,1,9,0,0,0,0,0,0,0,1,1,1,NONE,NONE,NONE,9,8,9,9,10,2,0.769,2
f0:230.92208375,228.614087143,226.30608,219.662148571,204.74536875,206.913327143,221.11063875,248.756581429,290.3866525,322.03145
feature:mu3,2,2,2,3,2,1,0,0,3,7,10,0,3,0,10,0,0,1,117.895,0,0,127.895,1,1,1,NONE,NONE,Accented,10,7,10,8,11,1,0.846,3
f0:319.823841429,295.266244286,272.534425,233.131215714,193.818398571,165.038141429,148.072908571,134.66205125,128.300038571,139.491478571
feature:jiao1,2,2,1,1,3,4,0,0,2,6,11,0,2,3,11,1,0,0,125.895,127.895,117.895,125.895,1,1,1,Accented,NONE,NONE,11,6,11,7,1,4,0.167,1
f0:291.520451429,309.66199,309.983357143,312.765595714,314.72536,318.415138571,325.961491429,333.352067143,336.067775714,329.004608571
feature:ao4,1,2,2,4,1,5,0,1,2,5,12,1,2,2,0,0,1,0,0,125.895,125.895,0,1,1,1,NONE,Accented,NONE,12,5,12,6,2,3,0.333,4
f0:310.77553,292.68566,275.19148,254.274405,225.837302,201.1272725,189.3706725,178.537255,170.319225,166.8621725
feature:de5,2,1,2,5,4,4,0,1,2,4,13,1,2,1,1,0,0,0,0,0,0,0,1,1,1,NONE,NONE,NONE,13,4,13,5,3,2,0.5,5
f0:167.923816667,169.196208,166.585505,159.199228333,151.95895,146.598804,140.175338333,130.595625,130.030108,146.137086667
feature:da4,2,2,2,4,5,1,0,1,2,3,14,1,2,0,2,0,0,1,114.211,0,0,124.211,1,1,1,NONE,NONE,Accented,14,3,14,4,4,1,0.667,4
f0:177.373205,213.128498571,248.88379,275.90655,279.719594286,266.153455,246.624373333,210.790636667,170.99923,165.42424
feature:sheng1,2,2,2,1,4,1,0,1,1,2,15,1,1,0,3,1,0,1,122.68449,124.211,114.211,122.68449,1,1,1,Accented,NONE,Accented,15,2,15,3,1,3,0.2,1
f0:213.92375,217.34302,217.34302,217.34302,217.34302,217.132073333,213.865002,211.912728333,212.956252,218.27882
feature:xuan1,2,2,2,1,1,4,0,2,0,1,16,2,0,1,0,1,1,0,121.158,122.68449,122.68449,121.158,1,1,4,Accented,Accented,NONE,16,1,16,2,2,2,0.4,1
f0:223.78966,227.213837143,238.040995,251.494,264.743165,270.760746667,269.23158,265.354395,263.201341429,264.780365
feature:bu4,2,2,0,4,1,0,0,3,0,0,17,3,0,0,0,0,1,0,110,121.158,121.158,0,4,1,0,NONE,Accented,0,17,0,17,1,3,1,0.6,4
f0:268.450861429,275.986995,286.481231429,281.231378333,245.275264286,193.629655714,156.638085,110.832461429,80.9259983333,76.5897128571
