feature:yi3,2,0,2,3,0,2,0,0,4,21,0,0,4,4,0,0,0,0,0,130,0,0,1,0,1,NONE,0,NONE,0,21,0,22,1,9,0.091,3
f0:225.20622,225.439205,225.3507925,225.05173,224.71868,224.1946775,221.97813,219.8798475,219.5935075,219.53941
feature:wan2,2,2,2,2,3,2,0,0,4,20,1,0,4,3,1,0,0,0,0,0,0,0,1,1,1,NONE,NONE,NONE,1,20,1,21,2,8,0.182,2
f0:219.77716,220.254006667,220.311124,217.33397,212.596738333,213.432746,220.83865,238.318406,262.522441667,260.901304
feature:cheng2,2,2,2,2,2,3,0,0,4,19,2,0,4,2,2,0,0,0,0,0,0,0,1,1,1,NONE,NONE,NONE,2,19,2,20,3,7,0.273,2
f0:238.981681,238.103871,238.3206,211.146306,189.242199,191.135354,193.139799,208.507994,235.297765,242.99282
feature:jing3,2,2,2,3,2,4,0,0,4,18,3,0,4,1,3,0,0,0,0,0,0,0,1,1,1,NONE,NONE,NONE,3,18,3,19,4,6,0.364,3
f0:233.18910125,235.419006667,238.300705,232.283861111,214.86232375,193.02742,178.559788889,173.68358375,173.998242222,176.34769125
feature:jie4,2,2,2,4,3,1,0,0,4,17,4,0,4,0,4,0,0,1,130.217,0,0,130.217,1,1,1,NONE,NONE,Accented,4,17,4,18,5,5,0.455,4
f0:197.774214286,228.89751,260.420867143,278.361955714,275.47679625,258.84931125,243.142831429,234.865621429,230.60412,217.918751429
feature:ya1,2,2,2,1,4,3,0,0,3,16,5,0,3,1,5,1,0,0,133.217,130.217,130.217,133.217,1,1,1,Accented,NONE,NONE,5,16,5,17,6,4,0.545,1
f0:167.413555714,192.26659,252.28928,288.5674,322.28793,327.434928571,328.075611429,329.686808333,332.208338571,328.485237143
feature:jie3,2,2,2,3,1,1,0,1,3,15,6,1,3,0,0,0,1,1,128.478,133.217,133.217,128.478,1,1,1,NONE,Accented,Accented,6,15,6,16,7,3,0.636,3
f0:311.31927,310.694164286,311.27868,309.466984286,290.540831429,261.871205714,238.919727143,220.917182857,213.683625714,207.359127143
feature:zhua1,2,2,2,1,3,2,0,1,2,14,7,1,2,8,1,1,0,0,131.478,128.478,128.478,131.478,1,1,1,Accented,NONE,NONE,7,14,7,15,8,2,0.727,1
f0:207.795491429,234.343541429,267.041085714,299.689295714,322.934961429,329.255278571,332.362895714,336.186622857,340.27369,333.78859
feature:bu2,2,2,2,2,1,3,0,2,2,13,8,2,2,7,0,0,1,0,0,131.478,131.478,0,1,1,1,NONE,Accented,NONE,8,13,8,14,9,1,0.818,2
f0:303.634638571,269.97775125,235.48148,207.066158571,192.38012,189.04776875,201.828978571,228.356407143,252.04899625,247.929941429
feature:chu3,2,2,2,3,2,2,0,2,2,12,9,2,2,6,1,0,0,0,0,0,0,0,1,1,1,NONE,NONE,NONE,9,12,9,13,1,7,0.111,3
f0:221.775003333,221.77501,221.77501,221.77501,221.77501,219.751033333,199.569546667,174.260565,163.59702,159.254238333
feature:jue2,2,2,2,2,3,3,0,2,2,11,10,2,2,5,2,0,0,0,0,0,0,0,1,1,1,NONE,NONE,NONE,10,11,10,12,2,6,0.222,2
f0:168.940217143,181.5710825,180.587997143,179.487782857,179.262825,176.0853125,170.272202857,180.44489,218.78669625,253.049885714
feature:deng3,2,2,2,3,2,4,0,2,2,10,11,2,2,4,3,0,0,0,0,0,0,0,1,1,1,NONE,NONE,NONE,11,10,11,11,3,5,0.333,3
f0:264.97013,280.492208571,279.706591667,254.800252857,211.296535,177.927738333,155.373884286,146.609438333,153.949478571,178.049295
feature:ge4,2,2,2,4,3,4,0,2,2,9,12,2,2,3,4,0,0,0,0,0,0,0,1,1,1,NONE,NONE,NONE,12,9,12,10,4,4,0.444,4
f0:198.843506,217.6438825,242.067994,266.415045,284.17944,290.13842,290.182558,279.23932,257.891076,239.7426425
feature:lei4,2,2,2,4,4,4,0,2,2,8,13,2,2,2,5,0,0,0,0,0,0,0,1,1,1,NONE,NONE,NONE,13,8,13,9,5,3,0.556,4
f0:227.57555,217.11612,211.03113,205.901716667,202.3988275,198.256163333,194.095105,190.887243333,190.1427625,190.638723333
feature:ren4,2,2,2,4,4,5,0,2,2,7,14,2,2,1,6,0,0,0,0,0,0,0,1,1,1,NONE,NONE,NONE,14,7,14,8,6,2,0.667,4
f0:191.7631125,194.238028,197.898795,203.29546,213.672638,219.89248,216.15087,208.645725,197.624518,186.6002075
feature:wu5,2,2,2,5,4,1,0,2,2,6,15,2,2,0,7,0,0,1,115.652,0,0,125.652,1,1,1,NONE,NONE,Accented,15,6,15,7,7,1,0.778,5
f0:171.05059,158.0067725,153.452511111,152.495905,151.19200875,148.6344325,143.20471625,107.691861111,97.5135975,198.76909125
feature:san1,2,2,2,1,5,3,0,2,1,5,16,2,1,1,8,1,0,0,123.652,125.652,115.652,123.652,1,1,1,Accented,NONE,NONE,16,5,16,6,1,6,0.125,1
f0:351.94299,351.94299,351.94299,351.94299,340.273502857,326.938675714,328.351408571,329.98588,329.554564286,322.809247143
feature:bai3,2,2,2,3,1,1,0,3,1,4,17,3,1,0,0,0,1,1,118.913,123.652,123.652,118.913,1,1,1,NONE,Accented,Accented,17,4,17,5,2,5,0.25,3
f0:307.002511667,286.205845714,266.84757,227.310188571,175.208355,145.156401667,137.56116,147.533073333,160.538252857,171.758775
feature:san1,2,2,2,1,3,2,0,3,0,3,18,3,0,3,1,1,0,0,121.913,118.913,118.913,121.913,1,1,1,Accented,NONE,NONE,18,3,18,4,3,4,0.375,1
f0:185.48071,207.637755,235.53051,263.372565,280.863155,283.54213,284.961166667,290.912215714,294.512491667,291.131735
feature:shi2,2,2,1,2,1,4,0,4,0,2,19,4,0,2,0,0,1,0,0,121.913,121.913,0,1,1,1,NONE,Accented,NONE,19,2,19,3,4,3,0.5,2
f0:277.813635,273.090055,270.8081725,268.55989,266.31163,264.0633775,261.81511,259.566835,257.5059225,255.5696975
feature:er4,1,2,2,4,2,3,0,4,0,1,20,4,0,1,1,0,0,0,0,0,0,0,1,1,4,NONE,NONE,NONE,20,1,20,2,5,2,0.625,4
f0:248.45811,243.210085,274.783603333,311.440998333,318.756606667,309.016686,283.046641667,242.467623333,198.232306667,164.535371667
feature:qi3,2,1,0,3,4,0,0,4,0,0,21,4,0,0,2,0,0,0,110,0,0,0,4,1,0,NONE,NONE,0,21,0,21,1,6,1,0.75,3
f0:157.65368,159.850071111,162.732131111,165.550823333,162.885776667,139.286842222,124.970572222,102.235708889,130.778727778,232.680766667
