feature:ju4,2,0,2,4,0,4,0,0,1,12,0,0,1,1,0,0,0,0,0,0,0,0,1,0,1,NONE,0,NONE,0,12,0,13,1,13,0.067,4
f0:399.747016,399.74701,399.74701,395.949622,379.9942,368.0644975,349.556586,326.422168,297.073242,274.371298
feature:zuo4,2,2,2,4,4,1,0,0,1,11,1,0,1,0,1,0,0,1,131.552,0,0,131.552,1,1,1,NONE,NONE,Accented,1,11,1,12,2,12,0.133,4
f0:266.2594,267.35841,269.659742,270.811578,265.813092,253.820176,234.594806,219.109046,212.08194,205.66276
feature:jia1,2,2,2,1,4,3,0,0,0,10,2,0,0,10,2,1,0,0,134.552,131.552,131.552,134.552,1,1,1,Accented,NONE,NONE,2,10,2,11,3,11,0.2,1
f0:193.786801429,212.88944625,253.86768,277.12079,280.1391875,279.65910625,280.037335714,282.718784286,289.17773125,293.01419
feature:xi3,2,2,2,3,1,5,0,1,0,9,3,1,0,9,0,0,1,0,0,134.552,134.552,0,1,1,1,NONE,Accented,NONE,3,9,3,10,4,10,0.267,3
f0:285.561991667,271.920314,255.272231667,238.592494,221.912758333,203.432953333,190.676594,180.474126667,163.70968,160.47963
feature:huan5,2,2,2,5,3,4,0,1,0,8,4,1,0,8,1,0,0,0,0,0,0,0,1,1,1,NONE,NONE,NONE,4,8,4,9,5,9,0.333,5
f0:165.132672,180.35921,204.722178,227.062812,242.462888333,240.549732,223.586302,213.500192,215.504765,223.943954
feature:yong4,2,2,2,4,5,2,0,1,0,7,5,1,0,7,2,0,0,0,0,0,0,0,1,1,1,NONE,NONE,NONE,5,7,5,8,6,8,0.4,4
f0:230.751957778,234.545151111,241.50665,229.832727778,206.643955556,191.862721111,183.082033333,181.094891111,181.053176667,188.86064
feature:die2,2,2,2,2,4,4,0,1,0,6,6,1,0,6,3,0,0,0,0,0,0,0,1,1,1,NONE,NONE,NONE,6,6,6,7,7,7,0.467,2
f0:191.4255,191.722385714,192.301881667,192.843454286,191.372798571,180.82933,177.788874286,187.435011667,222.603595714,249.164095714
feature:zi4,2,2,2,4,2,2,0,1,0,5,7,1,0,5,4,0,0,0,0,0,0,0,1,1,1,NONE,NONE,NONE,7,5,7,6,8,6,0.533,4
f0:257.503297143,267.54464,281.500645714,294.459921429,303.07178125,290.098245,257.512002857,231.460321429,207.0355825,197.045415714
feature:die2,2,2,2,2,4,3,0,1,0,4,8,1,0,4,5,0,0,0,0,0,0,0,1,1,1,NONE,NONE,NONE,8,4,8,5,9,5,0.6,2
f0:195.196722857,197.96341,203.444411429,205.487215,201.497465714,196.653921429,196.780848333,213.903245714,252.536868333,288.70592
feature:yu3,2,2,2,3,2,5,0,1,0,3,9,1,0,3,6,0,0,0,0,0,0,0,1,1,1,NONE,NONE,NONE,9,3,9,4,10,4,0.667,3
f0:304.117884286,304.791466667,288.724098571,264.638985,240.335532857,202.669277143,163.546433333,131.459621429,115.304865,115.076817143
feature:de5,2,2,2,5,3,4,0,1,0,2,10,1,0,2,7,0,0,0,0,0,0,0,1,1,1,NONE,NONE,NONE,10,2,10,3,11,3,0.733,5
f0:121.690153333,128.042255,133.468373333,136.2570575,138.76367,140.573263333,143.543085,146.557776667,149.7413075,156.115196667
feature:ju4,2,2,2,4,5,5,0,1,0,1,11,1,0,1,8,0,0,0,0,0,0,0,1,1,4,NONE,NONE,NONE,11,1,11,2,12,2,0.8,4
f0:176.42223,197.54152,214.828492,232.115478333,247.897971667,248.61848,227.632946667,204.715976,178.491936667,154.222706667
feature:zi5,2,2,0,5,4,0,0,1,0,0,12,1,0,0,9,0,0,0,110,0,0,0,4,1,0,NONE,NONE,0,12,0,12,1,13,1,0.867,5
f0:147.160625,153.645943333,164.238592857,167.046608333,158.33475,154.813943333,159.448446667,151.340275714,115.588033333,94.16289
