feature:mei3,2,0,2,3,0,2,0,0,1,8,0,0,1,4,0,0,0,0,0,0,0,0,1,0,1,NONE,0,NONE,0,8,0,9,1,9,0.091,3
f0:223.76401,223.675668,222.23995,218.1212525,210.759356,204.653065,200.200645,196.462035,192.99037,190.5765925
feature:guo2,2,2,2,2,3,2,0,0,1,7,1,0,1,3,1,0,0,0,0,0,0,0,1,1,1,NONE,NONE,NONE,1,7,1,8,2,8,0.182,2
f0:191.859185,202.69613,207.910514286,201.232053333,193.994221667,192.074673333,193.135551667,197.677275714,206.11429,222.94362
feature:yi2,2,2,2,2,2,4,0,0,1,6,2,0,1,2,2,0,0,0,0,0,0,0,1,1,1,NONE,NONE,NONE,2,6,2,7,3,7,0.273,2
f0:228.076218,222.291308,214.586992,211.108604,211.81296,215.330338,220.081876,230.37372,245.326624,264.955576
feature:xi4,2,2,2,4,2,4,0,0,1,5,3,0,1,1,3,0,0,0,0,0,0,0,1,1,1,NONE,NONE,NONE,3,5,3,6,4,6,0.364,4
f0:282.027995,297.646558,313.67898,329.711382,345.69434,357.264175,356.932116,346.958191667,329.558274,304.778275
feature:lie4,2,2,2,4,4,1,0,0,1,4,4,0,1,0,4,0,0,1,129.35899,0,0,129.35899,1,1,1,NONE,NONE,Accented,4,4,4,5,5,5,0.455,4
f0:282.538568,268.789708,260.370098,253.737548,245.600756,235.768368,222.52422,217.839498,220.462738,225.739886
feature:shang1,2,2,2,1,4,3,0,0,0,3,5,0,0,5,5,1,0,0,132.35899,129.35899,129.35899,132.35899,1,1,1,Accented,NONE,NONE,5,3,5,4,6,4,0.545,1
f0:233.447288571,255.488085714,277.4033,299.318515714,326.548295714,340.116658571,341.810054286,348.997885,352.71014,345.460018571
feature:pin3,2,2,2,3,1,4,0,1,0,2,6,1,0,4,0,0,1,0,0,132.35899,132.35899,0,1,1,1,NONE,Accented,NONE,6,2,6,3,7,3,0.636,3
f0:333.340578333,313.421646667,290.431385,266.973185,231.531728571,177.698823333,153.6661,150.73489,158.506735,183.292915
feature:dian4,2,2,2,4,3,3,0,1,0,1,7,1,0,3,1,0,0,0,0,0,0,0,1,1,3,NONE,NONE,NONE,7,1,7,2,8,2,0.727,4
f0:204.9939,222.47999,239.4921325,259.76255,276.90642,283.14259,276.628402,261.8144425,243.875718,223.45121
feature:ying3,2,2,2,3,4,3,0,1,0,0,8,1,0,2,2,0,0,0,0,0,0,0,3,1,1,NONE,NONE,NONE,8,0,8,1,9,1,0.818,3
f0:202.326408,177.183476667,151.739024,140.877834444,135.766836,135.096354444,136.775977,145.914307778,164.432721,192.373308889
feature:ba3,2,2,2,3,3,4,0,0,2,8,0,0,2,1,3,0,0,0,0,0,0,0,1,3,1,NONE,NONE,NONE,0,8,0,9,1,4,0.167,3
f0:204.9550125,204.95502,204.95502,204.877912857,193.7873975,172.159974286,154.20953375,146.3858,142.86436375,145.353537143
feature:da4,2,2,2,4,3,1,0,0,2,7,1,0,2,0,4,0,0,1,123.205,0,0,123.205,1,1,1,NONE,NONE,Accented,1,7,1,8,2,3,0.333,4
f0:194.896748333,260.22296,278.780168333,284.462176,285.846866667,284.923125,277.622532,264.133025,245.405102,225.753318333
feature:xing1,2,2,2,1,4,5,0,0,1,6,2,0,1,4,5,1,0,0,126.205,123.205,123.205,126.205,1,1,1,Accented,NONE,NONE,2,6,2,7,3,2,0.5,1
f0:218.573594286,231.062523333,255.482538571,280.156376667,304.621318571,320.531635,323.354301429,325.227756667,334.201105714,336.976685
feature:xing5,2,2,2,5,1,2,0,1,1,5,3,1,1,3,0,0,1,0,0,126.205,126.205,0,1,1,1,NONE,Accented,NONE,3,5,3,6,4,1,0.667,5
f0:324.85823125,311.550724286,297.306565,275.021421429,220.23137,180.0950425,163.093774286,149.73972125,156.616535714,185.55290875
feature:miao2,2,2,2,2,5,4,0,1,1,4,4,1,1,2,1,0,0,0,0,0,0,0,1,1,1,NONE,NONE,NONE,4,4,4,5,1,5,0.143,2
f0:174.33456,184.77529,185.814634,183.019734,170.961196667,161.682286,160.246306,164.83544,190.681535,216.13988
feature:hui4,2,2,2,4,2,2,0,1,1,3,5,1,1,1,2,0,0,0,0,0,0,0,1,1,1,NONE,NONE,NONE,5,3,5,4,2,4,0.286,4
f0:225.829072,240.380714,261.579498,281.441046,287.532678,275.73483,245.91349,216.885112,186.434612,164.740622
feature:cheng2,2,2,2,2,4,1,0,1,1,2,6,1,1,0,3,0,0,1,118.077,0,0,118.077,1,1,1,NONE,NONE,Accented,6,2,6,3,3,3,0.429,2
f0:163.557642857,167.41936875,171.893835714,175.671727143,168.05103125,150.332735,149.524185714,155.103302857,168.0991875,185.808918571
feature:cu1,2,2,2,1,2,3,0,1,0,1,7,1,0,1,4,1,0,0,121.077,118.077,118.077,121.077,1,1,4,Accented,NONE,NONE,7,1,7,2,4,2,0.571,1
f0:200.510385714,219.157594286,239.484202857,259.810797143,280.137407143,300.781574286,313.921827143,318.005494286,320.905247143,317.516435714
feature:ye3,2,2,0,3,1,0,0,2,0,0,8,2,0,0,0,0,1,0,110,121.077,121.077,0,4,1,0,NONE,Accented,0,8,0,8,1,5,1,0.714,3
f0:290.522091429,264.692378333,241.523732857,218.971103333,178.397071429,136.905072857,125.239291667,123.094142857,117.384165,116.88
