feature:zhong4,2,0,2,4,0,3,0,0,4,16,0,0,4,1,0,0,0,0,0,0,0,0,1,0,1,NONE,0,NONE,0,16,0,17,1,17,0.053,4
f0:399.890996,399.89099,399.560958333,396.641486,385.733924,370.578738,350.227228,316.264881667,280.757472,253.661386
feature:dian3,2,2,2,3,4,1,0,0,4,15,1,0,4,0,1,0,0,1,132.222,0,0,132.222,1,1,1,NONE,NONE,Accented,1,15,1,16,2,16,0.105,3
f0:236.98445,229.980006,223.14221,210.580148,189.823578,164.482774,144.006584,101.441658333,68.110674,99.159566
feature:pou1,2,2,2,1,3,1,0,0,3,14,2,0,3,0,2,1,0,1,135.6665,132.222,132.222,135.6665,1,1,1,Accented,NONE,Accented,2,14,2,15,3,15,0.158,1
f0:149.868215,183.146051429,205.302195,220.566114286,236.599485,251.857698333,267.410988571,271.599898333,270.529597143,266.198848333
feature:xi1,2,2,2,1,1,4,0,1,2,13,3,1,2,4,0,1,1,0,134.11099,135.6665,135.6665,134.11099,1,1,1,Accented,Accented,NONE,3,13,3,14,4,14,0.211,1
f0:263.31178,264.755331429,271.3225175,278.442665,280.02580875,277.579654286,276.92607,276.8948825,276.209781429,263.024215
feature:di4,2,2,2,4,1,4,0,2,2,12,4,2,2,3,0,0,1,0,0,134.11099,134.11099,0,1,1,1,NONE,Accented,NONE,4,12,4,13,5,13,0.263,4
f0:253.520136667,281.945855714,317.455598333,345.950685,353.589202857,348.963571667,332.576971667,302.568733333,257.841932857,226.22802
feature:shui4,2,2,2,4,4,4,0,2,2,11,5,2,2,2,1,0,0,0,0,0,0,0,1,1,1,NONE,NONE,NONE,5,11,5,12,6,12,0.316,4
f0:215.921043333,218.92079,232.64142,247.400678,262.159928333,276.600306667,279.766006,266.691053333,239.476578,213.967808333
feature:xi4,2,2,2,4,4,3,0,2,2,10,6,2,2,1,2,0,0,0,0,0,0,0,1,1,1,NONE,NONE,NONE,6,10,6,11,7,11,0.368,4
f0:196.288425,190.862262,189.503156667,188.067273333,186.631376667,185.3437,184.319946667,178.368215,171.375424,182.168768333
feature:tong3,2,2,2,3,4,1,0,2,2,9,7,2,2,0,3,0,0,1,125.556,0,0,125.556,1,1,1,NONE,NONE,Accented,7,9,7,10,8,10,0.421,3
f0:191.80369,189.711486667,186.816451429,183.921415,178.105425714,149.109657143,112.60226,83.71194,69.1267333333,65.3340642857
feature:fa1,2,2,2,1,3,1,0,2,1,8,8,2,1,0,4,1,0,1,129,125.556,125.556,129,1,1,1,Accented,NONE,Accented,8,8,8,9,9,9,0.474,1
f0:83.408835,129.171388,177.784725,224.136092,241.812083333,243.022328333,242.834298,244.894143333,248.300194,248.43321
feature:sheng1,2,2,2,1,1,5,0,3,0,7,9,3,0,7,0,1,1,0,127.444,129,129,127.444,1,1,1,Accented,Accented,NONE,9,7,9,8,10,8,0.526,1
f0:246.00796,245.677018333,245.569186,246.95042,252.675801667,251.151098333,249.967821667,249.698586,248.575563333,238.95413
feature:de5,2,2,2,5,1,2,0,4,0,6,10,4,0,6,0,0,1,0,0,127.444,127.444,0,1,1,1,NONE,Accented,NONE,10,6,10,7,11,7,0.579,5
f0:218.909721667,216.128668333,203.74574,181.823128333,167.966835,155.210831667,146.62275,143.228382,143.213481667,155.756763333
feature:du2,2,2,2,2,5,2,0,4,0,5,11,4,0,5,1,0,0,0,0,0,0,0,1,1,1,NONE,NONE,NONE,11,5,11,6,12,6,0.632,2
f0:176.807061429,182.13528,185.743312857,187.857205714,181.461362857,178.480955,182.401125714,207.067984286,240.886545,237.015052857
feature:zhi2,2,2,2,2,2,4,0,4,0,4,12,4,0,4,2,0,0,0,0,0,0,0,1,1,1,NONE,NONE,NONE,12,4,12,5,13,5,0.684,2
f0:217.413545,214.98861,212.658521429,210.328433333,206.258363333,194.390848333,175.969281667,166.853461429,179.145285,194.906863333
feature:fan4,2,2,2,4,2,4,0,4,0,3,13,4,0,3,3,0,0,0,0,0,0,0,1,1,1,NONE,NONE,NONE,13,3,13,4,14,4,0.737,4
f0:204.349794286,235.057388333,274.524857143,313.200701667,330.58565,327.814541429,307.254056667,270.802427143,228.771126667,210.688262857
feature:zui4,2,2,1,4,4,4,0,4,0,2,14,4,0,2,4,0,0,0,0,0,0,0,1,1,1,NONE,NONE,NONE,14,2,14,3,15,3,0.789,4
f0:207.555548333,214.221218,230.721378333,244.532776,243.027466667,225.291093333,199.481864,177.975118333,168.4184,169.318413333
feature:an4,1,2,2,4,4,4,0,4,0,1,15,4,0,1,5,0,0,0,0,0,0,0,1,1,4,NONE,NONE,NONE,15,1,15,2,16,2,0.842,4
f0:174.27686,175.3504675,172.064756,162.0350075,151.728658,141.97269,132.973254,129.0002775,137.042486,152.0189625
feature:jian4,2,1,0,4,4,0,0,4,0,0,16,4,0,0,6,0,0,0,110,0,0,0,4,1,0,NONE,NONE,0,16,0,16,1,17,1,0.895,4
f0:204.37282125,218.19326375,213.95664375,189.0042025,165.59138,145.006057143,121.0918825,80.2492525,103.77903875,184.67333875
