feature:xiang2,2,0,2,2,0,4,0,0,2,16,0,0,2,4,0,0,0,0,0,0,0,0,1,0,1,NONE,0,NONE,0,16,0,17,1,10,0.083,2
f0:214.762003333,214.76201,214.76201,214.76201,208.908643333,199.703243333,200.980771667,208.437645714,230.758595,258.768413333
feature:xi4,2,2,2,4,2,2,0,0,2,15,1,0,2,3,1,0,0,0,0,0,0,0,1,1,1,NONE,NONE,NONE,1,15,1,16,2,9,0.167,4
f0:280.979548333,295.920188,317.87238,343.48816,369.032796667,385.412686,384.33322,367.1039,340.69683,309.816838333
feature:xun2,2,2,2,2,4,4,0,0,2,14,2,0,2,2,2,0,0,0,0,0,0,0,1,1,1,NONE,NONE,NONE,2,14,2,15,3,8,0.25,2
f0:287.804346667,278.816813333,268.952914286,258.769068333,229.540133333,200.567461667,188.983988333,191.499997143,205.104833333,218.878641667
feature:wen4,2,2,2,4,2,5,0,0,2,13,3,0,2,1,3,0,0,0,0,0,0,0,1,1,1,NONE,NONE,NONE,3,13,3,14,4,7,0.333,4
f0:233.2801725,243.21977,245.058655,245.14274,242.37887,236.81381,228.58715,219.901613333,213.1675175,207.161803333
feature:le5,2,2,2,5,4,1,0,0,2,12,4,0,2,0,4,0,0,1,128.88901,0,0,128.88901,1,1,1,NONE,NONE,Accented,4,12,4,13,5,6,0.417,5
f0:198.988654,190.13864,184.28227,179.199036,174.408474,169.05722,165.940444,165.65339,168.807882,179.995016
feature:ta1,2,2,2,1,5,5,0,0,1,11,5,0,1,9,5,1,0,0,131.88901,128.88901,128.88901,131.88901,1,1,1,Accented,NONE,NONE,5,11,5,12,6,5,0.5,1
f0:198.84666,218.015728,239.46428,263.296,287.12772,306.284526,314.316671667,317.986765,320.610504,319.52413
feature:men5,2,2,2,5,1,5,0,1,1,10,6,1,1,8,0,0,1,0,0,131.88901,131.88901,0,1,1,1,NONE,Accented,NONE,6,10,6,11,7,4,0.583,5
f0:310.40583,305.2580125,298.984456667,289.727935,279.7519,266.24038,252.02511,234.962616667,219.2286825,205.9127275
feature:de5,2,2,2,5,5,3,0,1,1,9,7,1,1,7,1,0,0,0,0,0,0,0,1,1,1,NONE,NONE,NONE,7,9,7,10,8,3,0.667,5
f0:192.0798875,183.782576667,181.7816125,180.807506667,179.5897675,174.49406,170.129053333,165.27546,162.816303333,163.2414175
feature:chu3,2,2,2,3,5,4,0,1,1,8,8,1,1,6,2,0,0,0,0,0,0,0,1,1,1,NONE,NONE,NONE,8,8,8,9,9,2,0.75,3
f0:170.490267143,177.908804286,184.9746,192.0404,199.49795,202.60308,185.726471429,155.507267143,139.763087143,114.550212857
feature:jing4,2,2,2,4,3,2,0,1,1,7,9,1,1,5,3,0,0,0,0,0,0,0,1,1,1,NONE,NONE,NONE,9,7,9,8,10,1,0.833,4
f0:124.802286667,176.188026667,226.84517,268.150674444,266.895551111,228.686618889,191.526721111,160.77266875,137.731525556,115.248182222
feature:ji2,2,2,2,2,4,3,0,1,1,6,10,1,1,4,4,0,0,0,0,0,0,0,1,1,1,NONE,NONE,NONE,10,6,10,7,1,7,0.111,2
f0:199.709004,199.70901,199.70901,202.712248,210.78186,217.954298,221.851518,221.0006425,215.436344,209.680274
feature:yu3,2,2,1,3,2,2,0,1,1,5,11,1,1,3,5,0,0,0,0,0,0,0,1,1,1,NONE,NONE,NONE,11,5,11,6,2,6,0.222,3
f0:202.906762222,190.8710975,158.650421111,132.58061,129.184891111,94.9769344444,71.39459125,106.761553333,160.05722875,158.298744444
feature:e2,1,2,2,2,3,2,0,1,1,4,12,1,1,2,6,0,0,0,0,0,0,0,1,1,1,NONE,NONE,NONE,12,4,12,5,3,5,0.333,2
f0:161.341863333,165.364033333,170.3815,178.445943333,191.921003333,206.62714,217.212166667,220.4855,220.560723333,217.989696667
feature:guo2,2,1,2,2,2,5,0,1,1,3,13,1,1,1,7,0,0,0,0,0,0,0,1,1,1,NONE,NONE,NONE,13,3,13,4,4,4,0.444,2
f0:211.402886,203.40884,195.186832,185.60119,176.9582,171.8856275,159.227418,145.024144,140.986916,142.66441
feature:de5,2,2,2,5,2,1,0,1,1,2,14,1,1,0,8,0,0,1,118.333,0,0,118.333,1,1,1,NONE,NONE,Accented,14,2,14,3,5,3,0.556,5
f0:147.19501,151.6125,154.324996667,154.55238,151.390075,144.51694,140.45009,138.702146667,137.8847725,140.539776667
feature:guan1,2,2,2,1,5,4,0,1,0,1,15,1,0,1,9,1,0,0,121.333,118.333,118.333,121.333,1,1,4,Accented,NONE,NONE,15,1,15,2,6,2,0.667,1
f0:158.10247,189.375004,221.106998,248.443616,260.464806,265.86988,268.687384,271.94157,275.850252,278.04673
feature:xi4,2,2,0,4,1,0,0,2,0,0,16,2,0,0,0,0,1,0,110,121.333,121.333,0,4,1,0,NONE,Accented,0,16,0,16,1,7,1,0.778,4
f0:282.7121225,288.645937778,278.16604625,256.32994,234.14216,212.4012725,170.980961111,113.60478375,92.9498988889,91.1919
