feature:zai4,2,0,2,4,0,4,0,0,4,12,0,0,4,4,0,0,0,0,0,0,0,0,1,0,1,NONE,0,NONE,0,12,0,13,1,9,0.091,4
f0:390.047,389.947018,384.3200525,371.128486,355.685524,345.017912,338.058184,335.728485,334.802814,322.244954
feature:fan4,2,2,2,4,4,3,0,0,4,11,1,0,4,3,1,0,0,0,0,0,0,0,1,1,1,NONE,NONE,NONE,1,11,1,12,2,8,0.182,4
f0:310.38424,321.202678,342.686166667,364.279732,376.286906667,374.22344,365.940216,351.908788333,333.856018,308.856498333
feature:li3,2,2,2,3,4,2,0,0,4,10,2,0,4,2,2,0,0,0,0,0,0,0,1,1,1,NONE,NONE,NONE,2,10,2,11,3,7,0.273,3
f0:272.754562857,239.637204286,229.876242857,220.971334286,208.711605,192.533612857,184.501478571,178.040342857,172.105288571,150.574155714
feature:mai2,2,2,2,2,3,3,0,0,4,9,3,0,4,1,3,0,0,0,0,0,0,0,1,1,1,NONE,NONE,NONE,3,9,3,10,4,6,0.364,2
f0:88.5719285714,91.6794833333,167.56522,189.445653333,188.805997143,188.010271667,193.12284,217.558078333,255.546267143,275.479168333
feature:ji3,2,2,2,3,2,1,0,0,4,8,4,0,4,0,4,0,0,1,127.414,0,0,127.414,1,1,1,NONE,NONE,Accented,4,8,4,9,5,5,0.455,3
f0:275.828546,270.19991,263.342706,256.485496,243.758524,214.850382,187.27761,170.14743,166.18893,169.151118
feature:ke1,2,2,2,1,3,1,0,0,3,7,5,0,3,0,5,1,0,1,130.724,127.414,127.414,130.724,1,1,1,Accented,NONE,Accented,5,7,5,8,6,4,0.545,1
f0:176.965988571,192.833684286,209.651495714,226.469312857,242.308525714,246.282464286,232.187168571,228.164282857,234.101424286,243.770287143
feature:suan1,2,2,2,1,1,2,0,1,2,6,6,1,2,2,0,1,1,0,129.034,130.724,130.724,129.034,1,1,1,Accented,Accented,NONE,6,6,6,7,7,3,0.636,1
f0:248.891448333,261.72611,276.381668333,291.037231667,305.69279,318.741596,325.994581667,326.061991667,325.654106667,328.205836667
feature:luo2,2,2,2,2,1,5,0,2,2,5,7,2,2,1,0,0,1,0,0,129.034,129.034,0,1,1,1,NONE,Accented,NONE,7,5,7,6,8,2,0.727,2
f0:330.954534286,327.65994625,308.844155714,271.87858375,234.463772857,185.772471429,152.49082,148.694038571,160.826775,180.569728571
feature:bo5,2,2,2,5,2,1,0,2,2,4,8,2,2,0,1,0,0,1,116.897,0,0,126.897,1,1,1,NONE,NONE,Accented,8,4,8,5,9,1,0.818,5
f0:194.861018571,221.821392857,227.62610125,207.5381,180.302524286,156.732268571,149.51182,324.71733375,367.149648571,364.555798571
feature:suan1,2,2,2,1,5,2,0,2,1,3,9,2,1,2,2,1,0,0,124.897,126.897,116.897,124.897,1,1,1,Accented,NONE,NONE,9,3,9,4,1,4,0.167,1
f0:318.989995,318.98999,318.98999,318.98999,318.98999,320.107651667,322.267874,321.503668333,321.215766,322.678543333
feature:hong2,2,2,2,2,1,4,0,3,1,2,10,3,1,1,0,0,1,0,0,124.897,124.897,0,1,1,1,NONE,Accented,NONE,10,2,10,3,2,3,0.333,2
f0:325.65228625,329.423015,313.380611429,277.50049875,247.44074875,217.53402375,187.2225525,168.826297143,173.85538625,196.55383625
feature:la4,2,2,2,4,2,1,0,3,1,1,11,3,1,0,1,0,0,1,117.759,0,0,117.759,1,1,4,NONE,NONE,Accented,11,1,11,2,3,2,0.5,4
f0:223.621328,247.85639,262.638266,263.770976,255.144072,237.892484,213.58456,180.286516,156.641638,150.359182
feature:jiao1,2,2,0,1,4,0,0,3,0,0,12,3,0,0,2,1,0,0,120.759,117.759,117.759,0,4,1,0,Accented,NONE,0,12,0,12,1,4,1,0.667,1
f0:164.83728,200.695368889,236.880931111,257.571652222,259.637321111,261.620334444,264.291165556,265.149174444,267.537666667,276.029311111
