feature:lv3,2,0,2,3,0,2,0,0,2,6,0,0,2,4,0,0,0,0,0,0,0,0,1,0,1,NONE,0,NONE,0,6,0,7,1,7,0.111,3
f0:228.082794,228.0652275,225.823028,223.69605,219.793022,212.075885,206.005074,201.9806725,199.280358,194.5062225
feature:xing2,2,2,2,2,3,4,0,0,2,5,1,0,2,3,1,0,0,0,0,0,0,0,1,1,1,NONE,NONE,NONE,1,5,1,6,2,6,0.222,2
f0:193.366671667,202.183538,216.584011667,228.736084,227.271781667,213.964512,207.735463333,208.396882,220.739198333,241.99662
feature:she4,2,2,2,4,2,2,0,0,2,4,2,0,2,2,2,0,0,0,0,0,0,0,1,1,1,NONE,NONE,NONE,2,4,2,5,3,5,0.333,4
f0:253.640734286,265.584288571,284.499957143,296.367465714,279.614075714,243.121536667,217.503024286,199.54038,190.204465714,186.57587
feature:ti2,2,2,2,2,4,2,0,0,2,3,3,0,2,1,3,0,0,0,0,0,0,0,1,1,1,NONE,NONE,NONE,3,3,3,4,4,4,0.444,2
f0:187.906216667,191.416488,196.497518333,202.778044,208.732573333,212.962514,217.640625,227.576222,232.701271667,223.667016
feature:qian2,2,2,2,2,2,1,0,0,2,2,4,0,2,0,4,0,0,1,130.41701,0,0,130.41701,1,1,1,NONE,NONE,Accented,4,2,4,3,5,3,0.556,2
f0:221.200708571,222.434798333,223.792604286,224.719906667,218.191988571,192.958293333,173.124174286,174.457383333,191.142562857,199.379348333
feature:qi1,2,2,2,1,2,1,0,0,1,1,5,0,1,0,5,1,0,1,134,130.41701,130.41701,134,1,1,3,Accented,NONE,Accented,5,1,5,2,6,2,0.667,1
f0:200.460545,210.083673333,228.883251667,248.001468333,269.031498571,288.608455,295.197463333,295.705138333,295.277341667,298.358835
feature:tian1,2,2,2,1,1,1,0,1,0,0,6,1,0,0,0,1,1,1,132.58299,134,134,133.75,3,1,1,Accented,Accented,Accented,6,0,6,1,7,1,0.778,1
f0:298.568868889,287.0144125,279.098174444,283.214995,276.968128889,270.934626667,271.62164125,271.395401111,268.30282875,268.572644444
feature:jiang1,2,2,2,1,1,3,0,0,4,15,0,0,4,5,0,1,1,0,131.75,133.75,132.58299,131.75,1,3,1,Accented,Accented,NONE,0,15,0,16,1,7,0.111,1
f0:322.19,321.48043625,307.9897325,303.93839,303.282105,303.416375714,302.9470175,303.22770375,304.93139625,300.631355
feature:lv3,2,2,2,3,1,2,0,0,4,14,1,0,4,4,0,0,1,0,0,131.75,131.75,0,1,1,1,NONE,Accented,NONE,1,14,1,15,2,6,0.222,3
f0:284.297742,267.100818,254.63241,245.095376,222.448186,198.595508,179.813082,169.670335,162.540786,151.11525
feature:you2,2,2,2,2,3,2,0,0,4,13,2,0,4,3,1,0,0,0,0,0,0,0,1,1,1,NONE,NONE,NONE,2,13,2,14,3,5,0.333,2
f0:142.151884286,140.439735,142.341178571,150.84346,154.78252,153.60283,156.488918571,168.096375,187.294955714,200.886955
feature:tuan2,2,2,2,2,2,4,0,0,4,12,3,0,4,2,2,0,0,0,0,0,0,0,1,1,1,NONE,NONE,NONE,3,12,3,13,4,4,0.444,2
f0:196.280275714,199.226614286,207.796504286,216.5961,218.695112857,194.755065714,177.71297,177.095748571,194.347808571,214.333622857
feature:dui4,2,2,2,4,2,2,0,0,4,11,4,0,4,1,3,0,0,0,0,0,0,0,1,1,1,NONE,NONE,NONE,4,11,4,12,5,3,0.556,4
f0:223.30452,249.117096,277.81055,280.337665,276.23013,262.8821125,243.83017,223.30992,201.287848,179.777125
feature:ming2,2,2,2,2,4,1,0,0,4,10,5,0,4,0,4,0,0,1,123.75,0,0,123.75,1,1,1,NONE,NONE,Accented,5,10,5,11,6,2,0.667,2
f0:165.65665,158.831585,154.849264286,149.420137143,139.433785714,136.973821667,141.048148571,151.110541429,173.750965,199.19999
feature:dan1,2,2,2,1,2,2,0,0,3,9,6,0,3,5,5,1,0,0,126.75,123.75,123.75,0,1,1,1,Accented,NONE,NONE,6,9,6,10,7,1,0.778,1
f0:215.106015714,253.627091429,270.884787143,272.900841429,272.248715714,271.595827143,275.221525714,278.736954286,278.120657143,256.993102857
feature:chuan2,2,2,2,2,1,4,0,1,3,8,7,1,3,4,0,0,1,0,0,0,126.75,0,1,1,1,NONE,Accented,NONE,7,8,7,9,1,9,0.091,2
f0:241.93201,241.93201,241.93201,241.93201,238.510674286,204.695971429,179.705848571,179.619543333,187.526034286,211.483411429
feature:song4,2,2,2,4,2,4,0,1,3,7,8,1,3,3,1,0,0,0,0,0,0,0,1,1,1,NONE,NONE,NONE,8,7,8,8,2,8,0.182,4
f0:226.270051667,238.516836667,268.16743,290.98915,286.633017143,260.078701667,234.990741667,213.563986667,198.743833333,194.126893333
feature:zhi4,2,2,2,4,4,3,0,1,3,6,9,1,3,2,2,0,0,0,0,0,0,0,1,1,1,NONE,NONE,NONE,9,6,9,7,3,7,0.273,4
f0:191.591526667,194.921476667,204.482814286,205.896333333,199.443588333,190.60063,183.012101667,169.519234286,163.349461667,171.016305
feature:kou3,2,2,1,3,4,4,0,1,3,5,10,1,3,1,3,0,0,0,114.167,0,0,114.167,1,1,1,NONE,NONE,NONE,10,5,10,6,4,6,0.364,3
f0:177.1090775,182.66527875,187.824601429,192.93432,192.69251125,164.67725625,138.0618725,136.685821429,153.163175,176.58649625
feature:an4,1,2,2,4,3,1,0,1,3,4,11,1,3,0,4,0,0,1,119.167,114.167,114.167,119.167,1,1,1,NONE,NONE,Accented,11,4,11,5,5,5,0.455,4
f0:193.85444,212.781003333,222.687152,219.68902,206.074354,189.184998,174.218831667,166.808118,165.789196667,171.285666
feature:qian1,2,1,2,1,4,4,0,1,2,3,12,1,2,1,5,1,0,0,122.167,119.167,119.167,122.167,1,1,1,Accented,NONE,NONE,12,3,12,4,6,4,0.545,1
f0:192.607028571,210.452727143,232.76416125,255.337964286,276.318195714,292.314712857,294.547604286,296.6592975,299.119004286,299.629694286
feature:zheng4,2,2,2,4,1,1,0,2,2,2,13,2,2,0,0,0,1,1,117.5,122.167,122.167,117.5,1,1,1,NONE,Accented,Accented,13,2,13,3,7,3,0.636,4
f0:295.833224,294.717774,294.325696,292.354474,271.071626667,243.69096,216.955672,188.99575,168.003732,157.812168
feature:ji1,2,2,2,1,4,1,0,2,1,1,14,2,1,0,1,1,0,1,121.0835,117.5,117.5,121.0835,1,1,4,Accented,NONE,Accented,14,1,14,2,8,2,0.727,1
f0:156.552362,159.8763875,168.149,178.503502,183.641588,179.5657625,174.663988,175.272804,176.2338975,169.410816
feature:guan1,2,2,0,1,1,0,0,3,0,0,15,3,0,0,0,1,1,0,119.667,121.0835,121.0835,0,4,1,0,Accented,Accented,0,15,0,15,1,9,1,0.818,1
f0:161.57499125,188.35735875,204.19165625,196.8563925,190.1058475,188.66118875,188.73474125,189.18711125,189.63718625,188.72941
