feature:qiao2,2,0,2,2,0,3,0,0,0,4,0,0,0,10,0,0,0,0,0,0,0,0,1,0,1,NONE,0,NONE,0,4,0,5,1,5,0.143,2
f0:240.028014286,240.02802,240.02802,240.000945714,228.709292857,217.3326,247.668268571,306.539821429,346.460645714,351.165291429
feature:qu3,2,2,2,3,2,2,0,0,0,3,1,0,0,9,1,0,0,0,0,0,0,0,1,1,1,NONE,NONE,NONE,1,3,1,4,2,4,0.286,3
f0:332.496266667,312.62135,290.79306,268.964775,249.15884,231.910123333,215.554455,192.203117143,174.90933,159.637241667
feature:wu2,2,2,2,2,3,2,0,0,0,2,2,0,0,8,2,0,0,0,0,0,0,0,1,1,1,NONE,NONE,NONE,2,2,2,3,3,3,0.429,2
f0:151.493067143,150.637953333,151.836375714,155.399515714,160.29404,168.711931667,185.44958,219.282188571,256.733018333,285.498931429
feature:he2,2,2,2,2,2,3,0,0,0,1,3,0,0,7,3,0,0,0,0,0,0,0,1,1,3,NONE,NONE,NONE,3,1,3,2,4,2,0.571,2
f0:290.818131667,281.493735714,269.248795,257.995221667,231.119008571,189.712218333,187.733071667,209.925375,255.764234286,275.73797
feature:fa3,2,2,2,3,2,4,0,0,0,0,4,0,0,6,4,0,0,0,0,0,0,0,3,1,1,NONE,NONE,NONE,4,0,4,1,5,1,0.714,3
f0:264.62713375,253.40644125,237.82120625,187.54092875,155.928,142.05030375,121.62179625,108.64351375,118.5889225,189.08914875
feature:yue4,2,2,2,4,3,2,0,0,4,11,0,0,4,5,5,0,0,0,0,0,0,0,1,3,1,NONE,NONE,NONE,0,11,0,12,1,4,0.167,4
f0:322.29199,323.44008,330.2920225,340.335242,352.38984,361.15399,362.716018,357.6608125,342.70398,320.5593425
feature:yang2,2,2,2,2,4,3,0,0,4,10,1,0,4,4,6,0,0,0,0,0,0,0,1,1,1,NONE,NONE,NONE,1,10,1,11,2,3,0.333,2
f0:288.665538333,246.36168,233.70652,221.560405,196.581833333,187.568298333,195.127253333,219.677271667,241.354918333,248.641303333
feature:wan3,2,2,2,3,2,4,0,0,4,9,2,0,4,3,7,0,0,0,0,0,0,0,1,1,1,NONE,NONE,NONE,2,9,2,10,3,2,0.5,3
f0:247.794491667,237.05876,206.562878333,172.43964,142.968263333,128.523752,117.495498333,114.70464,96.4120983333,80.118015
feature:bao4,2,2,2,4,3,2,0,0,4,8,3,0,4,2,8,0,0,0,0,0,0,0,1,1,1,NONE,NONE,NONE,3,8,3,9,4,1,0.667,4
f0:89.526,117.011052857,173.9001575,204.888447143,194.0223875,173.856092857,162.95747125,156.561874286,147.01657,145.372092857
feature:chen2,2,2,2,2,4,4,0,0,4,7,4,0,4,1,9,0,0,0,0,0,0,0,1,1,1,NONE,NONE,NONE,4,7,4,8,1,8,0.1,2
f0:184.215,184.215,184.215,184.215,184.128795714,175.168263333,163.852233333,163.30048,176.172485714,201.402203333
feature:lang4,2,2,2,4,2,1,0,0,4,6,5,0,4,0,10,0,0,1,122.568,0,0,122.568,1,1,1,NONE,NONE,Accented,5,6,5,7,2,7,0.2,4
f0:244.1654425,287.98518375,301.76867375,287.09242625,246.67401125,193.055585,157.8833125,144.83757875,144.36175,160.06233125
feature:qing1,2,2,2,1,4,2,0,0,3,5,6,0,3,1,11,1,0,0,125.568,122.568,122.568,125.568,1,1,1,Accented,NONE,NONE,6,5,6,6,3,6,0.3,1
f0:190.88221375,214.593704286,237.89516875,261.196624286,285.28302125,313.0651,317.71761375,317.891541429,320.36542,313.188968571
feature:chao2,2,2,2,2,1,1,0,1,3,4,7,1,3,0,0,0,1,1,120.405,125.568,125.568,120.405,1,1,1,NONE,Accented,Accented,7,4,7,5,4,5,0.4,2
f0:286.57996,259.067198571,231.55442875,201.90938,172.500555,145.11243,141.0057075,145.1251525,160.149664286,181.21875375
feature:kang1,2,2,2,1,2,1,0,1,2,3,8,1,2,0,1,1,0,1,123.8645,120.405,120.405,123.8645,1,1,1,Accented,NONE,Accented,8,3,8,4,5,4,0.5,1
f0:193.159281667,205.002188333,224.733146667,244.798533333,266.870462857,287.793305,295.488575,295.519018333,295.54276,296.992985
feature:xi1,2,2,2,1,1,2,0,2,1,2,9,2,1,1,0,1,1,0,122.324,123.8645,123.8645,122.324,1,1,1,Accented,Accented,NONE,9,2,9,3,6,3,0.6,1
f0:294.321606667,286.9286,289.047128333,294.101816667,299.756217143,305.410613333,310.62245,317.11763,324.840545,319.629336667
feature:nian2,2,2,2,2,1,1,0,3,1,1,10,3,1,0,0,0,1,1,117.162,122.324,122.324,117.162,1,1,4,NONE,Accented,Accented,10,1,10,2,7,2,0.7,2
f0:300.163714286,272.819351429,229.200347143,178.549884286,134.300812857,119.977071667,119.975488571,129.052331429,142.441395714,169.013132857
feature:jian1,2,2,0,1,2,0,0,3,0,0,11,3,0,0,1,1,0,0,120.162,117.162,117.162,0,4,1,0,Accented,NONE,0,11,0,11,1,8,1,0.8,1
f0:194.607711111,218.105152222,234.125866667,236.029707778,236.148472222,237.75598,240.294463333,240.510032222,244.196032222,252.202433333
