feature:hai2,2,0,2,2,0,5,0,0,3,10,0,0,3,4,0,0,0,0,0,130,0,0,1,0,1,NONE,0,NONE,0,10,0,11,1,11,0.077,2
f0:241.423,241.423,241.423,241.32384,230.281561667,210.495858,209.095468333,222.618856667,255.960425,267.043965
feature:shi5,2,2,2,5,2,3,0,0,3,9,1,0,3,3,1,0,0,0,0,0,0,0,1,1,1,NONE,NONE,NONE,1,9,1,10,2,10,0.154,5
f0:272.175574,284.956996,304.595098,324.537358,344.479612,361.1543875,368.322296,366.288902,353.072368,328.027422
feature:mian3,2,2,2,3,5,5,0,0,3,8,2,0,3,2,2,0,0,0,0,0,0,0,1,1,1,NONE,NONE,NONE,2,8,2,9,3,9,0.231,3
f0:300.968073333,279.165332,258.090453333,249.268184,239.644461667,208.71312,178.783756667,159.255688,154.99128,154.665436
feature:bu5,2,2,2,5,3,3,0,0,3,7,3,0,3,1,3,0,0,0,0,0,0,0,1,1,1,NONE,NONE,NONE,3,7,3,8,4,8,0.308,5
f0:160.700256,179.518895,196.08907,212.926934,229.422041667,235.811116,236.225836,233.779438,220.951868333,207.2117
feature:liao3,2,2,2,3,5,1,0,0,3,6,4,0,3,0,4,0,0,1,126.2,0,0,126.2,1,1,1,NONE,NONE,Accented,4,6,4,7,5,7,0.385,3
f0:197.6151575,194.902681429,187.13182625,171.78770875,152.09287,139.70528,136.675275,134.41682625,140.999224286,218.5448275
feature:ya1,2,2,2,1,3,1,0,0,2,5,5,0,2,0,5,1,0,1,129.39999,126.2,126.2,129.39999,1,1,1,Accented,NONE,Accented,5,5,5,6,6,6,0.462,1
f0:221.50468,211.747188333,222.997128333,274.76236,310.027614286,321.439373333,324.73707,326.918218333,326.548796667,324.076008333
feature:cang1,2,2,2,1,1,3,0,1,1,4,6,1,1,2,0,1,1,0,127.6,129.39999,129.39999,127.6,1,1,1,Accented,Accented,NONE,6,4,6,5,7,5,0.538,1
f0:321.484471429,322.10609875,322.975308571,323.777648571,332.93381625,343.7819525,338.850104286,338.581622857,347.38931375,344.36944
feature:di3,2,2,2,3,1,5,0,2,1,3,7,2,1,1,0,0,1,0,0,127.6,127.6,0,1,1,1,NONE,Accented,NONE,7,3,7,4,8,4,0.615,3
f0:327.459028,315.451992,301.53537,267.807748,230.56136,203.4881075,178.723854,157.178822,149.871248,148.237182
feature:de5,2,2,2,5,3,1,0,2,1,2,8,2,1,0,1,0,0,1,119.8,0,0,119.8,1,1,1,NONE,NONE,Accented,8,2,8,3,9,3,0.692,5
f0:145.86767,144.17536,142.008396667,139.580323333,138.66415,139.22004,141.854963333,144.926713333,149.28997,155.311083333
feature:jie1,2,2,2,1,5,3,0,2,0,1,9,2,0,1,2,1,0,0,122.8,119.8,119.8,122.8,1,1,4,Accented,NONE,NONE,9,1,9,2,10,2,0.769,1
f0:171.002023333,184.853584286,189.394251667,187.138116667,179.388304286,170.013891667,166.786251667,172.85975,200.65424,230.788623333
feature:guo3,2,2,0,3,1,0,0,3,0,0,10,3,0,0,0,0,1,0,110,122.8,122.8,0,4,1,0,NONE,Accented,0,10,0,10,1,11,1,0.846,3
f0:232.61280375,232.160728571,230.90805625,206.37827,165.6365125,96.5887442857,74.97898125,73.887355,100.558465714,175.568805
