feature:zai4,2,0,2,4,0,1,0,0,4,10,0,0,4,0,0,0,0,1,133.571,0,0,133.571,1,0,1,NONE,0,Accented,0,10,0,11,1,11,0.077,4
f0:309.271,309.271,306.11047,280.247978571,255.3542375,242.271411429,233.252204286,227.312397143,225.356981429,230.1121
feature:xiang1,2,2,2,1,4,1,0,0,3,9,1,0,3,0,1,1,0,1,137.095,133.571,133.571,137.095,1,1,1,Accented,NONE,Accented,1,9,1,10,2,10,0.154,1
f0:232.70288875,247.9162175,274.9138,302.17351625,328.8647725,336.89197875,337.3393775,334.400657143,335.78075125,333.4684
feature:dang1,2,2,2,1,1,1,0,1,2,8,2,1,2,0,0,1,1,1,136.14301,137.095,137.095,136.14301,1,1,1,Accented,Accented,Accented,2,8,2,9,3,9,0.231,1
f0:330.771174,339.114474,340.61222,338.117358,335.272344,333.184118,332.73288,333.274038333,333.147042,327.942634
feature:chong1,2,2,2,1,1,2,0,2,1,7,3,2,1,6,0,1,1,0,134.66701,136.14301,136.14301,134.66701,1,1,1,Accented,Accented,NONE,3,7,3,8,4,8,0.308,1
f0:325.590945,329.830393333,335.695172,341.487315,345.75365,344.752415,340.893118333,341.150348,342.432023333,342.728976667
feature:shi2,2,2,2,2,1,5,0,3,1,6,4,3,1,5,0,0,1,0,0,134.66701,134.66701,0,1,1,1,NONE,Accented,NONE,4,6,4,7,5,7,0.385,2
f0:335.722961667,317.04856,292.644266667,268.077058333,243.50983,219.838561667,201.874941667,188.946848333,188.084656667,187.920681667
feature:de5,2,2,2,5,2,4,0,3,1,5,5,3,1,4,1,0,0,0,0,0,0,0,1,1,1,NONE,NONE,NONE,5,5,5,6,6,6,0.462,5
f0:193.513354,210.574793333,211.47604,206.04884,199.961124,196.96669,195.563935,195.29375,200.282015,214.779932
feature:xi4,2,2,2,4,5,4,0,3,1,4,6,3,1,3,2,0,0,0,0,0,0,0,1,1,1,NONE,NONE,NONE,6,4,6,5,7,5,0.538,4
f0:223.797271429,238.612603333,263.497174286,288.556508333,313.615844286,335.984986667,340.97549,334.812886667,308.893792857,270.166083333
feature:ju4,2,2,2,4,4,2,0,3,1,3,7,3,1,2,3,0,0,0,0,0,0,0,1,1,1,NONE,NONE,NONE,7,3,7,4,8,4,0.615,4
f0:230.410076667,233.056183333,242.727506667,245.748686667,237.366778571,227.28624,215.102698333,207.502705,206.014858333,199.126806667
feature:qing2,2,2,2,2,4,4,0,3,1,2,8,3,1,1,4,0,0,0,0,0,0,0,1,1,1,NONE,NONE,NONE,8,2,8,3,9,3,0.692,2
f0:191.94428875,196.927322857,203.4504025,210.47527125,215.20761125,206.509481429,194.283845,196.3413175,224.156598571,253.9577825
feature:jing4,2,2,2,4,2,1,0,3,1,1,9,3,1,0,5,0,0,1,125,0,0,125,1,1,3,NONE,NONE,Accented,9,1,9,2,10,2,0.769,4
f0:268.90116,290.217916667,307.65536,310.179718333,303.907396,279.205998,244.037685,215.132562,199.841413333,193.917806
feature:zhong1,2,2,2,1,4,4,0,3,0,0,10,3,0,2,6,1,0,0,128,125,125,0,3,1,1,Accented,NONE,NONE,10,0,10,1,11,1,0.846,1
f0:200.769861429,238.875388571,265.185515714,267.387951429,265.113917143,263.146052857,263.690421429,268.966255714,272.910748571,270.780692857
feature:fu4,2,2,2,4,1,3,0,0,2,8,0,0,2,1,0,0,1,0,0,0,128,0,1,3,1,NONE,Accented,NONE,0,8,0,9,1,4,0.167,4
f0:378.15399,378.15399,378.15399,378.15399,378.15399,378.826552,382.700288,377.139628333,342.691262,298.43777
feature:yu3,2,2,2,3,4,1,0,0,2,7,1,0,2,0,1,0,0,1,122.143,0,0,122.143,1,1,1,NONE,NONE,Accented,1,7,1,8,2,3,0.333,3
f0:251.316058,225.7222725,216.613404,212.5613925,210.454062,211.560182,217.4148775,223.114942,220.78518,213.91685
feature:jing1,2,2,2,1,3,5,0,0,1,6,2,0,1,4,2,1,0,0,125.143,122.143,122.143,125.143,1,1,1,Accented,NONE,NONE,2,6,2,7,3,2,0.5,1
f0:218.246743333,241.529948,269.077091667,296.627516,318.415816667,326.772788333,327.690576,328.991205,333.1669,333.52358
feature:shen5,2,2,1,5,1,2,0,1,1,5,3,1,1,3,0,0,1,0,0,125.143,125.143,0,1,1,1,NONE,Accented,NONE,3,5,3,6,4,1,0.667,5
f0:255.173548889,189.828605556,226.884107778,218.918074444,184.707617778,178.096442222,180.394318889,190.052002222,204.803497778,214.766164444
feature:ao2,1,2,2,2,5,2,0,1,1,4,4,1,1,2,1,0,0,0,0,0,0,0,1,1,1,NONE,NONE,NONE,4,4,4,5,1,5,0.143,2
f0:205.049946,204.673428333,200.032264,192.993685,189.789118,189.60058,203.889596667,236.537948,273.072038333,284.628504
feature:you2,2,1,2,2,2,5,0,1,1,3,5,1,1,1,2,0,0,0,0,0,0,0,1,1,1,NONE,NONE,NONE,5,3,5,4,2,4,0.286,2
f0:283.011846,274.91422,259.792998,245.631356,223.423738333,186.616,157.150704,146.949682,155.54949,167.452502
feature:de5,2,2,2,5,2,1,0,1,1,2,6,1,1,0,3,0,0,1,117.857,0,0,117.857,1,1,1,NONE,NONE,Accented,6,2,6,3,3,3,0.429,5
f0:173.00354,176.01883,176.7381375,175.7708,173.111075,171.51492,169.627395,164.517476667,160.1824475,160.653916667
feature:kong1,2,2,2,1,5,2,0,1,0,1,7,1,0,1,4,1,0,0,120.857,117.857,117.857,120.857,1,1,4,Accented,NONE,NONE,7,1,7,2,4,2,0.571,1
f0:173.244371429,194.211611429,214.855812857,235.50001,256.212222857,281.706928333,298.957801429,298.802135714,297.446128571,299.945925714
feature:ling2,2,2,0,2,1,0,0,2,0,0,8,2,0,0,0,0,1,0,110,120.857,120.857,0,4,1,0,NONE,Accented,0,8,0,8,1,5,1,0.714,2
f0:293.149206,253.239666667,198.449781,148.534361111,135.481876,137.283733,142.034013333,151.86678,180.754741111,204.75351
