feature:tong2,2,0,2,2,0,2,0,0,4,11,0,0,4,6,0,0,0,0,0,130,0,0,1,0,1,NONE,0,NONE,0,11,0,12,1,12,0.071,2
f0:258.74799,258.74799,257.867353333,242.481321667,223.815028571,230.863228333,254.365695,286.031971667,317.059951667,329.650783333
feature:xing2,2,2,2,2,2,5,0,0,4,10,1,0,4,5,1,0,0,0,0,0,0,0,1,1,1,NONE,NONE,NONE,1,10,1,11,2,11,0.143,2
f0:327.482411667,322.188788,316.44514,309.640278333,277.019711667,230.153904,210.738861667,212.441161667,226.83187,241.309423333
feature:de5,2,2,2,5,2,2,0,0,4,9,2,0,4,4,2,0,0,0,0,0,0,0,1,1,1,NONE,NONE,NONE,2,9,2,10,3,10,0.214,5
f0:253.617593333,265.28783,268.446826667,268.429483333,267.987813333,265.638386667,259.985826667,251.72083,240.042536667,223.675393333
feature:peng2,2,2,2,2,5,5,0,0,4,8,3,0,4,3,3,0,0,0,0,0,0,0,1,1,1,NONE,NONE,NONE,3,8,3,9,4,9,0.286,2
f0:213.173435,212.294078571,214.922338333,218.114893333,218.935547143,201.682563333,175.249688333,173.645675,181.245224286,198.558776667
feature:you5,2,2,2,5,2,3,0,0,4,7,4,0,4,2,4,0,0,0,0,0,0,0,1,1,1,NONE,NONE,NONE,4,7,4,8,5,8,0.357,5
f0:215.522246667,227.996592,233.866918333,229.009781667,217.150108333,203.620882,193.951808333,188.656431667,187.057466,190.642225
feature:xiao3,2,2,2,3,5,2,0,0,4,6,5,0,4,1,5,0,0,0,0,0,0,0,1,1,1,NONE,NONE,NONE,5,6,5,7,6,7,0.429,3
f0:198.159717143,200.699755714,204.363128571,209.174311429,211.892941429,203.601343333,186.462404286,166.333834286,146.44468,142.745
feature:chen2,2,2,2,2,3,1,0,0,4,5,6,0,4,0,6,0,0,1,127.5,0,0,127.5,1,1,1,NONE,NONE,Accented,6,5,6,6,7,6,0.5,2
f0:174.790795455,183.627316,188.7023,182.603372,165.053709091,162.050814545,166.315946,183.769914545,221.215814,250.74202
feature:ka1,2,2,2,1,2,1,0,0,3,4,7,0,3,0,7,1,0,1,131,127.5,127.5,131,1,1,1,Accented,NONE,Accented,7,4,7,5,8,5,0.571,1
f0:251.901873333,253.643486667,257.227255,260.87176,264.51625,268.030313333,272.129373333,275.280343333,275.408996667,263.001485
feature:ca1,2,2,2,1,1,1,0,1,2,3,8,1,2,0,0,1,1,1,130,131,131,130,1,1,1,Accented,Accented,Accented,8,3,8,4,9,4,0.643,1
f0:230.664033333,230.31936,241.092188333,252.122528,262.205703333,271.590366,274.912348333,276.862056,277.313766667,267.648054
feature:ka1,2,2,2,1,1,1,0,2,1,2,9,2,1,0,0,1,1,1,129,130,130,129,1,1,1,Accented,Accented,Accented,9,2,9,3,10,3,0.714,1
f0:245.745718,233.1405325,232.291484,248.596198,277.842224,286.330415,287.623504,286.798664,286.0632325,281.870574
feature:ca1,2,2,2,1,1,5,0,3,0,1,10,3,0,8,0,1,1,0,127.5,129,129,127.5,1,1,3,Accented,Accented,NONE,10,1,10,2,11,2,0.786,1
f0:271.271663333,273.804003333,281.344007143,287.882705,290.922255,290.270933333,287.004316667,287.120317143,289.078333333,276.95691
feature:de5,2,2,1,5,1,4,0,4,0,0,11,4,0,7,0,0,1,0,0,127.5,127.5,0,3,1,1,NONE,Accented,NONE,11,0,11,1,12,1,0.857,5
f0:240.167528333,236.27251,233.055983333,216.709458,196.207351667,179.04449,163.089988,155.187978333,165.161118,180.020908333
feature:an4,1,2,2,4,5,5,0,0,0,6,0,0,0,6,1,0,0,0,0,0,0,0,1,3,1,NONE,NONE,NONE,0,6,0,7,1,7,0.111,4
f0:285.67801,286.4302525,291.763663333,297.164755,297.74248,295.51244,286.5138925,274.17149,262.4282825,252.81419
feature:le5,2,1,2,5,4,2,0,0,0,5,1,0,0,5,2,0,0,0,0,0,0,0,1,1,1,NONE,NONE,NONE,1,5,1,6,2,6,0.222,5
f0:243.25096,227.413226667,217.765088333,208.278991667,198.157061667,187.866284,181.911946667,180.091373333,182.705681667,198.63818
feature:hao2,2,2,2,2,5,3,0,0,0,4,2,0,0,4,3,0,0,0,0,0,0,0,1,1,1,NONE,NONE,NONE,2,4,2,5,3,5,0.333,2
f0:205.80245,203.071567143,200.61920875,198.166855714,196.06828,195.871502857,207.92964625,246.410291429,294.2417175,316.494962857
feature:ji3,2,2,2,3,2,4,0,0,0,3,3,0,0,3,4,0,0,0,0,0,0,0,1,1,1,NONE,NONE,NONE,3,3,3,4,4,4,0.444,3
f0:314.281098,302.83492,290.522278,278.209645,254.142384,217.12658,178.782863333,151.71386,142.069885,141.382208
feature:ci4,2,2,2,4,3,4,0,0,0,2,4,0,0,2,5,0,0,0,0,0,0,0,1,1,1,NONE,NONE,NONE,4,2,4,3,5,3,0.556,4
f0:156.400481667,182.823735714,209.536196667,233.820248333,260.532698571,283.58429,285.55242,264.240936667,231.269568571,213.408078333
feature:kuai4,2,2,2,4,4,2,0,0,0,1,5,0,0,1,6,0,0,0,0,0,0,0,1,1,4,NONE,NONE,NONE,5,1,5,2,6,2,0.667,4
f0:212.879966667,214.964322,217.178533333,219.638755,226.631461667,236.486046,226.085168333,204.312855,190.195504,177.464196667
feature:men2,2,2,0,2,4,0,0,0,0,0,6,0,0,0,7,0,0,0,110,0,0,0,4,1,0,NONE,NONE,0,6,0,6,1,7,1,0.778,2
f0:167.240331111,159.517622222,143.430723,131.571777778,128.797192222,130.709668889,133.089498889,141.122572,165.635575556,192.199555556
