feature:mei2,2,0,2,2,0,3,0,0,1,5,0,0,1,3,0,0,0,0,0,0,0,0,1,0,1,NONE,0,NONE,0,5,0,6,1,6,0.125,2
f0:224.245005,224.06751,221.6824025,216.4334275,214.7589775,215.65512,220.625795,233.532115,252.783023333,271.0382225
feature:you3,2,2,2,3,2,2,0,0,1,4,1,0,1,2,1,0,0,0,0,0,0,0,1,1,1,NONE,NONE,NONE,1,4,1,5,2,5,0.25,3
f0:289.02389,304.03429,309.502035,308.918566,296.946754,274.156906,233.081706,202.906,182.068914,169.618438
feature:shen2,2,2,2,2,3,5,0,0,1,3,2,0,1,1,2,0,0,0,0,0,0,0,1,1,1,NONE,NONE,NONE,2,3,2,4,3,4,0.375,2
f0:168.78537,170.97875,174.6427575,178.0201925,181.941764,184.8923225,185.0550975,182.2103725,170.788226,166.11407
feature:me5,2,2,2,5,2,1,0,0,1,2,3,0,1,0,3,0,0,1,131.47099,0,0,131.47099,1,1,1,NONE,NONE,Accented,3,2,3,3,4,3,0.5,5
f0:166.729443333,168.33031,172.419325,178.205893333,181.59953,183.561776667,184.628193333,186.18232,190.52876,197.311696667
feature:xiao1,2,2,2,1,5,5,0,0,0,1,4,0,0,6,4,1,0,0,134.47099,131.47099,131.47099,134.47099,1,1,3,Accented,NONE,NONE,4,1,4,2,5,2,0.625,1
f0:204.476376667,217.298054286,231.79322,245.993221429,253.762225,250.174426667,244.510977143,243.503151667,248.967517143,252.030983333
feature:xi5,2,2,2,5,1,2,0,1,0,0,5,1,0,5,0,0,1,0,0,134.47099,134.47099,0,3,1,1,NONE,Accented,NONE,5,0,5,1,6,1,0.75,5
f0:244.1187525,236.2235625,228.917124444,221.7017675,201.25086,166.6749225,149.82344875,140.958168889,149.508995,152.0560025
feature:neng2,2,2,2,2,5,3,0,0,3,17,0,0,3,4,1,0,0,0,0,0,0,0,1,3,1,NONE,NONE,NONE,0,17,0,18,1,18,0.05,2
f0:210.288002,208.258615,203.18413,202.475455,203.580214,208.034806,219.6564875,236.218418,245.5838875,248.303284
feature:bi3,2,2,2,3,2,2,0,0,3,16,1,0,3,3,2,0,0,0,0,0,0,0,1,1,1,NONE,NONE,NONE,1,16,1,17,2,17,0.1,3
f0:257.090075,263.001558,246.500253333,213.67453,181.695941667,159.2995,152.67102,148.462405,149.640918,153.09807
feature:huang2,2,2,2,2,3,4,0,0,3,15,2,0,3,2,3,0,0,0,0,0,0,0,1,1,1,NONE,NONE,NONE,2,15,2,16,3,16,0.15,2
f0:163.951265,173.12128375,179.70800125,186.28492375,190.15117,183.761462857,178.72899625,184.94852375,212.46043125,248.54802375
feature:tai4,2,2,2,4,2,3,0,0,3,14,3,0,3,1,4,0,0,0,0,0,0,0,1,1,1,NONE,NONE,NONE,3,14,3,15,4,15,0.2,4
f0:257.308525,268.747126,291.613516667,314.999588,332.61132,334.580346,318.206533333,293.008498,268.87974,237.418306
feature:zi3,2,2,2,3,4,1,0,0,3,13,4,0,3,0,5,0,0,1,125.98,0,0,125.98,1,1,1,NONE,NONE,Accented,4,13,4,14,5,14,0.25,3
f0:217.063656,207.400878,193.006975,170.076936,149.499614,135.349924,130.063086,129.95713,146.041918,160.596834
feature:fei1,2,2,2,1,3,3,0,0,2,12,5,0,2,2,6,1,0,0,128.98,125.98,125.98,128.98,1,1,1,Accented,NONE,NONE,5,12,5,13,6,13,0.3,1
f0:178.01762625,200.020094286,222.214145,237.013894286,237.11743625,234.89353,235.053565,235.327161429,236.43082,237.600935714
feature:ya3,2,2,2,3,1,5,0,1,2,11,6,1,2,1,0,0,1,0,0,128.98,128.98,0,1,1,1,NONE,Accented,NONE,6,11,6,12,7,12,0.35,3
f0:211.559842857,201.68782375,202.418487143,202.525345714,192.2666475,176.98297875,166.398304286,185.64384,234.5227725,259.89912
feature:zi5,2,2,2,5,3,1,0,1,2,10,7,1,2,0,1,0,0,1,123.627,0,0,123.627,1,1,1,NONE,NONE,Accented,7,10,7,11,8,11,0.4,5
f0:230.263106667,192.564173333,187.859485,184.868676667,181.220925,165.946843333,140.374736667,121.923725,125.440291667,150.262008333
feature:fen1,2,2,2,1,5,3,0,1,1,9,8,1,1,6,2,1,0,0,126.627,123.627,123.627,126.627,1,1,1,Accented,NONE,NONE,8,9,8,10,9,10,0.45,1
f0:180.631843333,198.81679,217.13817,235.459546667,253.780935,271.40559,281.678573333,286.484466667,290.73913,298.781041667
feature:mian3,2,2,2,3,1,4,0,2,1,8,9,2,1,5,0,0,1,0,0,126.627,126.627,0,1,1,1,NONE,Accented,NONE,9,8,9,9,10,9,0.5,3
f0:303.83155875,287.127172222,250.15840625,215.50693875,177.576521111,153.4013375,139.578325,131.4883,141.046664444,119.75344
feature:geng4,2,2,2,4,3,4,0,2,1,7,10,2,1,4,1,0,0,0,0,0,0,0,1,1,1,NONE,NONE,NONE,10,7,10,8,11,8,0.55,4
f0:159.94463375,211.705575556,240.4667775,270.9147075,303.557267778,330.3103525,330.6196025,292.8369025,247.287137778,209.16538375
feature:rang4,2,2,2,4,4,4,0,2,1,6,11,2,1,3,2,0,0,0,0,0,0,0,1,1,1,NONE,NONE,NONE,11,6,11,7,12,7,0.6,4
f0:198.953243333,193.870146,186.257931667,177.08462,169.557585,165.817126667,166.07842,168.119951667,175.43459,186.362226667
feature:ri4,2,2,2,4,4,3,0,2,1,5,12,2,1,2,3,0,0,0,0,0,0,0,1,1,1,NONE,NONE,NONE,12,5,12,6,13,6,0.65,4
f0:193.872688,197.880284,205.33014,231.106498,270.705384,308.587304,322.793186,320.4222025,306.703314,272.980086
feature:ben3,2,2,2,3,4,2,0,2,1,4,13,2,1,1,4,0,0,0,0,0,0,0,1,1,1,NONE,NONE,NONE,13,4,13,5,14,5,0.7,3
f0:225.47238,212.37171,203.73727,192.9849975,179.63527,172.947285,159.5099625,145.30872,133.9545825,130.3667525
feature:ren2,2,2,2,2,3,1,0,2,1,3,14,2,1,0,5,0,0,1,118.137,0,0,118.137,1,1,1,NONE,NONE,Accented,14,3,14,4,15,4,0.75,2
f0:131.69173,139.18022,139.814921667,134.794363333,129.47262,130.0159,132.906298333,137.53926,142.352027143,145.077175
feature:huan1,2,2,2,1,2,3,0,2,0,2,15,2,0,2,6,1,0,0,121.137,118.137,118.137,121.137,1,1,1,Accented,NONE,NONE,15,2,15,3,16,3,0.8,1
f0:156.93522125,175.47035625,149.68513,132.77391125,192.83354875,244.62280625,248.064025,247.341145714,250.50069625,252.662225
feature:xi3,2,2,2,3,1,5,0,3,0,1,16,3,0,1,0,0,1,0,0,121.137,121.137,0,1,1,4,NONE,Accented,NONE,16,1,16,2,17,2,0.85,3
f0:221.394515714,190.379905,159.883967143,126.615674286,93.3540628571,68.9834133333,64.5027157143,70.3877842857,92.349395,119.304408571
feature:le5,2,2,0,5,3,0,0,3,0,0,17,3,0,0,1,0,0,0,110,0,0,0,4,1,0,NONE,NONE,0,17,0,17,1,18,1,0.9,5
f0:133.97307,134.466216,132.3232775,128.402725,125.835948,124.6761125,123.9796125,123.95201,123.95201,123.952005
