feature:qian2,2,0,2,2,0,2,0,0,1,4,0,0,1,3,0,0,0,0,0,0,0,0,1,0,1,NONE,0,NONE,0,4,0,5,1,5,0.143,2
f0:223.781997143,223.782,223.782,223.782,219.688508571,207.673703333,211.606914286,234.546002857,272.57022,295.485778571
feature:cheng2,2,2,2,2,2,5,0,0,1,3,1,0,1,2,1,0,0,0,0,0,0,0,1,1,1,NONE,NONE,NONE,1,3,1,4,2,4,0.286,2
f0:288.201253333,274.666608,260.920791667,249.46697,242.539663333,225.792674,204.347886667,204.641066667,214.407692,220.531413333
feature:de5,2,2,2,5,2,4,0,0,1,2,2,0,1,1,2,0,0,0,0,0,0,0,1,1,1,NONE,NONE,NONE,2,2,2,3,3,3,0.429,5
f0:229.642856667,235.966865,238.192906667,239.89892,241.434583333,243.661006667,245.37205,246.810593333,248.05185,249.235696667
feature:mu4,2,2,2,4,5,1,0,0,1,1,3,0,1,0,3,0,0,1,130.814,0,0,130.814,1,1,3,NONE,NONE,Accented,3,1,3,2,4,2,0.571,4
f0:254.366323333,268.534495,278.131425,279.272855,269.828362857,241.089768333,208.696905,189.716336667,185.751183333,192.919355
feature:guang1,2,2,2,1,4,4,0,0,0,0,4,0,0,1,4,1,0,0,133.814,130.814,130.814,0,3,1,1,Accented,NONE,NONE,4,0,4,1,5,1,0.714,1
f0:227.965187778,270.67622875,295.328647778,304.54773625,304.62336,303.798467778,306.28556875,307.747724444,307.99954,308.717087778
feature:ju4,2,2,2,4,1,1,0,0,3,14,0,0,3,0,0,0,1,1,128.953,0,133.814,128.953,1,3,1,NONE,Accented,Accented,0,14,0,15,1,14,0.063,4
f0:363.19103,363.19104,363.19104,363.19104,363.19104,362.417261667,347.797563333,326.605338571,306.48872,304.17652
feature:jiao1,2,2,2,1,4,2,0,0,2,13,1,0,2,4,1,1,0,0,131.953,128.953,128.953,131.953,1,1,1,Accented,NONE,NONE,1,13,1,14,2,13,0.125,1
f0:306.366338,307.718316,310.602508333,321.26662,325.294766,324.011486,323.108556,324.92491,326.642198,322.987804
feature:cheng2,2,2,2,2,1,2,0,1,2,12,2,1,2,3,0,0,1,0,0,131.953,131.953,0,1,1,1,NONE,Accented,NONE,2,12,2,13,3,12,0.188,2
f0:299.40353,273.598741429,248.450552857,230.455508571,217.869234286,192.177795,185.427301429,192.731465714,201.227805714,200.971621429
feature:yi2,2,2,2,2,2,4,0,1,2,11,3,1,2,2,1,0,0,0,0,0,0,0,1,1,1,NONE,NONE,NONE,3,11,3,12,4,11,0.25,2
f0:198.512475,194.3960325,189.169863333,184.79044,183.0054525,184.2199775,187.2729425,192.483366667,195.850535,196.10745
feature:kuai4,2,2,2,4,2,4,0,1,2,10,4,1,2,1,2,0,0,0,0,0,0,0,1,1,1,NONE,NONE,NONE,4,10,4,11,5,10,0.313,4
f0:197.29495,217.069153333,244.659312222,269.758003333,269.2548,241.34993375,218.503473333,203.490148889,201.771154444,212.097275556
feature:san4,2,2,2,4,4,1,0,1,2,9,5,1,2,0,3,0,0,1,124.302,0,0,124.302,1,1,1,NONE,NONE,Accented,5,9,5,10,6,9,0.375,4
f0:223.159508571,247.710898333,277.924162857,310.86063,334.1119,333.995666667,319.677274286,289.589797143,259.431066667,241.807821429
feature:fa1,2,2,2,1,4,5,0,1,1,8,6,1,1,4,4,1,0,0,127.302,124.302,124.302,127.302,1,1,1,Accented,NONE,NONE,6,8,6,9,7,8,0.438,1
f0:225.104196667,222.009086667,222.191015,228.06791,271.089461429,285.397131667,287.822346667,293.296741667,295.184328333,285.889851667
feature:zhe5,2,2,2,5,1,2,0,2,1,7,7,2,1,3,0,0,1,0,0,127.302,127.302,0,1,1,1,NONE,Accented,NONE,7,7,7,8,8,7,0.5,5
f0:264.773802,263.070002,262.69966,245.790984,215.283256,201.2995175,190.791968,185.065642,185.652308,190.076426
feature:shen2,2,2,2,2,5,4,0,2,1,6,8,2,1,2,1,0,0,0,0,0,0,0,1,1,1,NONE,NONE,NONE,8,6,8,7,9,6,0.563,2
f0:190.6292275,190.846642857,192.05141625,193.39561625,194.65382125,191.703502857,183.36309375,176.29293375,184.8052,220.3106725
feature:mi4,2,2,2,4,2,4,0,2,1,5,9,2,1,1,2,0,0,0,0,0,0,0,1,1,1,NONE,NONE,NONE,9,5,9,6,10,5,0.625,4
f0:258.27984,287.228145,308.62704,325.314915,324.154705,309.731816,280.555098333,241.327326667,207.814876667,194.107538333
feature:qi4,2,2,2,4,4,1,0,2,1,4,10,2,1,0,3,0,0,1,119.651,0,0,119.651,1,1,1,NONE,NONE,Accented,10,4,10,5,11,4,0.688,4
f0:195.300348333,207.210905,221.903215714,236.581496667,249.925378333,260.34103,258.46072,236.797385714,214.525161667,201.068736667
feature:xi1,2,2,2,1,4,5,0,2,0,3,11,2,0,3,4,1,0,0,122.651,119.651,119.651,122.651,1,1,1,Accented,NONE,NONE,11,3,11,4,12,3,0.75,1
f0:198.83117,204.761883333,215.324604,226.086625,236.64817,242.070158,244.349746667,245.792542,246.276271667,230.869922
feature:de5,2,2,2,5,1,4,0,3,0,2,12,3,0,2,0,0,1,0,0,122.651,122.651,0,1,1,1,NONE,Accented,NONE,12,2,12,3,13,2,0.813,5
f0:212.43768,211.85941,210.96614,208.93519,205.0795925,197.7487725,194.574945,193.87326,193.350835,195.1922375
feature:dao4,2,2,2,4,5,3,0,3,0,1,13,3,0,1,1,0,0,0,0,0,0,0,1,1,4,NONE,NONE,NONE,13,1,13,2,14,1,0.875,4
f0:202.575151667,240.519728333,289.227366667,317.75038,319.955048571,307.415801667,276.6936,228.603885,172.923501667,154.81405
feature:chang3,2,2,0,3,4,0,0,3,0,0,14,3,0,0,2,0,0,0,110,0,0,0,4,1,0,NONE,NONE,0,14,0,14,1,1,1,0.333,3
f0:164.02699,164.02699,164.02699,164.02699,163.208347143,149.777258571,131.991337143,121.460304286,117.70301,117.703007143
