feature:zhi2,2,0,2,2,0,3,0,0,0,5,0,0,0,9,0,0,0,0,0,0,0,0,1,0,1,NONE,0,NONE,0,5,0,6,1,6,0.125,2
f0:277.54099,277.54099,277.54099,277.54099,277.54099,278.155975,284.520106,295.97207,303.377424,303.8313225
feature:you3,2,2,2,3,2,2,0,0,0,4,1,0,0,8,1,0,0,0,0,0,0,0,1,1,1,NONE,NONE,NONE,1,4,1,5,2,5,0.25,3
f0:293.206268571,277.048841429,259.26141,223.880805714,196.16021625,178.400907143,170.268217143,165.942271429,166.364667143,167.54921
feature:bu2,2,2,2,2,3,4,0,0,0,3,2,0,0,7,2,0,0,0,0,0,0,0,1,1,1,NONE,NONE,NONE,2,3,2,4,3,4,0.375,2
f0:185.362905714,200.822948571,200.825881667,200.745372857,206.59634,219.497192857,244.301841429,278.999286667,309.022512857,332.140577143
feature:wei4,2,2,2,4,2,2,0,0,0,2,3,0,0,6,3,0,0,0,0,0,0,0,1,1,1,NONE,NONE,NONE,3,2,3,3,4,3,0.5,4
f0:369.18048,381.383082,381.841405,378.16983,362.657984,338.1305925,310.9682175,285.207735,266.79319,248.91344
feature:lao2,2,2,2,2,4,5,0,0,0,1,4,0,0,5,4,0,0,0,0,0,0,0,1,1,3,NONE,NONE,NONE,4,1,4,2,5,2,0.625,2
f0:228.420086667,219.31735,207.786638333,197.91749,185.601321429,183.875798333,198.037083333,229.761396667,272.030157143,293.843985
feature:ku5,2,2,2,5,2,2,0,0,0,0,5,0,0,4,5,0,0,0,0,0,0,0,3,1,1,NONE,NONE,NONE,5,0,5,1,6,1,0.75,5
f0:293.692325556,279.805406667,261.477408,243.149416667,215.908341111,177.093073333,141.139191111,136.966327,133.682112222,120.026941111
feature:yan2,2,2,2,2,5,5,0,0,3,9,0,0,3,3,6,0,0,0,0,0,0,0,1,3,1,NONE,NONE,NONE,0,9,0,10,1,10,0.083,2
f0:201.687512,203.519613333,202.826722,202.593836,203.142378333,205.6037,211.192272,217.681536,233.718998333,247.355822
feature:zhe5,2,2,2,5,2,3,0,0,3,8,1,0,3,2,7,0,0,0,0,0,0,0,1,1,1,NONE,NONE,NONE,1,8,1,9,2,9,0.167,5
f0:257.424915714,276.291133333,285.302888571,266.467828571,237.613725714,222.063135,212.202502857,205.091068571,203.99767,202.412671429
feature:dou3,2,2,2,3,5,4,0,0,3,7,2,0,3,1,8,0,0,0,0,0,0,0,1,1,1,NONE,NONE,NONE,2,7,2,8,3,8,0.25,3
f0:195.86896,199.849035,210.677037143,217.387825,214.833362857,198.396988333,169.667435714,137.248941667,131.393074286,140.712183333
feature:qiao4,2,2,2,4,3,1,0,0,3,6,3,0,3,0,9,0,0,1,123,0,0,123,1,1,1,NONE,NONE,Accented,3,6,3,7,4,7,0.333,4
f0:162.515447143,191.83515125,221.326061429,248.548435714,276.3102975,285.700985,272.043244286,243.75286,225.16336625,224.150487143
feature:shan1,2,2,2,1,4,4,0,0,2,5,4,0,2,1,10,1,0,0,126,123,123,126,1,1,1,Accented,NONE,NONE,4,5,4,6,5,6,0.417,1
f0:228.912818,243.135336,260.066032,276.996704,295.835133333,308.172524,310.634956,311.15443,311.628572,312.2284
feature:lu4,2,2,2,4,1,1,0,1,2,4,5,1,2,0,0,0,1,1,120.714,126,126,120.714,1,1,1,NONE,Accented,Accented,5,4,5,5,6,5,0.5,4
f0:313.321788333,313.437858571,312.778096667,314.887102857,318.726536667,307.264636667,271.801975714,230.171615,186.550604286,177.284498333
feature:pan1,2,2,2,1,4,1,0,1,1,3,6,1,1,0,1,1,0,1,124.1425,120.714,120.714,124.1425,1,1,1,Accented,NONE,Accented,6,3,6,4,7,4,0.583,1
f0:195.6431875,220.3059125,240.397818571,260.48972375,282.12714375,305.14490875,319.06216,321.592191429,323.277335,322.07086375
feature:deng1,2,2,2,1,1,5,0,2,0,2,7,2,0,2,0,1,1,0,122.571,124.1425,124.1425,122.571,1,1,1,Accented,Accented,NONE,7,2,7,3,8,3,0.667,1
f0:328.229084,336.248314,343.311705,345.094398,343.85489,341.966656,340.973884,337.64676,331.949908,313.951834
feature:de5,2,2,2,5,1,2,0,3,0,1,8,3,0,1,0,0,1,0,0,122.571,122.571,0,1,1,4,NONE,Accented,NONE,8,1,8,2,9,2,0.75,5
f0:294.591116667,285.29137,277.863675,266.653453333,252.300786667,231.374806667,209.939773333,195.440545,183.379123333,169.810006667
feature:ren2,2,2,0,2,5,0,0,3,0,0,9,3,0,0,1,0,0,0,110,0,0,0,4,1,0,NONE,NONE,0,9,0,9,1,10,1,0.833,2
f0:143.746581,132.73344,138.761912,136.175778889,135.085669,138.468642,137.444306667,148.638298,173.896328889,204.267888
