feature:yin1,2,0,1,1,0,2,0,0,0,7,0,0,0,13,0,1,0,0,137.565,134.565,0,137.565,1,0,1,Accented,0,NONE,0,7,0,8,1,8,0.1,1
f0:331.255004,339.922984,352.123696667,360.883698,367.574036,370.47145,370.509104,365.729116667,353.00226,335.704968
feature:er2,1,2,2,2,1,4,0,0,0,6,1,0,0,12,0,0,1,0,0,137.565,137.565,0,1,1,1,NONE,Accented,NONE,1,6,1,7,2,7,0.2,2
f0:305.526416667,255.807852,214.373521667,191.701753333,182.97204,179.676232,178.842558333,182.458581667,190.679598,199.520851667
feature:zai4,2,1,2,4,2,4,0,0,0,5,2,0,0,11,1,0,0,0,0,0,0,0,1,1,1,NONE,NONE,NONE,2,5,2,6,3,6,0.3,4
f0:204.82763,222.79116125,254.895123333,240.26388,223.3165625,214.45718125,208.03254125,205.640315556,206.30287625,198.63637875
feature:yin4,2,2,2,4,4,4,0,0,0,4,3,0,0,10,2,0,0,0,0,0,0,0,1,1,1,NONE,NONE,NONE,3,4,3,5,4,5,0.4,4
f0:196.731088571,230.28046,275.752442857,320.98777,348.895625714,353.488056667,345.712242857,321.929101429,300.826841429,279.268768571
feature:du4,2,2,2,4,4,4,0,0,0,3,4,0,0,9,3,0,0,0,0,0,0,0,1,1,1,NONE,NONE,NONE,4,3,4,4,5,4,0.5,4
f0:265.093342,265.2145,270.041198,269.0367425,261.814238,253.04687,247.165105,245.54448,243.9496225,237.69528
feature:dian4,2,2,2,4,4,3,0,0,0,2,5,0,0,8,4,0,0,0,0,0,0,0,1,1,1,NONE,NONE,NONE,5,2,5,3,6,3,0.6,4
f0:227.583914,231.3531675,252.638808,281.2853625,305.681632,312.5013725,310.470464,302.002595,287.83294,270.456025
feature:ying3,2,2,2,3,4,2,0,0,0,1,6,0,0,7,5,0,0,0,0,0,0,0,1,1,3,NONE,NONE,NONE,6,1,6,2,7,2,0.7,3
f0:243.379245714,220.401156667,204.717454286,185.690803333,168.674702857,149.264717143,136.600933333,133.996292857,139.11641,146.67481
feature:jie2,2,2,2,2,3,2,0,0,0,0,7,0,0,6,6,0,0,0,0,0,0,0,3,1,1,NONE,NONE,NONE,7,0,7,1,8,1,0.8,2
f0:150.269152222,165.744314444,173.754481111,164.703116667,156.073804444,156.523583333,158.236033333,164.54539,176.097614444,197.771987778
feature:he2,2,2,2,2,2,2,0,0,2,13,0,0,2,5,7,0,0,0,0,0,0,0,1,3,1,NONE,NONE,NONE,0,13,0,14,1,14,0.063,2
f0:211.77901,211.77901,211.69454125,201.383035,188.298795556,186.4390525,185.891455,187.116155,197.374816667,211.7992475
feature:jie2,2,2,2,2,2,4,0,0,2,12,1,0,2,4,8,0,0,0,0,0,0,0,1,1,1,NONE,NONE,NONE,1,12,1,13,2,13,0.125,2
f0:214.650101429,213.023936667,210.187838571,206.808947143,203.315841429,192.191071667,186.149301429,190.756264286,214.333658333,237.835801429
feature:ke4,2,2,2,4,2,3,0,0,2,11,2,0,2,3,9,0,0,0,0,0,0,0,1,1,1,NONE,NONE,NONE,2,11,2,12,3,12,0.188,4
f0:248.46243,266.69757,290.5250125,312.789535,335.210712222,340.28272625,317.0463,279.23320625,244.276437778,220.76962625
feature:ka3,2,2,2,3,4,2,0,0,2,10,3,0,2,2,10,0,0,0,0,0,0,0,1,1,1,NONE,NONE,NONE,3,10,3,11,4,11,0.25,3
f0:209.424635714,209.629911429,210.123827143,210.618747143,211.113662857,211.531001429,204.97118,175.031597143,145.266325714,135.608258571
feature:luo2,2,2,2,2,3,2,0,0,2,9,4,0,2,1,11,0,0,0,0,0,0,0,1,1,1,NONE,NONE,NONE,4,9,4,10,5,10,0.313,2
f0:134.527488333,134.881498,143.066655,154.621081667,157.194373333,164.439918,178.829188333,200.806783333,213.282592,207.758758333
feature:wei2,2,2,2,2,2,1,0,0,2,8,5,0,2,0,12,0,0,1,122.826,0,0,122.826,1,1,1,NONE,NONE,Accented,5,8,5,9,6,9,0.375,2
f0:195.226146667,190.295008,180.203451667,164.44245,156.10059,153.416406,155.724043333,167.318068,190.674706667,202.02193
feature:fa1,2,2,2,1,2,4,0,0,1,7,6,0,1,6,13,1,0,0,125.826,122.826,122.826,125.826,1,1,1,Accented,NONE,NONE,6,7,6,8,7,8,0.438,1
f0:208.057996667,231.406494286,263.450755,295.245561429,313.917445,314.57699,314.787751429,319.640721667,326.932495714,331.847101667
feature:li4,2,2,2,4,1,2,0,1,1,6,7,1,1,5,0,0,1,0,0,125.826,125.826,0,1,1,1,NONE,Accented,NONE,7,6,7,7,8,7,0.5,4
f0:331.890395,328.432291667,320.812844286,304.174463333,267.011505,233.231378333,201.271541667,171.81752,153.291441667,151.701668333
feature:guo2,2,2,2,2,4,4,0,1,1,5,8,1,1,4,1,0,0,0,0,0,0,0,1,1,1,NONE,NONE,NONE,8,5,8,6,9,6,0.563,2
f0:160.322815,171.326231667,179.652152,178.280085,166.559635,160.732745,158.093126667,158.331192,169.247611667,193.268518333
feature:ji4,2,2,2,4,2,4,0,1,1,4,9,1,1,3,2,0,0,0,0,0,0,0,1,1,1,NONE,NONE,NONE,9,4,9,5,10,5,0.625,4
f0:212.739973333,238.75502,273.062658333,305.026098,314.727095,306.745274,283.411286667,254.812806,228.758086667,207.988776
feature:dian4,2,2,2,4,4,3,0,1,1,3,10,1,1,2,3,0,0,0,0,0,0,0,1,1,1,NONE,NONE,NONE,10,3,10,4,11,4,0.688,4
f0:207.699224,221.0196525,240.478768,258.930195,266.558316,266.93191,263.29713,252.273375,235.157134,218.409605
feature:ying3,2,2,2,3,4,2,0,1,1,2,11,1,1,1,4,0,0,0,0,0,0,0,1,1,1,NONE,NONE,NONE,11,2,11,3,12,3,0.75,3
f0:204.953542,190.525256,177.03106,157.684776,137.862674,127.49227,126.20854,126.427158333,129.664836,131.304202
feature:jie2,2,2,2,2,3,1,0,1,1,1,12,1,1,0,5,0,0,1,116.739,0,0,116.739,1,1,4,NONE,NONE,Accented,12,1,12,2,13,2,0.813,2
f0:129.577351667,129.649866,133.51075,138.343951667,140.14524,140.073144,139.425968333,139.795845,143.205748,150.408016667
feature:zhong1,2,2,0,1,2,0,0,1,0,0,13,1,0,0,6,1,0,0,119.739,116.739,116.739,0,4,1,0,Accented,NONE,0,13,0,13,1,14,1,0.875,1
f0:180.567392222,214.9945075,238.679207778,241.2761575,242.667011111,243.4510325,243.573181111,246.06014875,254.682734444,266.17408625
