feature:jin1,2,0,2,1,0,1,0,0,2,3,0,0,2,0,0,1,0,1,138.07001,139.535,0,138.07001,1,0,1,Accented,0,Accented,0,3,0,4,1,4,0.167,1
f0:316.119011429,316.11902,316.134518571,320.462032857,336.113508571,340.938947143,337.892482857,339.91238,341.436724286,334.768492857
feature:bei1,2,2,2,1,1,2,0,0,1,2,1,0,1,1,0,1,1,0,136.605,138.07001,138.07001,136.605,1,1,1,Accented,Accented,NONE,1,2,1,3,2,3,0.333,1
f0:333.566445,340.858681667,338.798392857,329.746953333,325.598926667,324.487776667,324.319625,324.857064286,325.028773333,317.99485
feature:yin2,2,2,2,2,1,1,0,1,1,1,2,1,1,0,0,0,1,1,131.744,136.605,136.605,131.744,1,1,3,NONE,Accented,Accented,2,1,2,2,3,2,0.5,2
f0:292.79111125,261.406355714,229.90318375,200.197211429,183.02201,168.8670425,170.320241429,178.40576375,195.123075714,216.085945
feature:bei1,2,2,2,1,2,2,0,1,0,0,3,1,0,2,1,1,0,0,134.744,131.744,131.744,0,3,1,1,Accented,NONE,NONE,3,0,3,1,4,1,0.667,1
f0:224.11941625,276.47859125,299.753984444,296.95161375,294.36636875,294.055645,293.72984375,295.368484444,299.62419375,306.56809625
feature:ru2,2,2,2,2,1,4,0,0,3,15,0,0,3,1,0,0,1,0,0,0,134.744,0,1,3,1,NONE,Accented,NONE,0,15,0,16,1,15,0.059,2
f0:208.1486775,211.13345,216.4076075,216.9690475,216.055472,215.282625,216.9108325,224.82566,236.788166,242.0797025
feature:ruo4,2,2,2,4,2,1,0,0,3,14,1,0,3,0,1,0,0,1,128.953,0,0,128.953,1,1,1,NONE,NONE,Accented,1,14,1,15,2,14,0.118,4
f0:244.012432857,260.474605,280.36639,270.9068,239.333252857,210.964133333,195.779742857,190.729074286,190.373403333,190.222001429
feature:que1,2,2,2,1,4,2,0,0,2,13,2,0,2,8,2,1,0,0,131.953,128.953,128.953,131.953,1,1,1,Accented,NONE,NONE,2,13,2,14,3,13,0.176,1
f0:195.715227143,211.678728571,234.459,257.463662857,280.371691429,294.090933333,294.952171429,295.501677143,298.265077143,296.047664286
feature:fa2,2,2,2,2,1,2,0,1,2,12,3,1,2,7,0,0,1,0,0,131.953,131.953,0,1,1,1,NONE,Accented,NONE,3,12,3,13,4,12,0.235,2
f0:283.62480125,278.212321111,246.0456875,187.8125625,165.000286667,158.7128325,158.55535875,165.2179075,181.009008889,155.07329375
feature:ren2,2,2,2,2,2,2,0,1,2,11,4,1,2,6,1,0,0,0,0,0,0,0,1,1,1,NONE,NONE,NONE,4,11,4,12,5,11,0.294,2
f0:100.690738333,109.86609,166.107305,202.03777,204.05163,200.798365,195.726664,195.703361667,201.386256,215.766486667
feature:min2,2,2,2,2,2,2,0,1,2,10,5,1,2,5,2,0,0,0,0,0,0,0,1,1,1,NONE,NONE,NONE,5,10,5,11,6,10,0.353,2
f0:246.439221429,270.75272,277.553792857,272.457705714,252.934778571,234.75793,226.25165,233.443645714,251.496612857,234.203948571
feature:qun2,2,2,2,2,2,4,0,1,2,9,6,1,2,4,3,0,0,0,0,0,0,0,1,1,1,NONE,NONE,NONE,6,9,6,10,7,9,0.412,2
f0:200.46489375,200.302278571,200.678155,201.024441429,195.60568125,178.800871429,180.36911375,187.100842857,205.7292925,220.721897143
feature:zhong4,2,2,2,4,2,5,0,1,2,8,7,1,2,3,4,0,0,0,0,0,0,0,1,1,1,NONE,NONE,NONE,7,8,7,9,8,8,0.471,4
f0:226.655526,248.316908,284.124054,294.388094,286.490488333,263.998796,246.252958,232.369086,222.121308,210.092456
feature:de5,2,2,2,5,4,2,0,1,2,7,8,1,2,2,5,0,0,0,0,0,0,0,1,1,1,NONE,NONE,NONE,8,7,8,8,9,7,0.529,5
f0:199.8102975,193.6066925,190.86592,186.1439625,181.195005,179.87886,180.9413575,187.773816,199.58761,203.856655
feature:hao2,2,2,2,2,5,3,0,1,2,6,9,1,2,1,6,0,0,0,0,0,0,0,1,1,1,NONE,NONE,NONE,9,6,9,7,10,6,0.588,2
f0:202.411001429,202.024967143,202.743795,203.462625714,203.033912857,193.49221,191.087801429,212.970285,264.568295714,311.442865714
feature:kou3,2,2,2,3,2,1,0,1,2,5,10,1,2,0,7,0,0,1,120.581,0,0,120.581,1,1,1,NONE,NONE,Accented,10,5,10,6,11,5,0.647,3
f0:316.352984286,303.748924286,285.736524286,267.688302857,249.476895714,220.351632857,163.669364286,141.40687,131.270352857,143.615982857
feature:bei1,2,2,2,1,3,4,0,1,1,4,11,1,1,2,8,1,0,0,123.581,120.581,120.581,123.581,1,1,1,Accented,NONE,NONE,11,4,11,5,12,4,0.706,1
f0:191.99792875,230.101494286,276.40097875,301.025421429,305.47188625,310.85802875,314.228242857,319.96818625,326.56351,328.06995375
feature:zhe4,2,2,2,4,1,2,0,2,1,3,12,2,1,1,0,0,1,0,0,123.581,123.581,0,1,1,1,NONE,Accented,NONE,12,3,12,4,13,3,0.765,4
f0:321.40351,315.114416667,307.3303125,298.11821,290.53753,284.78298,280.1582025,271.925745,261.316476667,247.144315
feature:yi2,2,2,2,2,4,1,0,2,1,2,13,2,1,0,1,0,0,1,117.791,0,0,117.791,1,1,1,NONE,NONE,Accented,13,2,13,3,14,2,0.824,2
f0:220.183863333,198.182974,176.190368333,159.699228,155.213765,155.728903333,160.28101,171.218595,179.329062,189.023741667
feature:ji1,2,2,2,1,2,3,0,2,0,1,14,2,0,1,2,1,0,0,120.791,117.791,117.791,0,1,1,4,Accented,NONE,NONE,14,1,14,2,15,1,0.882,1
f0:203.217016,220.412005,237.58381,247.719188,252.872108333,255.576552,259.616992,262.8419,242.496506667,221.248834
feature:chu3,2,2,0,3,1,0,0,3,0,0,15,3,0,0,0,0,1,0,110,0,120.791,0,4,1,0,NONE,Accented,0,15,0,15,1,1,1,0.333,3
f0:231.942582857,232.623,232.623,219.065024286,176.959945714,130.409738571,97.48051,88.68673375,85.8381642857,85.8834642857
