feature:kan4,2,0,2,4,0,4,0,0,3,9,0,0,3,1,0,0,0,0,0,130,0,0,1,0,1,NONE,0,NONE,0,9,0,10,1,10,0.083,4
f0:313.72699,313.72699,313.72699,311.719061667,280.615601667,244.553663333,231.866433333,228.54809,226.672601667,219.746565
feature:guo4,2,2,2,4,4,1,0,0,3,8,1,0,3,0,1,0,0,1,133.039,0,0,133.039,1,1,1,NONE,NONE,Accented,1,8,1,9,2,9,0.167,4
f0:222.727787143,233.091782857,225.938051429,213.543104286,206.703318571,200.607274286,197.007907143,197.31151,198.988622857,199.679402857
feature:po1,2,2,2,1,4,4,0,0,2,7,2,0,2,1,2,1,0,0,136.039,133.039,133.039,136.039,1,1,1,Accented,NONE,NONE,2,7,2,8,3,8,0.25,1
f0:195.132025714,209.522771667,237.83339,269.020324286,300.207258571,328.237083333,344.005161429,345.088091429,343.832245,338.982788571
feature:ju4,2,2,2,4,1,1,0,1,2,6,3,1,2,0,0,0,1,1,131.47099,136.039,136.039,131.47099,1,1,1,NONE,Accented,Accented,3,6,3,7,4,7,0.333,4
f0:327.758282,319.6338,311.509352,303.422583333,295.540534,274.520146,245.669961667,222.110706,212.367731667,205.773098
feature:gui1,2,2,2,1,4,2,0,1,1,5,4,1,1,2,1,1,0,0,134.47099,131.47099,131.47099,134.47099,1,1,1,Accented,NONE,NONE,4,5,4,6,5,6,0.417,1
f0:202.182266667,222.655481667,257.566434,291.276015,308.115381667,311.530938333,312.924418333,314.465526,316.235705,315.425955
feature:mo2,2,2,2,2,1,5,0,2,1,4,5,2,1,1,0,0,1,0,0,134.47099,134.47099,0,1,1,1,NONE,Accented,NONE,5,4,5,5,6,5,0.5,2
f0:306.365268333,294.275221667,269.207488333,240.18828,213.819728333,186.125172,169.616243333,166.857468333,172.504543333,179.616773333
feature:de5,2,2,2,5,2,1,0,2,1,3,6,2,1,0,1,0,0,1,129.118,0,0,129.118,1,1,1,NONE,NONE,Accented,6,3,6,4,7,4,0.583,5
f0:190.700662,205.070972,215.600172,215.48148,208.472124,198.580422,188.012306,179.487908,178.680014,184.838232
feature:jing1,2,2,2,1,5,4,0,2,0,2,7,2,0,14,2,1,0,0,132.118,129.118,129.118,132.118,1,1,1,Accented,NONE,NONE,7,2,7,3,8,3,0.667,1
f0:193.362018333,202.707417143,207.83533,214.107185714,275.647221667,314.447703333,327.422904286,336.717091667,339.668807143,337.492476667
feature:ji4,2,2,2,4,1,2,0,3,0,1,8,3,0,13,0,0,1,0,0,132.118,132.118,0,1,1,3,NONE,Accented,NONE,8,1,8,2,9,2,0.75,4
f0:332.1703325,326.582732,319.9390875,314.1188275,302.99646,279.864745,255.7948075,231.625315,205.576536,185.530685
feature:lin2,2,2,2,2,4,2,0,3,0,0,9,3,0,12,1,0,0,0,0,0,0,0,3,1,1,NONE,NONE,NONE,9,0,9,1,10,1,0.833,2
f0:163.5437,153.069033333,148.947938889,144.278141111,143.254257,146.793285556,149.536846667,166.28973,190.184566667,211.422728889
feature:cheng2,2,2,2,2,2,4,0,0,0,6,0,0,0,11,2,0,0,0,0,0,0,0,1,3,1,NONE,NONE,NONE,0,6,0,7,1,7,0.111,2
f0:220.662,220.662,220.662,220.662,220.297228571,209.90304,203.279328571,208.7146975,234.970922857,256.654207143
feature:pian4,2,2,2,4,2,5,0,0,0,5,1,0,0,10,3,0,0,0,0,0,0,0,1,1,1,NONE,NONE,NONE,1,5,1,6,2,6,0.222,4
f0:266.624594286,282.898426667,305.668184286,328.212051667,339.302962857,332.590738333,305.642988571,276.753615,252.626702857,235.864096667
feature:de5,2,2,2,5,4,4,0,0,0,4,2,0,0,9,4,0,0,0,0,0,0,0,1,1,1,NONE,NONE,NONE,2,4,2,5,3,5,0.333,5
f0:225.926223333,231.108142,231.275343333,223.097686,213.336313333,209.708284,210.269803333,215.373372,225.609328333,234.217294
feature:su4,2,2,2,4,5,4,0,0,0,3,3,0,0,8,5,0,0,0,0,0,0,0,1,1,1,NONE,NONE,NONE,3,3,3,4,4,4,0.444,4
f0:240.205443333,257.111167143,278.600346667,298.161805,319.679397143,340.870976667,350.648431667,348.952201667,335.715541429,314.988358333
feature:liao4,2,2,2,4,4,4,0,0,0,2,4,0,0,7,6,0,0,0,0,0,0,0,1,1,1,NONE,NONE,NONE,4,2,4,3,5,3,0.556,4
f0:298.02671,301.202142,305.693818,302.206488,287.534811667,266.1811,243.637672,225.52834,221.4892,221.6131
feature:da4,2,2,2,4,4,2,0,0,0,1,5,0,0,6,7,0,0,0,0,0,0,0,1,1,3,NONE,NONE,NONE,5,1,5,2,6,2,0.667,4
f0:229.381896,253.07809,274.771332,276.637666,272.614808,262.6801225,247.44768,228.085396,206.423486,191.615992
feature:peng2,2,2,2,2,4,2,0,0,0,0,6,0,0,5,8,0,0,0,0,0,0,0,3,1,1,NONE,NONE,NONE,6,0,6,1,7,1,0.778,2
f0:195.290468,195.482646,190.415952,174.410641,152.660945,149.576669,150.022274,159.251449,184.927892,209.938588
feature:hong2,2,2,2,2,2,3,0,0,1,6,0,0,1,4,9,0,0,0,0,0,0,0,1,3,1,NONE,NONE,NONE,0,6,0,7,1,5,0.143,2
f0:222.498002,222.498,222.498,222.498,222.498,222.491703333,214.830064,202.276331111,214.945061,248.679351111
feature:wei3,2,2,2,3,2,5,0,0,1,5,1,0,1,3,10,0,0,0,0,0,0,0,1,1,1,NONE,NONE,NONE,1,5,1,6,2,4,0.286,3
f0:256.079384,254.512063333,243.827322,222.17285,187.555763333,152.837554,129.02539,104.24165,71.55466,71.04957
feature:de5,2,2,2,5,3,2,0,0,1,4,2,0,1,2,11,0,0,0,0,0,0,0,1,1,1,NONE,NONE,NONE,2,4,2,5,3,3,0.429,5
f0:92.942396,127.395872,159.221418,171.216816,172.187218,172.188272,171.930832,169.92865,163.176828,155.767322
feature:yin2,2,2,2,2,5,3,0,0,1,3,3,0,1,1,12,0,0,0,0,0,0,0,1,1,1,NONE,NONE,NONE,3,3,3,4,4,2,0.571,2
f0:158.941362857,180.702155,201.490944286,200.21441375,194.505554286,192.165715714,195.19656875,216.48683,255.38884375,289.278575714
feature:shui3,2,2,2,3,2,1,0,0,1,2,4,0,1,0,13,0,0,1,112.353,0,0,122.353,1,1,1,NONE,NONE,Accented,4,2,4,3,5,1,0.714,3
f0:294.845215,286.751561667,271.866651429,256.87599,243.248096667,225.317306667,186.27937,154.230898571,128.426708333,113.795835
feature:gong1,2,2,2,1,3,2,0,0,0,1,5,0,0,1,14,1,0,0,120.353,122.353,112.353,120.353,1,1,4,Accented,NONE,NONE,5,1,5,2,1,2,0.25,1
f0:268.389806667,279.98001,279.98001,280.516993333,286.846185,299.06453,307.59872,315.218776,319.155486667,317.595911667
feature:cheng2,2,2,0,2,1,0,0,1,0,0,6,1,0,0,0,0,1,0,110,120.353,120.353,0,4,1,0,NONE,Accented,0,6,0,6,1,2,1,0.5,2
f0:297.39611875,266.135494444,234.8584725,193.848931111,148.08127375,138.45620875,137.833308889,138.274245,134.243693333,134.571955
