feature:sui2,2,0,2,2,0,4,0,0,6,16,0,0,6,1,0,0,0,0,0,0,0,0,1,0,1,NONE,0,NONE,0,16,0,17,1,8,0.1,2
f0:214.359006,214.35901,214.35901,214.35901,214.30956,211.88374,202.213852,198.6189775,200.651716,206.821566
feature:hou4,2,2,2,4,2,1,0,0,6,15,1,0,6,0,1,0,0,1,132.297,0,0,132.297,1,1,1,NONE,NONE,Accented,1,15,1,16,2,7,0.2,4
f0:208.494721111,221.67546875,240.835198889,234.27093875,202.458816667,181.08757375,162.356992222,141.2119325,127.356171111,126.39525125
feature:ba1,2,2,2,1,4,1,0,0,5,14,2,0,5,0,2,1,0,1,135.7565,132.297,132.297,135.7565,1,1,1,Accented,NONE,Accented,2,14,2,15,3,6,0.3,1
f0:160.880856667,196.942286667,229.39757,261.852856667,294.030775,303.448965,305.12052,308.317952,311.540558333,312.71351
feature:yi1,2,2,2,1,1,4,0,1,4,13,3,1,4,2,0,1,1,0,134.216,135.7565,135.7565,134.216,1,1,1,Accented,Accented,NONE,3,13,3,14,4,5,0.4,1
f0:311.902904,306.47731,299.914496,298.7336725,301.86292,306.61035,311.734625,314.040344,312.811745,304.947796
feature:dui4,2,2,2,4,1,4,0,2,4,12,4,2,4,1,0,0,1,0,0,134.216,134.216,0,1,1,1,NONE,Accented,NONE,4,12,4,13,5,4,0.5,4
f0:303.627464,308.156968333,304.84665,283.562146,252.298221667,226.674254,214.60811,211.208378,210.127643333,212.617966
feature:fan4,2,2,2,4,4,1,0,2,4,11,5,2,4,0,1,0,0,1,127.97301,0,0,127.97301,1,1,1,NONE,NONE,Accented,5,11,5,12,6,3,0.6,4
f0:227.047245,260.078044286,294.356508333,314.78601,310.22287,296.446858333,270.539431429,239.931476667,217.299668571,204.390156667
feature:bin1,2,2,2,1,4,3,0,2,3,10,6,2,3,1,2,1,0,0,130.97301,127.97301,127.97301,130.97301,1,1,1,Accented,NONE,NONE,6,10,6,11,7,2,0.7,1
f0:205.50547875,242.510401429,269.52149125,273.680135714,276.55474,281.050161429,280.78463125,280.919311429,280.49422,242.091294286
feature:yu3,2,2,2,3,1,1,0,3,3,9,7,3,3,0,0,0,1,1,120.811,130.97301,130.97301,130.811,1,1,1,NONE,Accented,Accented,7,9,7,10,8,1,0.8,3
f0:200.033624286,167.542575714,169.768118333,182.294881429,172.689628571,154.722231429,140.072162857,136.621725,136.432118571,127.1661
feature:zhang1,2,2,2,1,3,4,0,3,2,8,8,3,2,1,1,1,0,0,128.811,130.811,120.811,128.811,1,1,1,Accented,NONE,NONE,8,8,8,9,1,3,0.2,1
f0:273.47198,273.47198,272.500388,271.145482,272.52958,277.198328,282.160736,286.329108,287.72296,286.859128
feature:jin4,2,2,2,4,1,1,0,4,2,7,9,4,2,0,0,0,1,1,123.649,128.811,128.811,123.649,1,1,1,NONE,Accented,Accented,9,7,9,8,2,2,0.4,4
f0:285.7364225,287.10307,289.6292475,286.59276,262.001695,242.22861,220.188538,197.121285,177.920436,166.42223
feature:song1,2,2,2,1,4,4,0,4,1,6,10,4,1,2,1,1,0,0,126.649,123.649,123.649,0,1,1,1,Accented,NONE,NONE,10,6,10,7,3,1,0.6,1
f0:168.751879,192.523749,216.492494,238.470864,241.979911,240.350846667,241.335248,243.033915,231.147194,166.339828
feature:wai4,2,2,2,4,1,4,0,5,1,5,11,5,1,1,0,0,1,0,0,0,126.649,0,1,1,1,NONE,Accented,NONE,11,5,11,6,1,6,0.125,4
f0:296.383856,309.405652,328.493354,329.996162,321.37843,298.279298,267.020492,233.065202,203.785236,187.451584
feature:xian4,2,2,2,4,4,1,0,5,1,4,12,5,1,0,1,0,0,1,120.405,0,0,120.405,1,1,1,NONE,NONE,Accented,12,4,12,5,2,5,0.25,4
f0:185.657925,191.43385125,200.3621375,209.22389375,212.947692222,192.86524625,160.83235625,134.44960875,118.2196175,94.74994375
feature:san1,2,2,2,1,4,4,0,5,0,3,13,5,0,3,2,1,0,0,123.405,120.405,120.405,123.405,1,1,1,Accented,NONE,NONE,13,3,13,4,3,4,0.375,1
f0:172.686741429,197.924197143,223.097804286,248.271405714,273.442284286,283.015961429,281.102088571,279.858865714,282.039454286,279.980544286
feature:ci4,2,2,2,4,1,4,0,6,0,2,14,6,0,2,0,0,1,0,0,123.405,123.405,0,1,1,1,NONE,Accented,NONE,14,2,14,3,4,3,0.5,4
f0:268.896062,263.06238,258.0705775,253.078762,247.373842,242.006972,232.973612,203.18191,177.538254,160.846236
feature:ming4,2,2,2,4,4,4,0,6,0,1,15,6,0,1,1,0,0,0,0,0,0,0,1,1,4,NONE,NONE,NONE,15,1,15,2,5,2,0.625,4
f0:147.696136667,146.226298,152.139743333,154.16144,148.333891667,136.867168,127.874296667,122.946416667,123.654302,130.02159
feature:zhong4,2,2,0,4,4,0,0,6,0,0,16,6,0,0,2,0,0,0,110,0,0,0,4,1,0,NONE,NONE,0,16,0,16,1,6,1,0.75,4
f0:143.56139,160.825908333,175.637746667,176.796715,160.74409,145.137543333,135.33007,119.71413,102.090301667,86.9270283333
