feature:dan4,2,0,2,4,0,2,0,0,2,14,0,0,2,5,0,0,0,0,0,130,0,0,1,0,1,NONE,0,NONE,0,14,0,15,1,13,0.067,4
f0:362.203,362.203,357.812506667,340.87817,334.207787143,322.937311667,309.162008333,295.830405,284.57459,279.685536667
feature:huang2,2,2,2,2,4,4,0,0,2,13,1,0,2,4,1,0,0,0,0,0,0,0,1,1,1,NONE,NONE,NONE,1,13,1,14,2,12,0.133,2
f0:278.557802222,217.656354,109.588401111,144.954895556,232.241495,213.889072222,208.215554444,225.838944444,265.054793,301.491447778
feature:di4,2,2,2,4,2,4,0,0,2,12,2,0,2,3,2,0,0,0,0,0,0,0,1,1,1,NONE,NONE,NONE,2,12,2,13,3,11,0.2,4
f0:321.115753333,344.46994,352.199913333,347.598413333,327.853244286,303.711445,283.126431667,266.610108333,260.697585714,253.725425
feature:bi4,2,2,2,4,4,4,0,0,2,11,3,0,2,2,3,0,0,0,0,0,0,0,1,1,1,NONE,NONE,NONE,3,11,3,12,4,10,0.267,4
f0:253.843558,269.423432,288.875178,308.747466,325.848943333,328.179604,321.248268,308.858386,288.472754,272.940794
feature:jing4,2,2,2,4,4,4,0,0,2,10,4,0,2,1,4,0,0,0,0,0,0,0,1,1,1,NONE,NONE,NONE,4,10,4,11,5,9,0.333,4
f0:273.422888,276.910998,279.93757,280.977456,278.258386,265.072724,250.283004,239.81275,232.793438,228.133468
feature:shi4,2,2,2,4,4,1,0,0,2,9,5,0,2,0,5,0,0,1,127.121,0,0,127.121,1,1,1,NONE,NONE,Accented,5,9,5,10,6,8,0.4,4
f0:221.63299,231.051924444,247.03859875,261.02201125,253.192781111,231.35211375,217.73731125,209.39079875,207.181617778,211.0657375
feature:zong1,2,2,2,1,4,3,0,0,1,8,6,0,1,1,6,1,0,0,130.121,127.121,127.121,130.121,1,1,1,Accented,NONE,NONE,6,8,6,9,7,7,0.467,1
f0:224.250874286,252.240622857,283.7466325,315.128081429,332.682917143,334.993242857,339.046412857,346.16783375,352.453144286,339.275037143
feature:fa3,2,2,2,3,1,1,0,1,1,7,7,1,1,0,0,0,1,1,124.69701,130.121,130.121,124.69701,1,1,1,NONE,Accented,Accented,7,7,7,8,8,6,0.533,3
f0:291.802445714,230.08809,207.867478333,215.477684286,195.317752857,158.812545714,139.148024286,134.326705,141.168082857,160.505661429
feature:feng1,2,2,2,1,3,4,0,1,0,6,8,1,0,6,1,1,0,0,127.697,124.69701,124.69701,127.697,1,1,1,Accented,NONE,NONE,8,6,8,7,9,5,0.6,1
f0:184.390175714,220.394121429,254.25015,288.096871429,315.61518,319.803812857,322.758842857,329.78126,337.835104286,336.356775714
feature:jian4,2,2,2,4,1,4,0,2,0,5,9,2,0,5,0,0,1,0,0,127.697,127.697,0,1,1,1,NONE,Accented,NONE,9,5,9,6,10,4,0.667,4
f0:337.150426667,344.396053333,346.570898333,337.09786,319.248086667,285.826528333,249.585015,213.057976667,197.08931,194.943818333
feature:zhi4,2,2,2,4,4,4,0,2,0,4,10,2,0,4,1,0,0,0,0,0,0,0,1,1,1,NONE,NONE,NONE,10,4,10,5,11,3,0.733,4
f0:206.699302,222.39878,237.321002,249.803978,252.308506667,244.75575,233.941118,219.874246,200.186298,186.334802
feature:du4,2,2,2,4,4,5,0,2,0,3,11,2,0,3,2,0,0,0,0,0,0,0,1,1,1,NONE,NONE,NONE,11,3,11,4,12,2,0.8,4
f0:184.468065,187.066208,189.1822125,189.6990675,189.365604,182.7265125,169.8773325,158.7109025,151.83446,145.8928275
feature:de5,2,2,2,5,4,3,0,2,0,2,12,2,0,2,3,0,0,0,0,0,0,0,1,1,1,NONE,NONE,NONE,12,2,12,3,13,1,0.867,5
f0:143.51509,142.419256667,141.292555,140.380723333,139.825496667,139.026776667,138.14675,137.459355,136.406693333,134.800806667
feature:chan3,2,2,2,3,5,4,0,2,0,1,13,2,0,1,4,0,0,0,0,0,0,0,1,1,4,NONE,NONE,NONE,13,1,13,2,1,2,0.25,3
f0:180.66901,180.66901,180.66901,180.66901,180.66901,180.66901,180.041358,161.852083333,138.988626,128.356542
feature:wu4,2,2,0,4,3,0,0,2,0,0,14,2,0,0,5,0,0,0,110,0,0,0,4,1,0,NONE,NONE,0,14,0,14,1,2,1,0.5,4
f0:129.33699875,145.816037143,164.68378375,183.25238,198.19554125,203.71889875,194.662941429,169.73972875,131.337831429,101.7319525
