feature:jian4,2,0,2,4,0,2,0,0,1,10,0,0,1,2,0,0,0,0,0,0,0,0,1,0,1,NONE,0,NONE,0,10,0,11,1,11,0.077,4
f0:373.60699,373.60699,373.60699,373.652476,377.131266667,379.848156,377.774484,367.351104,342.64359,302.56847
feature:min2,2,2,2,2,4,3,0,0,1,9,1,0,1,1,1,0,0,0,0,0,0,0,1,1,1,NONE,NONE,NONE,1,9,1,10,2,10,0.154,2
f0:260.891647143,232.72257625,219.328281429,206.9403525,197.407837143,195.664041429,200.28643125,221.615417143,257.97498125,278.514095714
feature:gai3,2,2,2,3,2,1,0,0,1,8,2,0,1,0,2,0,0,1,129.39999,0,0,129.39999,1,1,1,NONE,NONE,Accented,2,8,2,9,3,9,0.231,3
f0:283.0012,286.315556667,276.267727143,234.362795,196.945281667,171.600845,158.561341667,148.461804286,141.780353333,149.378973333
feature:zong1,2,2,2,1,3,5,0,0,0,7,3,0,0,7,3,1,0,0,132.39999,129.39999,129.39999,132.39999,1,1,1,Accented,NONE,NONE,3,7,3,8,4,8,0.308,1
f0:173.394228333,206.306513333,249.891234286,292.34579,313.388455,318.60846,323.957855,332.769758571,337.665303333,335.29168
feature:de5,2,2,2,5,1,4,0,1,0,6,4,1,0,6,0,0,1,0,0,132.39999,132.39999,0,1,1,1,NONE,Accented,NONE,4,6,4,7,5,7,0.385,5
f0:328.147226667,321.697503333,316.967226667,310.038586667,299.332876667,285.549816667,270.477753333,256.318053333,245.998026667,240.74637
feature:lang4,2,2,2,4,5,2,0,1,0,5,5,1,0,5,1,0,0,0,0,0,0,0,1,1,1,NONE,NONE,NONE,5,5,5,6,6,6,0.462,4
f0:240.080675,241.707452,238.632048333,224.863928,207.833008333,196.037486,190.332176667,183.277402,174.918893333,171.665556
feature:chao2,2,2,2,2,4,2,0,1,0,4,6,1,0,4,2,0,0,0,0,0,0,0,1,1,1,NONE,NONE,NONE,6,4,6,5,7,5,0.538,2
f0:162.337463333,174.265228,191.311522222,185.679,166.234651111,163.878532222,161.69465,169.268304444,180.099097,183.793548889
feature:ci2,2,2,2,2,2,2,0,1,0,3,7,1,0,3,3,0,0,0,0,0,0,0,1,1,1,NONE,NONE,NONE,7,3,7,4,8,4,0.615,2
f0:188.74114,190.836722857,193.834361667,197.019835714,200.49489,203.673474286,204.271992857,203.053956667,207.400728571,213.33841
feature:qi2,2,2,2,2,2,3,0,1,0,2,8,1,0,2,4,0,0,0,0,0,0,0,1,1,1,NONE,NONE,NONE,8,2,8,3,9,3,0.692,2
f0:202.905051667,200.68939,203.701037143,207.07954,210.099745,211.584256667,210.98889,211.409442857,209.727608333,193.954695
feature:bi3,2,2,2,3,2,2,0,1,0,1,9,1,0,1,5,0,0,0,0,0,0,0,1,1,4,NONE,NONE,NONE,9,1,9,2,10,2,0.769,3
f0:193.272894,200.383008333,199.535656,191.172386,173.842848333,149.988236,146.356466,146.499468,145.09378,142.751582
feature:fu2,2,2,0,2,3,0,0,1,0,0,10,1,0,0,6,0,0,0,110,0,0,0,4,1,0,NONE,NONE,0,10,0,10,1,11,1,0.846,2
f0:144.37743,146.846281818,149.253641,152.44953,156.358801818,158.715338,164.322042,184.653059,224.774414545,242.223868
