131.713006,131.713010,131.713010,131.713010,131.671192,128.472486,119.924956,113.317018,109.888736,108.587852
109.726688,114.019002,119.091004,124.163004,129.007152,131.408062,135.825086,145.407970,153.617032,157.521994
157.052449,154.079939,150.690314,147.094814,122.028317,105.756076,102.926343,101.694909,100.516584,105.007884
112.066050,115.867650,116.669622,117.576964,119.014718,119.910782,120.155298,120.282538,120.046686,119.130248
119.528871,126.468474,137.058456,144.992130,145.021843,143.873728,143.659180,140.842261,137.246169,135.355891
128.586109,121.009453,113.528824,108.710204,106.299867,104.940568,103.433010,102.281644,102.231530,102.204983
122.966005,122.966010,122.416323,118.997298,115.711254,114.829562,114.861105,115.186728,114.947850,114.028945
115.159657,120.894992,128.407307,125.691635,114.203261,108.779250,107.004505,108.572515,111.678988,114.911153
117.927847,120.019780,118.945850,113.630028,112.438322,113.711290,115.292077,115.225148,114.505512,114.591935
113.437580,109.947100,107.794654,106.207134,106.581835,107.469152,108.968146,116.918190,131.016950,144.960788
151.057098,145.053755,135.989120,133.210385,133.128692,132.770202,132.018185,131.376828,131.304730,133.194134
137.431764,137.474783,134.473554,133.342523,133.095102,132.447186,132.554657,132.649108,133.384987,134.504560
136.833186,139.068740,138.034460,131.004268,117.961986,105.298168,99.797026,94.357486,93.697836,97.366108
99.360046,100.881860,102.106000,101.896268,101.102490,100.421856,100.310334,100.830096,101.583157,101.656518
104.239357,114.760610,126.053046,126.041786,112.558126,109.612865,108.460752,106.921013,106.585557,106.332000
