336.14516 346.874306667 356.794294 355.594256 347.797673333 331.245308 306.945868 278.927284 250.723291667 226.868656
220.3914475 220.22701 220.324275 220.891888 222.19682 228.868935 241.7356 251.09406 256.184316 258.4754275
255.057746 243.700521667 235.009228 224.365084 206.440375 195.221216 192.231038 192.923598 204.342563333 215.591386
205.994544 189.749956 181.048376667 201.322414 291.15086 318.59928 318.651096 319.80485 320.787326 317.98117
310.023865 279.844855 236.454220909 191.19469 167.521199 158.937543 155.967972 166.208583636 189.932933 215.374688
350.83099 350.83099 350.83099 350.83099 350.83099 347.089332 335.845025 334.506532 335.932435 334.97948
318.81784 302.415784 287.081368 260.51354 211.16375 171.735502 156.886548 156.771874 167.60624 191.859984
211.91707 211.601984286 214.637244286 221.25574 224.198272857 205.228643333 173.947482857 153.699492857 155.395514286 175.692215714
195.80099 205.618712857 218.717318571 232.000852857 244.229848571 247.033656667 241.179694286 239.184618571 239.673757143 185.62531
201.698 201.698 201.698 204.581757143 206.369725 189.945833333 183.572028571 192.926056667 226.154628571 258.273813333
266.9829625 278.961486667 295.57119 300.969295 301.013505 298.429513333 288.785165 269.578895 250.432313333 228.242455
200.583212 190.750498 185.549198 176.496286 162.975268 151.870176 117.427426 69.725366 63.03366 83.354478
170.89254 208.703675556 241.584504 277.165438889 299.592325556 276.200075556 219.351633333 106.784398 60.7163122222 60.9417
223.854002857 223.854 224.47267 223.608197143 204.8501775 190.703145 187.311411429 189.983915714 195.54889 210.223868571
223.153054286 236.325846667 263.743008571 292.310005 318.156342857 325.169995 307.604091429 279.311245 249.699525714 215.077388333
192.584452857 176.735385714 168.86046875 159.045408571 148.86812 145.766408571 146.001698571 153.161565 160.619967143 176.822942857
195.768238333 216.729146667 241.157288571 265.585428333 287.771291667 304.097928333 307.517276667 308.992632857 309.450956667 304.270823333
275.91173 264.074161667 255.173524 228.6967 181.09553 151.935578 149.67348 150.402532 155.515495 169.55217
200.150011429 209.531487143 214.74118 220.920235714 223.71254875 201.707408571 166.058251429 154.313747143 163.148191429 188.223418571
199.824628571 211.710702857 228.625544286 245.633111429 262.640658571 278.285791667 293.65028 302.233864286 307.266454286 297.398154286
285.284272 277.680666 268.742816 257.321966 219.128648333 183.021552 156.010422 143.318296 143.181428 146.243266
159.130361429 177.89643 183.520835714 176.218048571 155.399637143 130.905656667 93.1866471429 78.8913657143 73.757545 67.7351185714
