333.4211125 357.310495 356.8206025 352.2426025 343.44783 336.51014 321.8258825 305.18042 291.121605 285.6233975
289.241316 301.384305 314.44647 324.32372 325.921892 325.51325 324.993001667 324.701844 324.55814 325.03419
326.7450725 328.113764 328.360185 327.45155 327.038515 327.6480925 330.631586 333.66425 333.526982 323.7376575
309.223606667 309.532732 314.599588333 320.049988 327.158751667 335.563506 338.826445 338.65222 325.274235 288.424218
284.561156667 285.690856667 280.633596667 236.060463333 194.297423333 182.346691667 182.889956667 198.362385 229.55403 248.710116667
248.140015 244.556643333 240.77573 236.994818333 222.521101667 179.906351667 153.976496667 147.954433333 147.230653333 149.432445
158.0740125 163.9977975 165.7431 165.5240425 163.363185 162.1501875 162.407835 166.22363 172.3669375 178.38346
186.245498333 206.065 227.905496667 249.745994286 271.586501667 294.840853333 314.163928571 323.483293333 324.022907143 315.685368333
282.345475 266.8732625 238.29014625 197.46864 173.320875 153.93253625 147.14709125 142.70858 141.33335375 144.32056375
204.957003333 204.507118 201.229565 199.811714 198.321981667 196.573188 197.891921667 208.486402 223.361271667 232.020484
254.74741125 270.26557375 246.401918571 216.3797475 196.5177025 183.9675475 178.697425 178.533965714 182.7198025 198.515365
217.296421429 248.301224286 281.173142857 314.04507 342.016675 343.336924286 325.278485714 292.177952857 255.29742 234.486298571
230.681711667 235.463127143 249.577295 263.388391667 274.382982857 271.36241 246.660755 225.226271667 212.270621429 203.102588333
197.249516667 214.016683333 251.329838 283.978888333 295.388623333 296.967743333 300.575496667 305.294236 310.032226667 298.030008333
243.24875 225.301376 209.612135 205.3455 203.445748333 175.96347 151.21027 140.790848333 138.151886 140.521893333
163.034518571 193.301258333 223.597108571 247.764785714 253.43907 254.995646667 260.463935714 266.380241429 270.526666667 263.555504286
243.62936875 213.988835 158.13569875 133.08622625 135.64027375 140.46900875 148.71075625 153.6309825 168.4180725 176.8099575
