200.552741429 207.794401667 212.848714286 212.13845 210.629348571 211.139988571 213.403921667 219.72503 235.430626667 252.721704286
260.29872 269.910918571 283.934004286 298.105402857 312.276798571 326.732758571 339.488162857 347.525971429 348.81248 342.904514286
336.757335 345.898044286 358.610256667 361.36784 357.697586667 357.717463333 356.484567143 353.662428333 350.77668 318.575928333
233.562194 224.6667475 245.601468 249.5829925 235.745956 208.547406 187.5301725 174.585022 165.9094825 156.082688
144.631078571 137.905767143 137.298717143 142.733912857 144.909117143 146.239483333 149.711271429 159.905245714 183.28056 194.80176
196.663363333 205.033701667 226.851685 249.885335 272.918995 293.747552 305.573616667 308.95313 310.313076667 308.63949
308.5041275 323.503166667 311.26185875 262.26287625 207.730136667 171.62792375 147.49115625 133.05224625 173.207541111 235.09179625
252.562001429 252.562 252.562 252.562 251.078631429 222.884777143 194.658751429 193.16117 198.966802857 207.82877
214.601474 229.06749 281.338712 318.0130775 335.926672 346.045384 345.8052375 334.116724 314.3985975 290.84178
255.149051111 212.19561625 211.968428889 235.9166675 246.38327 231.643302222 218.61165125 207.832976667 206.0741175 216.785973333
221.700457143 241.124154286 266.02691625 290.929674286 313.811964286 329.097215714 332.620125714 336.15322625 342.07248 345.60329
340.100321667 327.01148 313.544133333 302.941003333 272.722334286 234.000895 197.137703333 176.97705 173.47099 171.042938333
167.650941667 170.128455 174.007405 177.883788333 180.378505 179.605195 177.901623333 178.504563333 191.804846667 216.571738333
238.567526 250.881798 260.11569 269.853688 275.429688 278.30686 281.643592 288.223616 294.995074 299.080822
307.91214 320.219925 320.502496 305.68844 276.689916667 248.28885 221.052694 199.223498 183.995675 168.555522
165.247054 166.340755 165.751722 161.040565 158.894318 158.674898 160.146766667 164.504198 172.351731667 183.815716
195.598051429 223.354152857 259.042002857 294.292507143 315.14346375 324.15009 328.771184286 330.290231429 334.705405714 329.324091429
303.625605 281.672006667 260.022005 241.314656667 211.233858333 174.87385 163.175921667 167.55627 180.023911667 199.446391667
222.62684625 222.4477825 214.527792222 206.393135 199.34310625 187.10819625 168.82027375 171.348634444 200.69180875 219.5429525
227.769705714 239.645968571 232.897918333 199.519694286 155.749805714 122.503805714 95.84161 84.8610066667 92.7092428571 103.777631429
