260.840005 260.84 260.84 260.84 260.84 259.673678333 248.943543333 246.874466667 253.348493333 239.099265
216.127094286 233.444145 263.213284286 293.057791667 327.317728571 345.83292 343.017643333 341.701225714 342.097021667 333.044782857
314.976851667 301.771138333 288.56544 276.093546667 253.23418 201.070616667 180.302411667 182.583603333 197.16161 203.450546667
206.177882857 218.821296667 236.987008571 255.164511667 280.598235714 303.354491667 303.976467143 303.500575 303.521404286 298.93949
292.070685 297.956718 307.747236667 318.66604 329.578973333 337.17631 338.84065 337.632888333 331.710962 326.863233333
315.404472857 277.414875 225.786385714 185.0738175 165.678748571 167.734565714 175.6091275 178.954135714 180.58313375 185.955394286
152.883682857 79.2671725 133.947602857 189.02317 188.035728571 173.039742857 171.745145 181.571135714 202.8780175 229.504554286
239.857461429 255.086554286 275.120455 295.275607143 312.225141429 315.337095714 315.891081429 315.282766667 310.701447143 305.38551
279.001051 222.29397 176.409344444 148.51584 143.611829 147.035371 158.122371 180.348254444 195.940988 186.0352
139.99748 114.349164 112.344986 164.690988 199.512866667 192.6399 190.122724 192.042124 206.343368 227.134358
238.120086 243.8687125 252.258584 261.7331475 271.221478 281.206818 284.6453425 278.719964 257.5341925 239.679458
222.245065714 204.736361667 188.73382 184.560013333 184.262417143 171.226561429 156.85322 146.818384286 138.150276667 137.512775714
141.581785 145.78026 144.673866667 139.312316 136.754875 138.698158 146.354891667 156.052584 175.161005 195.94676
202.512086667 206.48675 213.32524 215.347093333 214.02262 211.797026667 206.313606667 196.797695 188.34927 185.699296667
185.848791429 188.20324375 190.955997143 193.7043325 195.173888571 180.538134286 158.87404375 159.806402857 165.88052625 182.346782857
193.617076 205.836396 231.874722 260.521576 289.168426 314.006478 321.978206 319.102076 302.975178 275.52478
233.77345625 192.3894325 186.371961429 185.81311625 185.16534875 183.93659 174.537695 147.026227143 110.9824925 106.808075
