368.83099 368.83099 368.83099 368.83099 367.503158 358.473892 353.20134 355.44627 355.90686 345.42223
333.037913333 330.45513 327.1138275 322.99365 319.740813333 317.039753333 310.083753333 294.5623025 276.33831 260.883926667
239.126445714 211.108898571 198.614448571 184.066134286 169.515548571 153.487608333 142.433037143 140.321541429 143.667657143 163.517311429
200.253986667 226.451698571 256.317 287.103271429 309.70257 314.729608333 308.097918571 287.170246667 258.902391429 228.55075
212.86767 219.944506 227.165758 223.599642 213.795456667 202.81656 189.539658 178.613466 173.337496 174.449244
184.191104 193.715503333 207.67395 229.1757 249.766358 265.324238 274.948228333 279.840326 282.162598333 284.689766
287.863738333 292.363288 296.976415 303.160378 309.630425 314.753396667 317.477344 317.818361667 312.648516 286.329556667
248.432073333 245.4048275 244.491716667 242.88429 232.96866 214.080736667 201.619566667 193.345783333 181.9791275 175.830483333
169.40130875 158.943934286 186.75107625 201.185624286 193.0871175 174.01195125 156.468837143 146.706415 144.393581429 146.2717775
144.152268333 142.903072857 146.25009 148.608454286 145.531575 133.113071667 104.933764286 81.3724116667 73.2279928571 60.74075
