223.077404 222.140421667 218.341664 208.943711667 200.69894 195.636072 190.493188333 188.542812 189.067248333 196.54685
206.752101429 221.727677143 246.60374875 271.623638571 294.03485 303.456025714 301.860328571 299.8320975 298.180092857 282.814137143
205.185925 159.996516667 187.140076667 246.230698333 299.588622857 309.271856667 282.1394 250.963695 227.890765 208.214058333
195.060808 194.738994 194.082506667 190.581564 184.751252 180.927496 180.621284 184.92517 192.310186 200.431018
210.714654286 234.579895 262.533342857 290.486775 318.379717143 336.511135 335.541402857 313.11671 287.140491429 264.460461667
245.0844925 241.71631 238.95518 235.933955 231.287 221.10119 208.12534 198.87413 194.645105 191.476975
186.84056 177.390924 169.085646667 163.079696 156.123513333 154.981515 158.397452 163.556248333 174.724506 187.316041667
199.89944 219.945171667 247.991998333 275.27839 289.489776667 291.824955 293.353001667 300.79356 309.717586667 309.430071667
303.95913 304.13318 305.74294 305.7809575 293.4317925 260.096835 232.52625 218.29072 213.0555875 210.9705675
212.47008 232.72794 266.720535 280.727826 279.045742 267.440216 248.09188 226.066203333 215.526704 213.17287
193.618465 124.59665625 134.7063425 250.42450125 239.199301111 209.8227425 193.180935 183.18062625 175.8289125 180.48928
197.407643333 219.903005 244.028553333 268.2462 291.494266667 299.212832 298.682403333 295.93462 295.808038333 299.071563333
308.045103333 310.062865 299.509236667 288.656143333 278.269645714 268.623278333 239.386596667 186.844536667 154.504973333 144.422411667
151.31694375 165.543105 179.89743125 194.2303975 197.612594444 167.20507 145.267875 111.23782875 122.5558675 118.677915
