339.864866 355.621 355.621 356.407494 358.934816667 356.899456 347.064808 332.977806 313.760935 296.266048
289.968768 298.42833 316.410218 335.128646667 348.469136 349.079866 336.069611667 313.167018 285.633691667 258.461432
228.793282 199.92517 184.749428333 173.930116 167.212456 166.030226 167.90115 172.708026667 177.245682 182.448808
192.854695714 208.364546667 224.736685714 226.542697143 214.958642857 200.094191667 186.333487143 179.458984286 180.281688333 183.820157143
187.083298 189.600362 193.4235425 198.842712 201.463492 198.139186 184.734996 174.2563475 168.308444 166.181738
169.74463 180.852702 199.238218333 225.001998333 251.676458333 269.013406 278.982006667 285.075063333 286.868916 287.790618333
272.713652222 255.308531111 239.643343333 223.760527778 196.038854 163.877122222 142.976061111 138.555172222 135.355087778 146.238405556
175.5941675 158.052654286 131.21812125 104.34753125 118.45406125 296.125474286 341.50236125 324.8415475 294.806997143 256.73615
230.4389675 246.142474286 279.5000225 301.425321429 291.52740375 258.1255075 222.983195714 181.99603125 155.472967143 153.78926375
162.715804286 169.1650225 173.531357143 177.985385 182.439415714 186.200061429 185.1504425 177.481282857 182.03214875 229.727644286
266.81597 274.49524 274.875788333 271.11411 262.631673333 247.3836 204.783788 159.343023333 141.833744 141.246985
142.8845 145.216923333 147.500744 147.993813333 142.320438 136.899206 135.89503 133.992342 131.27784 139.329088
161.673425714 179.491316667 196.320154286 200.371746667 191.247048571 179.786151667 159.177702857 130.692176667 111.356564286 107.834006667
