333.157218333 354.231494 362.955283333 362.679984 355.871858333 345.04082 319.996703333 289.424538 272.78777 262.45302
263.776275714 266.25841 252.387658571 242.148788571 231.836477143 226.253306667 224.877835714 219.841494286 217.13352 223.830428571
232.215914286 248.687026667 279.255511429 310.18598 330.73668 336.961944286 325.063935 296.037972857 261.781996667 231.234415714
202.572626667 203.677422857 203.069393333 193.669784286 186.584568333 182.070778333 177.665944286 175.88479 176.325981429 174.98627
205.888 205.888 205.888 205.888 201.30184 187.07708625 195.5317 233.84676875 282.078423333 301.3637875
291.50689 275.962376 260.307928 248.10217 229.971114 201.137686 180.296672 176.56472 179.399118 186.96797
193.717845 195.859793333 195.98247 195.806523333 192.30359 181.815235 172.377526667 167.1393125 165.70217 167.0807925
179.576503333 200.700609 221.848294444 241.647006667 246.810303 245.160414444 243.948837778 242.573887778 243.651265 252.429878889
207.066001429 207.06601 207.06601 207.06601 207.06601 207.06601 205.174468571 194.82567 187.768761429 184.034076667
191.162101429 217.1078775 257.551972857 291.216401429 322.6989825 341.26720875 339.370422857 312.555664286 264.7697625 214.581557143
180.042365 170.85154 162.406585 152.552495 142.70829 138.98766 139.148885 142.93477 151.045 160.8091825
179.468266667 199.423921111 218.40382 225.493753333 220.113388889 218.19235875 215.740126667 215.112343333 216.301383333 221.626491111
367.784004286 367.784 367.784 367.784 362.517632857 348.941895714 347.47800625 348.19345 355.144225 346.46032
335.3594 336.47226 337.943945 339.415614 340.887295 342.163663333 340.976166 316.702826667 266.418702 217.266408333
190.6057075 180.255856667 163.231225 143.508356667 135.5011225 135.4342075 138.679246667 140.38027 141.3255 146.6067875
171.930393333 198.1699375 218.479698889 204.938583333 193.189291111 189.50746875 188.892213333 191.15108 201.03165125 218.973062222
