372.828 372.942834 373.30071 373.150422 372.072206 370.684326 368.409082 367.527283333 366.655798 358.996288
355.78253 358.811438 358.316682 346.993152 318.018006667 282.794642 251.672488 230.279566 215.064124 207.441934
216.142235714 238.637508571 260.299255 281.721435714 294.00491 277.470692857 236.552767143 215.597115 206.692392857 204.707747143
207.21766 226.677003333 262.213786 291.183568333 302.812493333 305.586083333 305.885808333 306.974592 308.965128333 309.175995
309.35636 312.2586 316.844502 321.3652425 324.498432 326.721802 327.0894325 325.848578 321.7960575 307.98498
186.679 186.679 186.679 178.241433 154.10366 146.178841 153.474526 166.524691818 187.592348 217.024886
217.6114825 216.611 215.8823025 215.153614 214.4249025 213.7749075 211.05857 207.9106525 210.060594 219.34147
221.092261667 215.295308333 208.228106 197.57995 184.445215 167.375641667 155.299076667 153.904446 160.120445 166.950195
179.230583333 203.032607143 228.695238333 254.357881429 279.991501667 297.423588333 302.275971429 303.877035 307.023248571 305.898093333
289.205598333 284.36092 285.621185714 287.195515 288.626725 289.982386667 289.714975 271.49596 247.204956667 217.066076667
198.626 199.370216 199.682396 197.473648 190.296933333 183.836058 180.375344 180.57038 182.428534 185.804012
192.860966 203.72693 228.41398 256.44816 265.007186 261.2164925 252.10812 244.425206 241.0751175 240.624242
244.48372 253.2206625 264.993468 273.1966125 272.220216 265.844232 258.302645 248.69157 237.13577 224.658702
202.586548571 183.372805 180.703754286 173.209843333 156.316667143 149.747601667 151.265818571 150.707111667 156.512924286 167.957228333
187.186077143 206.682648571 226.18088 245.679117143 266.80219625 289.447401429 303.007794286 306.9277 315.957108571 321.649391429
311.161966667 292.99209 280.217493333 267.714038 255.210593333 241.31789 228.814442 216.310996667 204.040606 188.312505
167.66931375 138.8563 129.22637875 117.18328 93.4886475 187.04169375 223.997446667 207.05239875 178.548222222 163.7087775
190.760381111 223.204024 255.421758889 280.919265 286.197034444 286.474507778 292.379303 292.01801 291.602629 305.492877778
