363.381415 367.73189 375.43892 376.775995 374.650405 371.2691625 364.30342 354.6973775 342.24433 333.4475325
332.146148 333.58792 335.98201 338.385016 340.521014 342.788098 347.964928 352.413113333 351.461432 344.934276
331.08469 320.446941667 311.879668571 299.361555714 275.24771 253.838026667 235.846385714 226.619808571 227.820511667 225.15138
209.688713333 209.985684 212.622385 215.12925 215.363706667 207.793382 201.255035 203.840902 209.25232 209.325382
226.74251 277.52632625 289.76577625 291.07014875 292.01984875 294.270595 296.3775875 298.8539475 300.49226875 305.45401625
315.359658333 326.874258333 338.380925 346.491736667 351.346731667 354.781426 358.867538333 360.775256667 352.501115 334.28478
313.393106667 284.377935 254.954088333 226.06065 203.89223 189.010968 172.90075 176.744928333 195.58002 215.518658333
219.4813675 218.14825375 220.299432857 194.39959375 164.7159225 141.62351125 127.32298375 115.344495714 82.402235 83.44811875
175.590525714 195.69471 206.168152857 244.72913125 289.227867143 307.63281 311.09543375 311.335427143 313.70389625 312.078058571
298.586034 298.011678 299.765756667 301.645614 302.77774 296.93424 272.188952 239.589376667 199.554604 173.783836
173.76010625 189.029405 194.39263 186.01311875 164.720013333 148.74980375 146.95625375 201.69402875 219.35533 209.53209875
235.564482857 248.623652857 263.945121429 292.441207143 311.26625625 319.374247143 332.336207143 342.33285 346.5627 342.375321429
335.35252 339.066546 345.4705575 351.826042 355.294286 353.552486 348.929694 348.75878 349.6634 347.497812
346.843422857 348.381751667 344.290701429 330.619016667 305.539615714 265.028864286 221.632176667 183.526314286 161.622793333 152.080011429
155.231315 158.92229 151.196338 142.56185 141.1171675 139.599985 137.1068 131.453204 133.188895 143.6051725
162.655484286 189.193954286 213.52993 237.865904286 264.414242857 290.052755714 301.561344286 289.231888333 258.080528571 239.526752857
245.86162 262.304351429 279.215815714 294.650875714 294.96421375 266.754428571 232.494634286 186.077168571 175.364985714 178.619324286
181.835372 184.408206 186.981052 189.553892 192.062424 193.33276 190.841412 182.938682 182.168402 182.345946
180.91658 179.1025625 178.002125 176.939645 175.700084 174.4605225 173.3980425 172.335555 169.8840475 163.451835
155.465225556 144.85236375 152.087046667 190.689922222 222.400696667 225.69507625 187.963166667 124.990564444 90.2364875 124.266528889
