359.864025 359.86404 359.86404 359.86404 367.100681667 380.792218 380.534445 364.829855 335.31407 305.395068333
284.3411475 300.0933625 329.40979875 327.33685375 298.080624444 246.219345 201.78829 177.24456375 170.58803 176.2947875
190.846231667 219.072745714 252.517973333 281.318018333 291.710531429 289.879458333 290.086016667 292.614435 296.960255714 298.466848333
287.021724286 257.752017143 240.449131667 205.288698571 163.335357143 146.757945714 142.434204286 142.210996667 144.301142857 150.949391429
176.36864 201.955456667 225.73224 249.509028333 275.663494286 301.78827 318.306545 317.417621667 301.509281667 272.17759
254.03981 258.30218 266.519835 267.5421875 266.090235 262.6684975 256.58987 246.908615 236.482705 230.921695
229.149785 233.631786667 254.12423 276.564916667 290.150575714 299.58584 303.875758333 307.022426667 304.982893333 300.081131667
300.673554 302.434288 304.857391667 307.278392 308.34452 303.154348 296.461014 299.317148333 304.66698 302.6036
293.871919 262.043946 206.121725 168.389145 153.260097 149.924861111 148.959705 158.532063 180.827792 219.787654
244.56937 255.436688 267.612192 277.628618 278.798811667 268.37578 252.591802 236.669042 227.143442 224.396904
223.553682 223.567668 224.807252 231.18468 244.537648 263.413625 273.249902 281.91762 287.964848 289.998828
282.84007 271.084638571 263.4969175 251.000007143 211.197988571 171.162401429 147.906597143 137.2662425 133.638464286 134.567357143
160.50553875 175.13783 177.66123 180.1880775 182.71493 185.061278571 187.2497075 188.7998475 206.51122 246.20456375
267.8299 272.823266 266.960735 256.518626 238.211166667 195.210165 163.725216 142.507251667 136.184756 135.184375
139.547182 148.051302 153.318684 169.499546 175.704454 169.771972 150.615152 137.114934 131.59345 124.405274
116.295411429 108.221694286 100.81908 93.4164642857 85.3408828571 77.7776171429 70.43184 71.58909 77.3625328571 73.8282342857
67.142765 64.80333 65.19493 68.086455 85.3124125 116.626485 123.7616875 121.56325 118.0249775 116.6372675
