316.62023 320.12563 324.475523333 327.775583333 333.402486667 337.62555 342.09308 347.58247 349.89676 350.192973333
345.41518375 334.099157143 335.61646375 324.45775 304.55829 284.10848375 265.699057143 251.40315875 250.642461429 255.8037175
259.375025 270.8292 291.913996667 313.356155 336.883318571 352.71413 347.943191667 331.764695 309.86905 277.868631667
255.77884 253.423465714 251.035007143 248.641802857 245.459201429 219.403418571 184.783607143 173.29028 176.123712857 191.801832857
200.65698 228.727796 269.664015 288.692372 292.997176 295.891638 300.246706 302.7172625 303.328802 303.115174
297.143067273 262.809195 209.404965455 174.369767 156.5388 151.969762 159.441624545 172.630516 203.145456364 234.177348
230.81278625 224.52466625 217.49835 210.33341 203.2778875 193.28683875 190.8432125 210.8982175 248.98175 262.267205
242.0837575 235.577483333 236.9123225 240.073263333 240.736125 237.0439325 230.005766667 227.88245 229.07631 233.01497
235.372758 231.806618 220.094286 212.704308 210.485746 205.82287 203.192308 205.113376 209.918464 213.265444
208.884855714 209.85248625 212.486795714 201.2157475 176.360312857 150.06992 130.62864375 126.764701429 127.832895 137.803452857
169.021178571 212.673943333 243.947585714 249.646652857 246.192245714 244.576933333 244.788127143 245.899644286 246.603493333 245.481912857
246.022735714 252.043643333 260.226638571 267.521086667 268.426948571 263.43073 258.44806 257.103065714 258.046238333 254.799621429
243.4523475 243.9621975 254.171984 265.6408975 268.451735 268.1464025 267.2344725 266.727916 265.0749375 261.4269875
257.802296667 259.123974 267.19812 274.736796 277.193928333 278.581594 278.822715 278.520906 271.881581667 235.575652
214.207514 212.1102 209.009824 192.572922 177.476886 169.324468 165.996648 166.26968 173.096014 187.248996
189.943848571 190.773075714 192.61005 194.561112857 196.60932 195.877125714 182.384157143 175.834965 176.080674286 187.557717143
217.9664875 236.87976125 255.444631111 285.10078125 311.521785 320.22691125 320.1423125 320.082644444 326.6246075 317.36811625
250.03221625 215.427544286 212.20191875 200.585697143 165.23669625 148.461035714 88.9929775 169.120005714 238.129265 206.014415714
