210.660106667 207.845597143 203.824265 218.891265 357.96004 371.347635 337.201285 297.327178333 273.00902 244.755406667
229.86857 238.751426667 238.586075 226.685003333 214.276408333 206.641628333 199.581306667 195.431796667 195.132155 197.154048333
199.493988333 211.988411667 248.101 286.14737 307.921392857 317.201881667 321.23407 322.98203 322.565735 299.68829
226.819791667 219.702132857 227.791508333 203.792038571 171.776405 163.671193333 161.470062857 165.70028 184.866865714 201.711211667
205.9744375 214.221998 233.6435075 255.249002 276.8545075 294.6018825 303.99742 303.5189925 294.306986 277.13534
250.73134 239.291678333 231.582275714 224.38852 209.361076667 191.10725 189.015306667 197.020207143 216.47684 226.862875
233.73154 243.097806 261.606845 282.627655 303.782053333 324.350884 332.614075 334.012918333 335.994066 331.759715
284.431453333 166.785144444 123.84008125 199.575863333 183.535527778 153.48614 139.779974444 128.27642375 121.600485556 139.211606667
190.947138571 223.838817143 240.412947143 229.613608571 201.82957625 185.63433 178.38084 172.346795714 169.634517143 171.944674286
179.62553 185.316824 185.85911 186.368806 186.802125 186.05492 172.871213333 158.69177 157.211033333 156.913842
164.770643333 187.036291667 219.776653333 248.280485 252.94128 236.962451667 221.830756667 206.87936 192.836546667 188.74296
201.113938571 231.38264 250.45473375 256.550404286 256.342417143 254.049755714 253.889725714 257.087055 264.078808571 262.798282857
246.86998375 241.720738889 237.19123875 233.26567375 213.192414444 167.58388 162.0812475 189.806315 233.805476667 259.10407625
209.964145 186.003083333 154.199371667 121.706953333 100.908253333 85.65688 78.6836 87.0541366667 165.877135 209.49957
211.588068571 207.381568333 203.57813 199.774703333 195.971267143 191.204796667 162.103177143 139.733808333 138.802125714 149.610395
187.649737143 220.2228 249.786725714 268.495945714 260.871778571 234.351228333 193.286815714 170.739555714 170.38499 170.384992857
