377.72 376.037575 356.7628825 342.31116125 328.839772222 317.71209375 311.79181125 306.80838375 314.41092 328.0330125
337.5330125 339.4711375 338.78078 336.6014 333.6805275 329.020735 322.14743 316.21004 310.8351675 302.203125
295.562774 297.773254 305.868998333 309.208624 301.795076 284.359956 272.572798 268.666671667 272.86814 283.455364
294.789433333 308.989302 327.241911667 341.99447 342.407135 331.352796 303.08468 268.772898 239.076683333 217.434616
208.186368333 203.458598571 194.22385 184.194871429 173.771795 165.51995 158.92692 160.716181667 167.032787143 174.933933333
183.917528333 189.10133 194.173926667 199.246518333 204.305021667 207.50963 202.986571667 184.388313333 160.414878333 145.472226667
143.529882857 146.47474 150.013553333 154.301282857 156.931575714 159.645734286 160.352347143 173.198551667 194.926085714 207.995118571
221.327344286 238.941508571 258.33858375 277.735674286 295.640677143 313.545675714 330.439405714 339.03137625 344.034315714 341.337374286
326.062723333 311.57275 293.359951667 263.360762 226.498485 189.011918 156.306101667 113.677972 103.547546667 99.02773
105.207117143 125.452165714 156.911538571 188.433465714 219.892847143 239.510651667 238.000011429 232.825171429 231.427001429 227.226054286
220.718665556 237.634931111 239.3020025 230.72451 227.158686667 224.587418889 225.660587778 227.22005625 229.305503333 245.768604444
