366.94299 366.94299 366.94299 368.669091429 375.273557143 367.405691429 362.99092 357.938483333 351.027072857 329.921491429
296.9691425 254.211365714 213.160415 181.089062857 169.58048875 169.444465714 177.17159125 190.927304286 210.5089825 223.980762857
232.426948333 250.179848 273.930018333 297.699012 323.691398333 342.350322 345.233198333 345.095348 344.663966667 342.63121
327.07018 306.431688889 285.899387778 262.460496667 222.747127778 180.98086625 151.403086667 132.695837778 135.377964444 158.661904444
191.50747 218.904805 255.196736 288.497481667 298.135281667 289.503265 265.260665 241.646248 216.901436667 193.465725
179.064582 177.848332 182.212108333 188.959696 193.51393 199.162488 209.728794 224.654675 231.484758 221.013392
214.395603333 197.18202 163.2663 157.597577778 167.013243333 161.548414444 165.073467778 197.742112 222.443983333 229.689642222
221.793417143 223.66691 226.07379 228.454227143 228.67728 217.620947143 189.779121429 165.20242875 156.937855714 146.34644
212.504534286 214.70201 214.70201 214.70201 214.045564286 201.611882857 192.050526667 199.585367143 213.167935 210.599577143
334.764002 346.276 346.276 345.192632 336.851956667 322.088464 300.554694 274.959894 246.871308 219.358238
197.76332875 189.198941429 184.59394875 175.484045714 157.5040925 138.7508 120.834771429 84.69635 80.5187285714 165.9996675
189.694174286 207.115561667 225.052551429 242.989555 260.926564286 277.909801667 280.73495 252.225915 204.834574286 173.88355
174.693222857 188.783943333 205.35752 223.401887143 234.79161 231.565181667 223.700635714 223.385978571 225.09163 223.648987143
223.4148225 241.22710125 235.757985 228.6333625 224.6142925 222.5005575 222.26227625 225.152255 227.44462625 223.05552125
