359.3089975 359.30899 359.30899 359.0777425 357.865992 357.28434 359.0886825 361.29963 362.0677775 353.37014
338.39096 336.025234 335.5010475 334.687866 329.900136 313.635754 294.85376 279.9270725 270.389868 266.908082
265.708068571 264.7603 273.744628571 309.292315 307.435424286 293.544971429 275.55637375 261.535837143 254.881675 253.52616
251.10042375 249.479651429 247.8358175 245.792325 241.5840225 214.460931429 174.935 140.44314625 133.388514286 134.3739575
141.167851429 168.216125 201.342351429 233.844015714 240.940505714 227.887208333 209.643011429 192.967911429 183.94646 182.706788571
188.690661111 185.938994444 184.946137778 184.133574444 180.688738889 165.098787778 164.941606667 188.914013333 233.300676667 266.83286
279.522888571 292.670231429 294.398632857 273.456398571 243.888338571 220.433955 208.702697143 200.884432857 167.721615714 93.53365
85.968515 146.32767 276.601713333 313.906105 330.83105 341.94806 347.116583333 347.809165 343.86115 332.747513333
328.7579925 328.065813333 327.0206825 319.574993333 296.869345 272.93361 256.55029 243.520266667 226.9693375 210.398446667
201.135022 196.098272 191.728696 180.272994 164.824835 144.54348 130.974972 127.92269 128.098742 132.078888
147.035072222 158.530393333 157.730486667 153.105361111 149.6824 148.7799 160.01248 188.875808889 222.103423333 243.222257778
