283.573 283.573 283.573 281.05337 273.7744675 271.0253525 283.157355 311.330036 333.027055 338.39009
337.3679125 332.8728875 321.781135 306.3298475 285.007678 257.328 232.38465 211.1788125 196.4780025 189.06479
187.92467 199.994746667 221.384935 244.704311667 267.958906667 282.870332 282.413463333 264.68723 236.977306667 216.191851667
205.046425714 198.13265125 175.603502857 166.46582 162.452258571 161.478818571 163.31054 169.413554286 173.123985 159.171938571
108.4656625 82.39900125 154.1917025 190.38633375 181.150415 174.543675714 176.45835125 198.78416875 243.3010325 270.9435
263.010562857 249.439808571 236.975208333 224.51061 211.970041429 192.865372857 172.844791429 176.0567 195.968777143 211.085451429
221.061705 246.697345714 273.70463 298.889934286 309.131445 308.274888333 306.242338571 303.578021667 303.609092857 295.003463333
286.49982875 290.239545714 291.66166375 261.35163375 207.841195 166.496434286 143.9023525 138.299355 167.35104 209.0129025
323.564005 323.564 323.564 323.564 323.564 331.211491667 338.817395 339.012806667 345.364866667 347.644551667
341.65082 334.77044 329.389038 326.002782 318.653488333 297.389208 270.014996 246.592686 229.376152 222.596082
228.357726667 246.637596667 264.318498 274.398553333 267.526266667 243.401893333 225.23471 211.676618 198.576355 188.481923333
185.6830925 185.681676667 185.6310125 183.254425 174.4379375 168.872406667 165.14198 163.288965 162.98445 163.0167275
168.1226 183.831671429 197.20480625 185.316271429 160.6693625 136.204324286 133.2721275 157.160202857 146.83679875 95.6710157143
173.985006667 216.24959 222.134738333 214.718061667 194.228896667 168.202588 147.485015 115.860115 86.3275983333 81.4906616667
340.881016 340.88101 340.88101 340.88101 343.003466 349.207592 349.426675 338.236542 318.361265 280.219762
222.967291667 214.046318 215.171896667 208.636946667 189.733431667 174.710228 152.77575 139.607346667 137.08375 141.647646667
165.614548333 174.615736667 181.028404 187.441068333 194.447506667 197.262271667 190.500923333 191.633544 205.976588333 221.11704
237.488332857 253.887511667 270.21969 284.6262 297.069862857 302.48709 304.246371429 309.47385 313.520032857 302.540623333
284.95597 272.840376 260.718153333 248.595934 236.473715 223.079185 201.113894 175.932113333 175.71361 186.978685
190.166145 191.281335 197.74652 202.5715675 200.287288 190.820755 176.90623 164.6642225 161.60675 168.9395425
199.373368333 241.55224 272.791254 279.437371667 277.671136667 265.869385 246.573125 222.557476 187.821031667 164.393963333
159.033545 169.943452857 172.599443333 155.339161429 156.310643333 128.74604 73.9021385714 87.7396066667 250.084064286 279.752076667
