402.0029975 402.00299 401.36344 397.983355 390.6510475 383.3464525 374.4397575 362.229448 349.2796175 334.4010725
305.8341375 273.340278571 241.68175125 229.03389 217.00336875 202.793085714 192.83416625 187.0569525 186.967675714 194.62379
205.931325 216.574757143 214.63148875 207.93178 284.15767625 370.561184286 365.03285625 339.980354286 295.37796875 263.538638571
262.887796667 271.850054 282.151871667 289.596826667 283.091028333 264.140736 239.974755 219.71839 210.37104 203.280408333
201.975241429 201.603881667 201.119247143 200.634593333 200.149938571 199.621848571 198.441073333 203.548587143 231.936911667 278.551752857
290.98147125 287.062005714 282.4014975 277.460198571 243.8359275 200.26856 180.32293 164.982024286 181.832255 199.43875
204.055568333 211.375616667 212.459524 203.97292 191.660003333 187.081431667 184.650111667 183.617926 184.068058333 187.683613333
196.35545 213.17544625 237.803208571 262.61618 287.429168571 310.399938571 332.7167325 342.001007143 344.473975 336.802404286
326.1711875 318.8117675 306.9599225 293.0652325 273.089615 247.839465 240.6447675 243.8598425 253.9364875 259.8393175
254.393381667 245.608008 240.859645 235.36323 215.808076667 177.38622 148.6594 137.471456667 131.000406 128.95483
137.16706 160.858694444 198.12442125 220.07650125 233.608468889 244.20676875 248.011055 248.92791375 251.394434444 252.74026
