377.720524 386.99916 391.933812 391.546755 385.230688 367.224166 342.48066 302.427374 255.418 249.459284
252.074868571 255.949661667 257.438854286 238.697567143 203.335624286 188.22362 186.683287143 191.000532857 196.925721667 217.084307143
242.072257143 264.610133333 293.633697143 323.862274286 334.150182857 329.409263333 310.83844 283.739815714 269.367281667 265.320097143
268.284454 271.535835 269.947694 261.78156 249.328952 237.204975 225.2522 214.827202 211.6239325 203.462064
195.29092625 212.179351429 237.99672375 245.01046625 226.19172375 206.536968571 197.20248875 190.4267725 187.849795714 189.604085
192.270381667 203.925643333 229.992935 257.125548333 287.633694286 320.365626667 331.628076667 333.350698333 333.511453333 331.74423
322.39402 320.257088333 322.741535 325.924458333 328.408883333 324.681046667 289.674118333 251.487156667 226.198035 210.813175
187.240791429 153.385961667 142.359602857 168.261231667 207.969091429 191.944415 156.8448 140.588253333 130.811534286 127.387068333
131.985421429 144.28206 159.81155 175.330931429 185.093794286 179.509604286 176.133837143 186.99375 205.60039 218.512737143
227.919274 234.41329 231.898966 220.869952 206.097018 196.454605 191.841638 190.901102 191.756615 196.516714
198.957138571 199.013041429 199.12420125 199.23937 199.341681429 198.462415714 179.897192857 145.4112825 132.92541 142.151611429
174.359018571 206.525235714 227.029694286 246.922825714 265.307637143 270.599943333 256.067537143 219.314665714 195.400522857 196.680618571
199.129148333 202.871948571 207.824396667 212.098268333 210.48442 187.938546667 179.634631667 186.045226667 202.256585714 238.584935
260.9652075 280.79740875 303.61404375 323.8726975 325.02537625 304.728578571 263.9422875 211.06515 198.9573125 200.0840075
275.53299 275.53299 275.53299 275.481476 271.597905 254.893306 230.235854 201.171884 178.315666667 163.10428
246.608995 246.60901 246.60901 246.60901 246.60901 245.1996725 238.81504 231.96827 230.261385 217.8523475
194.29698 186.16494 182.750631667 178.73738 173.958293333 154.428958333 129.239304 122.309738333 131.837484 147.174943333
184.988666667 222.968774286 238.575228333 232.82967 211.577191429 177.318125 146.236958333 127.852308333 96.0797614286 79.256275
