271.844544286 284.36541625 288.78318 281.505858571 269.446385 256.93626375 242.275612857 233.558251429 232.3226475 232.702087143
229.796045 244.5341275 269.197435 293.89749125 314.33692875 314.763392857 307.318175 306.65839 308.52182375 306.903815
309.876241111 321.9933825 317.428042222 311.45355375 310.287227778 309.11714375 307.293555556 308.38332 312.346541111 309.1940375
278.804818571 259.89432375 241.875851429 225.243428571 209.44572875 188.68420625 169.67719 168.952461429 184.63950625 221.083444286
253.494058333 264.549258 289.914176667 325.77525 336.494178333 331.440968 312.091353333 278.984913333 254.360414 220.232886667
193.67024 192.33447 190.4253 187.0248125 179.3077925 174.63239 174.009525 174.243235 176.0457975 182.851085
189.417022857 199.563898571 223.2384775 247.977074286 270.812695714 293.353138571 305.552341429 307.3635825 313.042771429 318.417732857
320.377524 316.094945 316.337771 316.756937 307.575923636 253.929768 195.991287 135.665668 77.571733 64.512289
188.754908333 223.225367143 274.272333333 307.94724 308.487032857 284.045506667 251.904615 223.989336667 209.75923 208.723695
211.274774 225.3976825 232.231116 228.659202 216.838592 204.501485 192.598168 180.859866 171.372525 169.13434
180.700522222 212.554332222 246.395426667 263.036613333 236.866388 231.82915 233.699486667 235.461365556 189.605787778 105.725523333
183.565115714 201.497645714 194.728481667 186.367625714 168.942918571 143.231414286 134.66035 128.32861 130.184142857 133.4799
137.733254 152.917824 168.9144675 184.834936 196.184946 197.890222 191.688892 182.342215 174.465436 171.957514
187.865555 224.47823 260.132116667 275.399688333 287.967896667 295.447193333 297.976301667 298.977033333 303.646363333 307.97795
301.475621667 295.071037143 295.85266 296.963454286 298.071453333 298.570821667 282.985917143 248.874773333 212.704257143 182.904825
173.13674 173.484006 172.1149225 159.8524675 151.428516 150.139115 150.382475 151.534565 154.731186 158.2723975
163.30727375 182.49892125 204.7793875 227.059845 249.3403025 269.86325 281.61899375 283.98181125 283.89195 278.99826625
281.019711667 284.884205 288.859253333 290.909553333 289.391436667 288.259226667 291.470676667 295.098691667 298.929846667 301.537683333
301.308788 287.325871667 267.481562 246.821208333 225.969044 207.433786 186.581618333 166.514986 156.997856667 155.862514
160.16689125 182.79748 210.98145625 239.2522175 266.31279875 278.13864 279.75268875 286.0164575 291.18966625 281.6825825
249.022878571 221.852284286 200.210601429 168.775977143 133.924334286 105.984822857 90.3873614286 86.6770385714 76.1093871429 75.3117071429
