376.10101 375.245238 370.891425 364.96342 354.708814 339.387116 316.48913 292.489395 269.240118 240.784638
229.384437143 244.8040725 250.061684286 234.56627625 213.699421429 201.52346 194.46694125 190.803874286 189.0465775 190.722657143
199.187976667 214.089878 235.705745 259.808896667 281.56125 289.8217 290.019516667 282.792388333 269.904724 262.22132
263.25475 270.44526 281.64423 292.852801667 303.495666667 311.554296667 316.775091667 318.342133333 314.770666667 308.05871
307.526886 309.983282 312.60179 314.68412 315.756456 318.402094 320.968586 321.011965 318.821688 316.245502
315.54097 316.43505 317.721485 318.487292 319.582808333 320.008616667 320.127504 320.356455 320.561114 318.818308333
319.037336 329.981396 333.099168 322.235358 294.696156667 267.857254 242.778608 213.14508 193.030222 189.099006
187.917163 189.158653333 191.619083 193.915692 187.974319 172.65203 168.181186 169.99428 176.016612222 183.011239
188.235672857 201.981142857 209.23031 196.013678571 181.638248571 176.506596667 177.297211429 191.206518571 220.223458571 243.829902857
249.84656 257.535148 287.90633 313.1681 315.208764 313.253762 312.450054 310.608845 308.965506 309.243208
309.238452857 296.959761429 293.012638571 299.83759 303.760704286 311.45098 315.199184286 315.033787143 313.405924286 305.687504286
299.302768 296.152346667 284.374884 263.174655 231.357832 211.60439 196.399378333 186.233108 180.802355 179.943562
184.9920375 194.1638925 174.09416625 146.02061875 196.6265625 302.889361429 346.57178625 332.619625 292.52559375 239.9273625
205.11403 203.124801429 201.0908 198.853398571 196.198157143 175.398807143 142.134881429 144.94042 167.709881429 210.165138571
233.527824 234.494658 233.642122 228.85272 208.223234 185.3263075 170.190186 161.606436 159.107978 165.190656
177.146766667 183.85076 189.40912 196.111206667 199.773606667 200.384 200.202483333 199.33066 198.398605 196.174346667
180.473366 151.520801111 137.253171 124.262252222 121.562396 119.948987778 116.738091 107.900205556 112.748477 184.473712222
