283.846758571 289.065541429 274.17308625 261.267141429 253.984412857 245.521825714 239.018147143 235.87802625 237.476008571 243.105787143
255.11914 291.881903333 335.967083333 352.983443333 352.175205714 343.699143333 327.39499 306.816163333 282.739875 270.58626
268.57804 269.972812 277.73231 276.823138 266.983004 256.4725075 241.011328 226.071902 221.28439 217.693324
214.83908 214.076913333 213.223702857 212.260306667 198.295182857 182.507875 188.124197143 208.00292 235.644927143 247.36925
247.268387778 229.08894875 202.535708889 180.23714125 175.772212222 172.535647778 176.41231625 190.332003333 206.31928875 213.096288889
210.44528625 201.17908 201.61466375 208.44701 203.02439125 183.48682875 164.348014286 154.2306475 161.351795714 164.17074375
177.674324 205.0318775 236.83434 259.584236 268.011516 267.51414 258.883268 241.579628 225.95155 215.838258
202.027925714 189.247178333 184.724712857 181.667023333 172.011941429 157.730125714 159.206226667 167.836352857 193.323085 226.674904286
240.9495 246.546036 253.404852 266.652508 280.059216 285.361215 284.640724 275.51048 255.488772 234.568618
225.56104 220.455858571 215.389971429 210.324094286 204.83605125 199.602325714 196.9237 207.14766 216.306391429 212.387852857
226.9504825 272.456491111 288.4424675 268.23107125 229.429826667 194.4182125 162.5295725 109.3415825 82.5582166667 179.4786475
214.82206125 219.556354286 225.212755 231.3042525 237.39575375 241.485347143 226.882355 225.637975 249.531931429 288.920075
316.032087143 318.019617143 301.652731429 279.054595714 245.212808571 200.116746667 161.07509 149.590025714 159.669812857 181.989532857
203.675043333 220.430818333 238.297348333 256.163876667 274.94062 282.291518333 273.496753333 260.624018333 253.874706667 255.442523333
264.224134 287.4425 319.614038 326.009256667 319.24109 302.022066 277.05786 247.61319 221.393271667 199.619052
184.585363333 172.513866667 163.22642 153.347833333 143.00933 139.57011 139.416363333 139.7978 141.809986667 147.46456
155.002894286 157.029938333 158.316668571 159.604591667 160.892501429 162.18042 162.818991667 167.043832857 176.272515 179.904218571
196.269394286 231.204495714 262.90842625 267.598354286 268.528782857 270.174594286 270.65654 272.95597375 271.614501429 260.60454
