371.26001 371.26001 371.26001 371.2752 371.62451 371.8933 368.267905 355.17907 332.7891775 312.53177
304.301552 316.26123 331.478046 331.45139 315.797558333 295.020912 280.055414 267.962102 253.430986667 239.247722
231.206618333 227.646938 221.299111667 207.04904 199.756535 198.157385 196.80294 194.884558333 194.235436 193.920276667
199.43538 210.523035714 223.267897143 226.545561429 214.091367143 212.104921667 228.3722 264.05211 294.43539 296.484558571
281.484855 265.5118875 244.95284125 202.3680825 183.148024444 183.9505975 193.68417125 200.81831875 207.45830875 209.96126125
205.306764286 199.685005714 192.436695 174.663201429 147.385832857 132.604944286 129.589164286 127.428778333 121.276207143 124.409027143
179.952452 237.185006667 266.62116 271.392986 263.1389 242.86584 224.313826 215.574106 214.979723333 219.002008
233.629946 261.378706 291.7504125 301.944214 304.62305 306.613118 308.701276 309.222395 311.0675 314.91936
315.608162857 304.089328571 296.492247143 293.276615714 289.796355714 282.229512857 247.262561429 217.098054286 193.839352857 185.450811429
189.453772857 191.084625714 193.853625 198.637275714 203.061764286 205.13494 193.412821429 164.03293625 144.470764286 133.097952857
130.32047875 152.3047275 183.902818571 194.81619375 187.00686875 180.361215 188.08679875 203.08251 229.9009275 262.6533975
265.202785714 253.748361667 249.628495714 241.769601667 203.930125714 156.500838571 128.12623 119.46104 96.6606083333 87.5532842857
139.671651667 187.426686 236.494873333 278.14468 282.554083333 273.51042 254.317881667 237.629898 221.116411667 203.084624
192.320566667 187.758576667 178.76221 169.465193333 160.069866667 152.86634 148.4067 147.084966667 147.36536 153.392333333
172.90625 189.690898333 202.587562 205.744496 188.930036667 167.42118 144.28832 137.261602 137.15802 137.158008
261.85501 261.85501 261.85501 265.18677625 267.186357778 236.57879625 176.2474575 113.72157375 85.01691 67.79359125
