246.047516 255.183588 262.93024 274.213404 293.055414 322.295112 343.253796 341.734885 323.015648 321.285826
324.67541 318.879134 285.741755 233.21366 196.825316667 178.156592 169.318588333 165.474248333 166.053418 171.74441
198.058556667 229.144655 256.343994 283.511301667 307.231891667 317.591898333 324.778986667 330.884438 335.146743333 335.72514
334.105706667 337.309522 341.5879 345.416883333 346.032316667 329.102542 294.272385 263.183506667 246.488502 226.988861667
205.84414 199.69237 203.1883825 218.581984 228.354802 229.229744 226.656956 218.494845 209.950094 199.764908
198.962958333 213.070221429 230.693183333 245.868508333 250.634875714 247.54421 247.024215 248.47867 251.468284286 257.289126667
259.90278 260.9423825 266.02436 273.9083775 279.885215 288.8050225 296.9647425 297.29955 291.917365 280.91993
254.932223333 218.980954286 190.670168333 172.933993333 157.006404286 151.222186667 153.407063333 159.930943333 171.456094286 188.566061667
198.636586667 212.140635556 269.447284444 292.201028889 282.507151 278.008325556 281.039624444 284.662828889 280.098338889 275.70107
272.760985714 262.71827 252.06537 242.231917143 231.57900625 218.71900625 187.965164286 177.710382857 192.54837375 237.392472857
257.059978 270.8891525 286.315704 301.742255 317.605566 332.02046 336.04091 322.657728 285.8589 269.401336
269.345416667 270.99803 271.897966667 269.0426025 254.868323333 243.45754 230.0739625 218.185813333 207.3739675 195.651976667
185.414368333 179.014814 175.644435 173.504638 169.885113333 162.76077 157.5041 157.164001667 158.463284 166.946396667
197.635551429 241.407231429 285.266724286 311.920685714 321.273088571 327.861008333 328.246681429 327.381231429 328.710535714 314.993138571
300.284828333 298.945336 296.050923333 271.7623 221.404881667 175.70761 154.586564 145.689755 137.028336 135.016175
136.58564 141.982702 147.361088333 145.715013333 139.045816667 136.401932 138.597306667 147.808778333 160.907016 174.715893333
206.98255 262.226597143 271.37286125 255.156051429 211.60773625 163.370361429 133.43295 130.688 130.688 130.688002857
