219.456376 221.792386 220.884654 217.54936 209.639278333 203.970498 195.129218 184.85762 178.768568 176.951534
178.62373375 188.576158571 201.82663875 215.436587143 222.2392425 205.444334286 196.49371 196.802867143 209.25990125 218.9944
230.72042 261.555482 302.146795 334.606986667 339.606328333 337.099744 323.641553333 295.65451 266.7391 227.68088
204.204623333 201.167816667 198.706353333 196.244895 193.46957 188.007748 188.89959 205.432643333 225.252863333 230.978646667
231.166108 234.243005 237.111442 228.4437875 205.757086 185.867005 167.04669 152.126065 141.845538 140.4423975
141.645452857 144.252517143 145.983871667 144.577217143 142.149761429 145.390322857 152.202121429 164.530945 180.386754286 192.659377143
197.504584 205.100386667 204.663208 197.262146667 190.274966 186.913234 183.834161667 182.460414 189.458448333 203.581584
207.861673333 220.690171667 254.922498333 289.830526667 303.16254 306.714595 312.646643333 318.753168333 322.439163333 322.007733333
315.002396667 314.648622 317.69543 320.036004 318.456915 301.02636 266.177148333 234.21527 202.705915 182.70637
181.14702625 187.776712857 194.82364625 201.87058 205.82513875 188.737618571 175.1650925 176.524084286 195.57023125 212.610317143
199.59164375 224.5272075 260.5182025 289.8633 291.90912625 286.110778571 283.18160375 282.5875975 289.27269625 294.749365
280.69958875 261.82077 243.79541875 226.26266625 211.42487 187.716672857 178.72704375 177.81752625 187.05127625 201.1255425
190.485517143 190.192994286 194.602714286 198.366041429 191.08669375 183.796774286 176.895905714 176.492792857 199.647944286 236.361354286
267.20312 303.203604286 331.167505 336.080578571 321.17997 289.213808333 237.220091429 188.48038 171.511785714 180.904763333
189.162706 190.92229 192.694755 194.467212 196.03616 197.099642 195.587802 179.115483333 160.161732 142.347432
124.271068571 107.29705 90.3431157143 76.1657242857 71.6594828571 63.4207083333 58.2164028571 57.4336742857 56.5300466667 56.4611085714
