400.237 400.237 400.237 400.237 400.049256667 395.634326 386.609751667 367.538578333 339.889154 298.021908333
273.29829 273.01251 263.218746 237.218544 201.917826 173.7397125 152.181884 130.806996 89.9843225 75.70891
84.1019555556 115.637444 156.424165556 196.977051 217.506766667 205.79899 193.062987 186.919305556 182.621857 186.841515556
209.933708571 224.605215714 248.268522857 241.801708571 226.03729 211.461137143 203.316437143 200.172497143 201.471578571 202.034887143
204.958277143 225.1478 249.090195714 273.032597143 298.92863 315.755918571 306.333602857 275.56808 244.546554286 224.920702857
208.982382857 200.80039 184.947604286 162.853548571 149.94599 147.819978333 149.531965714 147.530854286 146.293691429 155.800882857
175.472623333 196.070956 221.491078333 283.516474 318.720575 323.245326667 321.531294 302.651596667 275.726554 245.801443333
215.79690125 205.698206667 211.1781325 243.33619375 280.280912222 285.7094975 253.79846 219.03026875 186.567468889 179.28245375
190.170888333 216.786178333 261.045618 287.195235 285.12361 264.998165 239.360875 209.962496 185.089765 176.877283333
191.918681667 220.735358 232.208336667 233.413015 229.346048333 215.09094 182.673673333 143.99475 135.039368 135.96313
225.1940025 225.259155 235.52299 248.2544725 252.1475175 254.7996775 259.9203075 263.019481429 271.43361375 282.66664625
