215.36042 218.2961175 217.6963325 215.8690575 211.9655675 204.025465 198.2714575 192.99373 187.32357 183.56688
182.724376 182.7975825 182.734792 181.9956325 181.596564 183.221768 187.805955 198.879154 215.0189675 221.114738
232.609167143 253.809031667 275.65634 295.509038333 320.268522857 324.743857143 304.828323333 278.753048571 252.567861667 227.832998571
207.28199125 221.56859 238.94761375 245.103892857 231.92116625 208.4698 194.0451925 190.37007 191.52768625 197.637804286
205.60403 221.992415 244.94913 270.04338 295.32037 307.077813333 304.396391429 303.010425714 303.341641667 299.518288571
298.412634 300.78485 297.772392 280.265102 258.806758333 237.01314 223.210096 217.43414 218.791668333 221.049128
219.457735 218.410026667 217.65696 216.903893333 216.075524286 215.181685 209.166776667 187.868615 162.270811667 148.62339
141.490316667 139.64511 164.21739 222.87646 254.864291111 251.06830125 235.95706 212.330985556 206.24475 223.203783333
248.96036 277.97721 305.007691667 317.133078 322.258606667 326.67669 329.241034 331.577081667 332.159986 329.220173333
322.39411 311.968023333 291.623755 266.641255 242.591145 223.64506 195.124808333 157.72016 130.976158333 123.006423333
124.05704 125.6280425 127.216693333 128.8242525 131.76993 137.79875 144.32978 148.108596667 152.523235 161.64128
183.626436667 228.340741429 269.15125 274.876505714 267.12125 248.056908333 218.438065714 183.091393333 163.354315714 159.26037
163.168244286 171.172255 182.573715714 187.298146667 166.214567143 147.123341429 139.684463333 131.537194286 111.513936667 82.6180971429
