262.52301 262.52301 262.52301 262.335535 253.458805714 246.845483333 255.672088333 277.914288333 302.004675 303.760633333
237.855555 222.335922857 251.803713333 275.42548 259.788606667 212.85769 203.634904286 212.769941667 228.771061429 241.292143333
243.032464 237.196076667 226.366566 218.566733333 212.75724 207.951934 204.982511667 204.558408 207.596138333 216.157888
222.05556 245.04898625 278.207165 311.13412 327.770325556 324.12174125 322.43268625 323.8451525 325.57013 318.93458125
320.78284875 327.950965714 325.741885 317.2988125 313.37743 313.475668571 314.9627625 315.92263 315.105617143 306.42123
296.434862857 304.447928571 330.448337143 353.36772 343.75878 302.443515714 255.321241429 215.190868571 197.458905714 194.125142857
198.91834125 233.6917025 266.603514286 272.60048 274.4157175 276.55817125 278.46947375 279.955924286 280.59996 282.145915
211.905 211.905 211.905 211.905 217.08158 230.20001 243.38258 274.233268333 312.818225714 321.727626667
312.731023333 305.618658571 300.669955 271.041828571 204.62342 168.766888333 152.204644286 140.65786 132.0094 144.475041667
170.733404286 207.305338333 248.250197143 285.15531 294.655464286 289.934652857 270.760336667 248.406532857 226.287546667 212.078984286
212.370524286 214.934926667 245.516334286 268.549955 259.933748571 236.283047143 215.787643333 197.037621429 176.423818333 131.118415714
108.134236 116.3089 195.347294 260.18918 266.750572 265.683954 258.5584625 240.236322 209.4346875 192.575878
192.28393 192.009466667 191.223774 190.450955 189.435908333 178.186451667 165.995591667 171.798806 193.726528333 220.130248333
228.80074375 227.2539225 202.294712222 159.56242625 136.2219725 130.15835 136.14090125 150.721167778 178.2593125 194.663365
