251.64301 251.64301 251.64301 251.64301 253.709586 263.5629575 278.470242 299.379596 318.01283 321.835408
317.96405625 303.754384286 278.507565 227.59334 186.51366 168.73145625 161.414612857 159.19159375 163.196564286 167.21814625
167.98906 169.4132 174.882663333 185.6905 194.977343333 203.708955 215.71389 233.09125 249.081646667 258.53362
257.1834625 241.833997273 227.1125975 196.118416364 158.921145833 157.4445875 162.529780909 173.285279167 202.375427273 240.7938525
221.698004 221.69801 221.69801 221.610594 220.896683333 222.425786 234.398858 255.233128 277.294416 289.56575
296.901708 297.50756 294.632033333 280.995042 243.253524 211.652614 179.03527 146.199465 130.137364 104.948214
283.45599 283.45599 283.45599 283.45599 283.404558333 280.961958333 278.65025 279.428014 280.228135 281.881648333
276.741677778 274.2672575 287.367784444 286.066311111 280.988456667 279.0084225 280.374808889 279.616505556 281.03134875 288.677683333
228.30901625 228.30902 228.30902 227.26639875 216.31000125 206.599255714 206.99414375 214.82725625 220.985838571 229.5235075
239.272048333 257.367608 276.536703333 295.705816 314.874898333 339.283563333 350.691618 352.245595 353.506634 355.218886667
351.832200909 319.809512 265.947129091 198.359037 171.23403 170.266983636 179.284737 193.218130909 223.464232 259.146898182
281.566234286 307.009955714 334.59845625 353.447025714 349.974705714 329.606464286 287.389801429 231.58143625 193.695537143 183.494168571
188.350036 193.360204 196.583458 199.802416 200.615506667 194.19679 185.670224 178.204658 168.809982 157.12908
145.95011 141.155358333 143.67043 145.590508333 143.158353333 143.166203333 148.839643333 163.910268571 183.941291667 195.037916667
198.31919375 218.01581 246.37392 245.9587925 225.76833875 191.470747143 152.46257625 115.69514 73.8555225 63.5624
