351.692002 351.69202 351.69202 351.69202 351.423224 349.4751975 348.128682 348.094594 347.673462 334.037206
254.305005 226.086034 228.335085 231.010164 235.361153333 239.320031667 221.85537 202.627573333 202.750464 206.71076
191.837048333 213.329511667 271.43185 274.365555 265.365941667 254.82857 242.072533333 226.935753333 223.345535 227.775698333
231.941375714 247.196221667 269.197187143 291.220941667 309.478737143 311.16153 293.930471667 265.686032857 237.92069 212.086188571
200.86533625 229.69270375 251.54332375 254.34740625 258.230637778 259.42487375 259.74825875 262.42561375 265.3980975 262.45161
254.595286667 249.193041429 243.14661 237.094418571 231.042213333 218.095123333 172.398974286 151.21078 155.481442857 166.894108333
187.953033333 198.674141667 211.51515 215.117591667 205.026766667 190.2715 176.82963 169.771568333 170.767025 177.85146
190.79671 223.375671429 267.555011667 298.442635 303.009925714 294.719221667 275.699446667 247.724023333 213.916468571 197.36043
197.617864286 204.342102857 197.002944286 186.951748571 174.93664 160.71199 137.295031429 133.165834286 155.785107143 173.58519
293.249007143 300.01501 300.01501 300.01501 300.01501 297.469176667 285.50158 263.108794286 232.524153333 195.698221429
174.58322 146.5035225 97.636612 75.672732 75.608468 75.4180025 70.398186 56.842538 55.2188 55.2188
