237.173014286 237.17302 237.073101429 226.805195714 211.95192875 223.005181429 253.510551429 292.447234286 324.798382857 350.641904286
352.149621667 339.725891667 316.64985 272.79127 219.209048333 176.97954 150.035555 135.744028333 129.808461667 95.44829
80.37658375 99.9056714286 156.6163375 218.271121429 275.56854125 292.385591429 287.5404075 285.856767143 284.4672575 284.340281429
286.463546 292.534975 294.504168 294.1408375 292.54568 290.6841975 290.078276 291.6273175 295.030934 295.8135675
293.051941111 287.470113333 282.128987778 286.015355556 292.968793333 289.030804444 291.493843333 296.135135556 300.707571111 299.8891
170.27499 170.2507825 168.845514 166.15369 164.601465 164.0192575 164.51152 173.044334 186.939895 191.7784
195.644863333 203.826168571 219.14689 220.32165 205.220143333 186.498378333 176.190525714 173.970748333 173.333635714 170.331753333
206.474 206.474 206.474 204.195972857 179.81842875 170.09412 173.787094286 201.927964286 253.5559025 279.388632857
272.657104 261.078012 254.38952 234.503676 213.428023333 195.163584 189.007302 188.780114 188.740246 189.913534
197.370856 206.453826 208.042216 198.407036 182.424036 167.5968675 155.684234 144.718684 143.41068 151.575802
168.36822 184.224683333 209.082434286 234.532621667 252.591946667 250.815208333 232.372046667 202.481471429 168.147176667 148.659516667
159.625848333 177.880536 199.904748333 221.846464 232.945945 234.845786 235.55248 237.977932 240.843466667 240.453326
231.641563333 220.87873 196.898685 169.095732 145.532003333 127.491435 119.895268 113.461113333 107.675436 107.401
