251.841013333 251.84102 251.731103333 245.595282 219.343243333 206.161494 207.578795 222.050366 239.790976667 248.635464
251.024036667 255.136153333 260.672004 266.122186667 267.660228333 246.391151667 222.679213333 221.2376 226.197458333 223.31701
230.954995 290.002022857 317.42777 320.531053333 325.994965714 331.659626667 331.396585 325.6312 319.061488571 306.38554
286.71336125 248.88501375 187.63980875 153.909405 140.72319125 134.048695714 125.66810375 122.01912 167.1774825 217.6791025
362.78101 362.78101 362.78101 363.60722 372.575433333 380.30857 376.900838333 356.785506667 325.927788333 287.239633333
249.071746 237.968158 227.984276667 218.000404 209.125846 200.320362 190.457722 169.939938333 158.705438 150.114714
155.964693333 179.201515714 204.457081667 227.416688333 249.274984286 253.152945 238.728585 217.97917 198.551038571 186.958698333
190.639264286 203.513365 205.044457143 195.439413333 180.830021429 162.387608333 136.002807143 92.60144 62.2055242857 59.243
205.144608333 205.623552857 204.883351667 202.980691429 200.50853 204.91291 234.290294286 273.786265 290.199577143 281.180586667
260.79833 263.304708333 263.812538 240.458486 201.504408333 180.156234 172.533784 174.773216 179.606238333 186.774272
192.881573333 199.825011667 257.68386 297.111348333 303.26675 311.119268333 315.172133333 321.128335 324.782005 322.141341667
307.236251667 286.223825 265.118423333 244.13386 226.576782857 207.641621667 177.11621 160.794458333 158.755983333 167.362451667
188.961582 197.712882 205.59853 212.207668 213.251976 209.8549025 198.174182 179.770868 155.283068 125.284052
125.644832857 144.775295 158.466761429 157.80408125 145.994637143 119.18398 87.0046175 72.7221614286 74.36001875 79.76764
