273.423 273.423 273.423 270.97475 249.662228571 223.149312857 205.011607143 189.453093333 184.221215714 187.760154286
199.339357143 245.856171429 285.627353333 283.06203 277.465358571 279.878667143 281.362361429 281.174001667 283.300777143 288.90421
296.070914286 308.248276667 320.92102 333.593733333 346.273794286 356.825638571 359.853685 365.368585714 371.996351667 353.868581429
311.378134286 293.551317143 272.315002857 222.339665714 178.606257143 167.700537143 177.802501429 203.219648571 237.572331429 250.636565714
241.53367 240.21201 240.1997625 237.02018 224.21896 202.3574 183.575805 167.64635 150.33471 139.64115
138.85649125 153.422194286 179.71686875 209.1512 238.58552 263.379895714 263.34155375 234.10443375 207.500638571 194.88586875
201.40273 205.4405025 205.9327 205.097505 199.25199 190.3714275 184.8370425 181.86008 181.12771 179.339585
174.625585 171.959348333 186.64236 193.457321667 189.55593 174.597141667 153.632631667 139.154532 136.93035 141.117558333
159.716121111 197.381448 245.318008889 289.267051 295.238073333 266.45304 214.836605 157.469262222 128.47472 120.049151111
128.48320375 170.74223125 217.71371125 264.68518875 307.5779075 318.36399375 301.67977875 263.2294825 215.80137375 189.734695
183.504214286 194.11774 217.693275714 218.34839 199.169111429 172.315486667 146.341157143 133.967594286 135.938422857 146.512638571
153.255092857 159.534481429 168.1353175 176.736151429 181.617554286 169.546701429 145.032548571 141.75343 163.015528571 189.560614286
212.387501429 263.162081429 267.329932857 234.925518571 201.73017 169.971678333 137.704805714 136.63913 166.721048571 189.282487143
