217.25101 217.20301 215.438256 209.21533 201.758286 196.2661275 190.960364 184.182815 180.19407 179.17444
180.240383333 183.21381625 184.656134444 187.05125375 190.33715 197.165303333 220.69170375 243.522397778 259.461755 261.498264444
238.3724975 243.748474286 250.767165 241.710644286 216.24766875 180.1661825 158.299795714 151.44376125 158.905548571 175.7906825
222.421101667 251.550496667 280.849098571 296.518371667 292.750945 280.546126667 261.882561667 235.743101429 218.536003333 209.247888333
205.875235 205.070143333 204.448155 202.12922 197.0321075 191.235833333 188.560995 188.4283575 190.01811 195.50029
210.823896667 246.491135714 296.63886 340.111731429 354.227103333 350.92001 330.94859 295.362781667 252.770731429 213.855233333
196.40271 196.992932 201.732071667 206.811074 209.849256667 206.918261667 203.716232 211.632525 230.490306 236.793808333
231.443907778 237.449385 224.507985556 182.093834444 153.25557 148.4335825 150.78863 161.603362222 175.58075875 194.65858
218.09893 246.86448125 279.241058889 311.61765375 342.47630625 368.3879725 358.9365775 311.288608889 251.93154125 218.7252825
217.684206667 236.191458333 254.396726667 258.533573333 254.324775 238.006215 212.294716667 187.580855 170.132216667 164.729168333
168.32833 176.460626667 184.192464 184.489851667 169.269568 160.04295 162.835676667 173.587968 194.159781667 208.28068
220.88609 246.560744 281.66454 285.656988 277.96307 263.262544 245.353284 214.78277 188.655886 161.48167
143.066816667 141.417486667 143.657296667 147.6108 149.55584 150.273255 150.74081 150.83 150.6155 150.533
293.97699 293.97699 293.907431429 290.081665 288.998235 295.1319 304.683008333 315.504094286 323.148921667 318.7699
280.748522 222.15378 160.420944 136.104055 135.959353 133.506153 134.748709 136.664352 152.40434 191.126516
