222.688013333 222.68802 222.68802 222.662533333 218.84951 214.692058 218.841731667 239.441078333 270.82776 286.76998
300.833791667 325.47101 351.709755 373.76975 377.433795 372.46459 360.067686667 337.45417 308.342005 274.17416
224.856218333 204.280016667 203.264912857 202.342748333 201.6689 201.643473333 203.647976667 217.556155714 241.041265 252.219785
270.97585 300.7233375 315.811884 315.06768 304.592822 288.7722 268.939888 251.0731825 238.602504 219.9441925
203.641303333 203.17666 203.397941667 199.193196667 193.898207143 189.272176667 185.250695 183.107765 183.353113333 186.865375
191.116444286 194.886483333 200.417395714 207.192915 213.98313 219.418753333 212.229194286 190.633861667 167.118647143 147.00532
145.468263333 156.089833333 183.01542 222.74413 242.866271667 246.237536667 242.290166667 229.181607143 214.795495 210.318503333
221.822705 243.080562 264.86093 289.06132 313.115391667 327.715406 327.229071667 312.874775 295.423218 283.246916667
274.569556667 277.958896667 285.161071667 292.485321667 298.833006667 300.247778 291.575271667 270.185738333 238.91152 214.708546667
192.801961111 163.200708 155.981364444 140.219326667 134.034699 131.844631111 133.476686667 141.615394444 155.32181 180.666226667
210.836571429 214.748824286 210.932601429 206.407001429 201.881405714 197.737665 192.283654286 188.479095714 190.872064286 196.25596
211.68048 233.075024 233.595476 214.518962 202.806368 192.3547025 186.79237 185.500142 188.22616 194.541316
201.980288333 213.394211429 235.634776667 256.738623333 279.870984286 295.615433333 295.761315 282.217046667 259.909361429 239.673783333
219.310446667 218.828152 226.228383333 235.526381667 241.561003333 237.797746 209.343036667 177.819488333 169.415004 170.431953333
195.347712857 240.87683 273.252685714 279.769397143 284.717842857 288.145398571 289.972694286 293.562964286 293.823948571 272.511124286
178.111846 179.69662 179.677208 173.42613 160.04075 150.17967 147.224751667 156.783194 194.174521667 230.26252
233.519368333 226.491115714 217.71134 209.751905 202.033125714 189.024435 166.15913 156.180358333 160.787311429 173.817723333
178.947185 179.108636667 175.9727325 170.487866667 160.6930375 145.2604275 134.83312 129.582255 127.874893333 130.8516025
145.305252857 170.588198333 196.455801429 227.380094286 246.971772857 254.972745 258.356524286 260.206962857 264.731515 261.512522857
243.651014 229.84669 216.16594 203.18556 181.877542 138.797536 84.975922 78.169886 80.270586 80.566108
