349.32702 349.32703 349.32703 349.32703 349.32703 349.337623333 351.522685 356.973534 357.032413333 347.07127
333.892771111 325.563795556 317.485158889 313.004644444 295.672646667 259.205145 230.442973333 212.910094444 202.307014444 198.677776667
197.295202857 204.58733 212.33675625 210.957181429 193.342012857 190.848228571 190.698114286 206.6921725 248.905754286 281.676688571
298.252868333 308.80589 319.082995 323.924263333 316.429965714 292.150236667 262.650395 238.146741667 224.5546 218.307143333
222.875121667 238.742461667 257.680228571 276.617995 290.419396667 292.495171667 289.663521667 287.037561429 287.418005 285.13033
276.2528875 281.580714286 288.88314875 290.238175714 287.8360225 284.40592375 281.712315714 281.6587225 283.476282857 281.9420775
275.694546667 282.85048 292.876302 302.93314 314.119815 318.365131667 317.452586667 317.428496 317.80488 315.295495
309.706068571 313.72945 319.938405 323.337471429 317.001511429 312.451002857 311.188542857 312.48697 315.089992857 313.102648571
255.990374444 180.90905125 192.632707778 201.771425 185.768482222 175.8046825 173.357234444 178.10239625 209.754034444 248.88163875
266.483211667 299.496074 324.152106667 324.645416667 306.386501667 279.598364 251.271513333 223.702698333 209.38044 206.912446667
207.626093333 220.070885 240.082364 260.392738333 282.959833333 305.526933333 327.103438333 336.958704 340.136865 344.300746667
337.866142 299.021832727 251.315935 198.443884 177.54944 174.31333 172.781194 179.171971 208.667995455 241.225246
398.76501 398.76501 398.76501 398.76501 398.76501 398.76501 398.76501 398.76501 390.647712222 346.978661111
303.137816 291.4809775 280.07098 268.169405 237.990536 202.1524975 178.232328 153.4072125 146.193694 151.7228875
169.459631667 185.263028 203.92915 222.74944 239.099353333 243.352386667 236.095016 223.61935 209.161886 197.60435
195.24857 201.21438 200.294378333 191.429128 178.387766667 171.598355 169.753832 164.801175 156.724052 146.804896667
122.69218 136.292565 180.90699625 187.5133525 185.43472 176.06928625 175.68716875 185.9498875 215.5428075 250.836105
266.158232 295.175278333 325.047228 333.86648 328.183685 306.86278 278.733652 247.786632 220.936006667 208.058224
206.363838333 207.771624286 222.570558333 244.00955 267.655644286 291.301738333 311.547561667 319.664266667 321.754032857 321.842553333
296.210777143 264.733158571 244.419694286 230.426445714 217.666698571 191.528901429 183.843561429 188.888978571 195.750745714 211.198774286
235.903764 250.332815 270.916406 299.8731775 314.337666 326.0114 332.97856 338.412156 341.659425 343.456154
334.896478333 310.188748333 279.184628571 248.005548333 219.660928333 191.72238 169.90154 155.20761 150.603821667 155.18088
164.6741925 149.220332222 125.22858 102.81484625 79.85208 64.619885 66.618875 75.33272625 108.843964444 222.99613375
