225.5006025 228.8543725 232.124002 235.6972825 245.1654675 259.135925 277.663115 292.856626 297.9357925 303.15075
338.870315 370.5473 377.1093275 377.3357025 370.71877 353.8215725 332.63864 311.988615 297.5219325 289.263885
272.753837778 268.64975 271.006937778 273.416222222 261.972698889 240.1372425 224.143014444 215.953056667 217.96762375 222.752343333
240.21787 280.748153333 317.719936 328.277745 331.189652 333.60244 335.420358333 337.02132 337.529336667 328.10202
308.585308 310.778791667 320.552636 328.509644 330.368596667 329.979474 329.54102 330.207104 333.582681667 336.01936
337.7211225 338.41262 338.1861275 336.558915 329.555305 310.5445875 290.865835 271.55516 253.532075 237.8979975
219.455135 207.737723333 207.971389 219.745787778 217.452829 190.085639 167.619798889 156.642843 161.55664 185.876327
188.89876 189.896306 192.311728 194.923888 196.694474 196.019002 189.516746 187.711594 197.851532 216.100556
222.275688571 229.968997143 238.723595714 244.071515714 230.15785 208.261857143 194.792941429 189.022462857 186.10011 187.138241429
193.71449 193.938105 193.504753333 193.047253333 192.163622857 189.287275 190.370696667 198.398753333 207.48785 222.134816667
250.185204 286.125494 307.892308 313.33286 315.645982 316.2422 317.35634 323.632366 332.978786 329.862078
322.965325 322.0238125 321.306425 320.58905 319.566545 317.622125 302.168015 280.172625 261.214115 243.83662
220.9167125 191.62874 176.217288571 178.5114125 187.25107 182.47889625 165.77073375 160.021228571 160.8466875 166.1071675
322.640206 326.60855 329.655218 332.8749375 336.952954 340.40667 344.023516 345.7550525 340.959588 325.9638825
311.708531667 294.254096 276.533783333 256.844548333 238.68186 222.941878 194.035795 153.458431667 133.502758 130.393006667
137.603366 145.241416667 156.01733 177.206434 188.801006667 185.888628 174.483254 163.324874 159.86214 164.272668
177.768232 203.614332 237.066296667 241.524422 233.192272 218.274638 195.543812 138.822986667 81.672868 82.79056
84.40587 81.4504825 77.09203375 72.7595675 69.26536125 69.6562314286 89.0650675 109.29475625 107.399775 97.1004
