370.182016 370.18201 370.18201 370.18201 370.146878 367.500928 350.911188333 320.878468 279.402383333 261.208742
291.76718 294.00601 294.00601 296.386625 313.765964286 317.895335 316.408218333 316.680201667 316.939727143 311.812825
291.775263333 259.082811667 239.138775 220.325428333 179.900335714 161.493741667 166.36446 178.98482 197.061628333 209.53037
220.55837 243.910373333 250.039428 235.535585 215.87708 201.932656 191.799438333 187.4848 184.422875 179.725052
166.482037143 117.649375 92.0941557143 147.120736667 190.799 194.408708571 195.770056667 215.156101429 246.999361667 264.280782857
289.61607 325.440688 335.148015 332.09032 316.572933333 296.281933333 261.74532 231.481113333 215.311114 205.06532
197.65704 197.367865 197.437932 197.512355 197.58155 197.120672 186.001601667 177.14572 178.361111667 184.04613
188.01456 199.53083 214.59308 223.79034 225.68653 225.2795275 223.85463 223.49087 224.7990025 227.5320225
229.019025 229.959006 230.5154775 231.192166 229.9346075 225.467105 218.412454 206.8144225 199.736368 198.10306
196.97725375 192.92755 189.942241111 184.1672325 169.24575875 161.3689775 161.65401375 166.054881111 174.05555625 194.19388
213.2284525 231.712647143 255.97569 280.238712857 304.48967375 322.4539425 322.85024 323.1817375 331.291202857 337.46143875
326.304081667 316.815421667 318.664281667 321.636006667 324.779188571 323.365175 300.588455 266.92899 238.644933333 206.900421667
185.3200825 180.18856 180.06242 178.4602575 171.8981025 166.16638 164.5491325 163.71525 163.52254 164.9956725
173.986741667 196.251021667 219.458346667 242.66854 265.878755 286.7848 302.336698333 317.835561667 324.205171667 307.43263
263.144755556 225.248863 184.225307778 162.161337 155.458666667 155.493298889 158.674904 164.020247778 174.210714 186.823456667
197.991702222 236.13447875 289.016797778 320.909633333 335.813891111 341.075285 343.834053333 337.892124444 337.39152375 323.569884444
290.36375 270.858931667 254.529841667 236.059708333 192.084491429 163.347958333 146.421875 125.527926667 77.5172683333 76.719915
90.40018 105.918681667 121.437182857 138.366454286 155.106074286 163.686058333 161.69248 158.04338 167.810158333 195.638697143
196.57088 186.469883333 180.838981 169.66636 156.381095 147.862953333 159.642506 159.331445 171.627727778 184.002096
