243.346004286 243.34601 243.34601 237.888118571 205.467977143 200.092707143 218.668071429 227.796401667 244.060828571 269.338208571
304.003191429 331.885053333 337.34068 341.529707143 344.777977143 349.976243333 351.960287143 353.594425714 352.567601667 339.526782857
335.2987 338.70293 329.939508333 306.689265 282.568578333 261.104548333 243.402256667 228.241086667 222.029706667 220.810343333
219.844878571 218.138501667 216.40967 214.685206667 213.580675714 211.888103333 181.274574286 141.421313333 132.610304286 136.676786667
149.768733333 150.275635 149.009821667 144.312593333 140.74592 141.119314 146.460268333 156.993636667 178.044628333 196.367213333
213.4647225 245.931002857 284.6831175 313.272958571 312.7542075 288.14685 249.77223375 210.336467143 179.96033375 170.714518571
229.5910025 229.591 229.591 229.591 229.591 229.269144286 204.62221625 170.294831429 146.742645 145.807012857
154.742464 163.49004 165.110872 164.552398 164.900235 169.010186 174.07365 180.07334 187.915668333 197.7678
204.350865 202.40229 196.96116 191.39652375 185.83189875 180.2561025 170.03986375 139.99299 116.89558375 117.849075
128.483636667 139.592112857 150.700588333 160.799198333 170.995964286 176.839436667 179.059035 179.718945 189.426094286 206.258596667
219.593592857 242.028671667 265.164555714 279.718518571 281.05931 281.520278333 284.209351429 287.175802857 288.249685 282.743098571
263.272891667 246.195812 251.763653333 309.650262 342.697616667 344.39895 332.619171667 305.315484 274.223468333 237.490962
207.056852857 184.732335714 170.8716825 158.656147143 150.861418571 145.532278571 139.648075714 125.50636375 100.319175714 82.0557957143
