314.089224286 326.971341429 330.545988571 322.632601429 310.68548125 297.923608571 287.08027 279.474034286 277.11915 275.631127143
277.58475625 304.754455 337.518301429 369.42215625 383.35196875 374.431735 354.23708625 315.002182857 272.56042625 235.27145625
199.193638571 206.013291429 210.224603333 200.275988571 180.879471429 165.969532857 161.272801429 159.0561 166.397015714 180.434288571
191.71419875 192.975265 198.37444375 205.63934375 207.25561375 199.5545275 196.75550125 196.57796 201.4869825 222.51117125
237.57214625 258.902244286 287.4320875 318.15653625 348.012295 359.654927143 349.9806075 302.01430625 242.909184286 217.28560375
203.132375714 204.868303333 215.623537143 224.73372 214.70669 201.207006667 200.443744286 208.309561429 224.001878333 231.812758571
227.667452857 218.117451429 216.07039 205.850577143 179.872705714 160.156323333 161.428701429 175.793567143 203.844231429 227.080477143
241.065815 270.123074 312.371755 328.706146 320.30744 287.320586667 248.808404 213.311071667 188.64382 175.861963333
174.485 174.26691 171.791057143 169.762494286 163.40757 147.592751429 122.039582857 102.598354286 86.3763328571 80.0233342857
341.375 341.375 341.375 341.375 341.18215 338.137815714 335.974035 335.184191429 334.461915 324.75656
301.694483333 281.05434 260.365773333 239.677212 219.380391667 196.96684 172.768923333 169.625564 170.416826667 174.729772
185.594392 197.0944175 205.27945 206.76839 206.65717 206.4862125 206.808364 209.191312 213.371515 213.97053
198.33105 197.210211111 213.8613325 226.830201111 229.947915 231.1729325 234.240313333 239.8163775 239.478535556 230.44143875
