359.217216 353.8691875 344.27759 342.263382 345.329524 346.593415 347.01107 347.18001 345.6120225 341.979754
341.205026667 341.133258 341.037206667 340.940802 340.867898333 344.710978333 351.632562 349.312306667 345.12584 334.459406667
309.056586 305.896755 303.131256 282.604298333 254.271938 235.483356 222.555031667 218.188428 219.692771667 225.072412
230.00456 240.347294 252.829491667 266.698588333 280.567713333 293.045966 303.093006667 311.273523333 315.335768 315.713526667
316.296688333 317.424361667 320.358488333 321.034308333 320.527996667 321.20808 323.593206667 326.423173333 326.290298333 320.411248333
304.888302222 262.825125556 218.466235556 186.404238889 162.32511 153.8718475 156.132191111 155.018684444 161.455067778 184.296177778
189.5812375 188.360607143 188.7681225 185.296085 175.850015 171.882352857 172.26098375 175.44904375 182.191478571 195.89964125
201.386434 200.056821 198.925726667 197.667266 180.872494 167.572023 166.464783 181.731222222 226.482195 268.783255
289.312177143 312.027204286 319.744 308.20377 274.806895714 232.027494286 198.22775 174.077253333 157.837158571 145.633541429
153.190602 160.94283 154.86267 145.631876 140.217124 139.434932 141.55222 149.756253333 160.884766 173.903486
208.904787143 247.154998571 285.161261429 294.95772 277.814735714 239.507551667 188.395188571 139.878587143 106.601762857 75.7560985714
