212.652 212.65201 212.65201 212.3733375 207.6782425 200.757445 194.2024725 183.0449175 174.89812 174.4109875
191.01125 230.3229975 259.31347625 240.64959625 212.3620575 209.0036 212.53683625 231.30568875 258.6612975 270.66616
262.285868333 260.528564 258.245353333 248.395006 230.563341667 208.183 191.308438 175.548568333 163.355638 153.310206667
145.840533333 153.412924444 166.110196667 209.204434444 253.806945 258.971841111 231.675158889 203.706521111 195.398685556 200.844122222
215.308156667 234.317758333 256.313886667 278.310031667 301.761781667 320.639124 325.215718333 329.165355 331.840856667 329.629541667
304.985061667 278.535216667 257.385378 236.235545 212.735723333 189.516766667 176.104935 174.051812 181.008833333 195.589836667
204.027991667 207.211852857 209.861403333 205.184045714 188.540303333 173.99896 150.428772857 119.357045 115.463397143 119.768523333
355.48201 355.48203 357.329768333 366.085503333 372.181334286 362.799545 334.494836667 305.876613333 285.525186667 272.429146667
270.194596 283.13042 287.718825 284.297784 272.645392 260.939386 252.889834 248.64515 247.851108 247.770382
248.830246 250.5164375 259.716082 277.530824 293.997706 299.266125 298.526358 291.117986 280.4542775 268.783766
256.698048 252.43891 259.033575 270.742742 276.865304 275.38398 263.091618 250.1487 244.53678 234.647848
225.973124 227.442424 249.044568333 264.098364 259.919096 249.725106 235.435796 218.300695 204.244474 197.77284
196.082438889 216.65674625 243.078873333 253.9409525 234.197867778 199.14722875 161.772294444 136.39589 115.442075556 100.07715875
104.43374 140.98741 193.66795 243.676858 262.357623333 261.714008 260.307388333 261.757984 263.353035 264.572266
268.564411667 270.654982 260.6241 240.72069 226.271746667 206.701615 194.877252 190.775998333 190.410212 191.861221667
198.9925675 201.669608571 203.026585 204.383568571 205.43615375 193.54982625 153.356914286 138.978085 149.184181429 156.520115
178.054846 191.983112 202.0809475 203.68653 195.731596 180.672838 161.68587 151.64228 151.477938 157.918108
161.87613 162.286176667 162.7022 163.118686667 163.535166667 165.937261667 170.940641667 176.576961667 182.646278333 194.255301667
217.161477143 236.396657143 245.674397143 247.933151429 251.388598571 253.831543333 256.620044286 259.483032857 269.876028571 282.518707143
