344.1933775 353.65442 362.3363825 367.704705 367.6365 362.7487775 352.3991775 339.68747 320.672905 296.24091
280.229723333 268.416036667 257.0936875 246.41355 238.336606667 228.943976667 224.16776 223.0535 222.36245 221.685843333
217.82589625 217.285951429 219.45193625 221.670484286 220.21602125 198.15779875 182.70775 180.700225 175.792021429 162.75299125
304.302561429 321.60303 321.60303 321.60303 321.64020375 325.255952857 330.018337143 331.346638571 330.659448571 324.120854286
319.81722 321.38273 324.290374 327.68734 331.094768 333.7308325 334.955972 333.800976 331.72863 329.98714
328.872278333 328.421925 330.97631 340.901261667 345.78159 340.00413 326.930003333 305.948235714 272.446261667 241.666976667
225.398556667 231.592508333 249.364752 276.570938333 292.148346667 291.602033333 278.087518333 245.6447 218.593938333 199.684321667
189.35572 187.28175 185.325216667 183.412535 180.52183 175.881363333 172.886205 170.57241 168.26358 162.33425
154.173664 149.652166 149.641555 151.705814 151.378522 148.883674 141.554188 109.053965 85.404482 84.034506
232.897 232.897 232.897 231.86739125 203.418605 167.8675625 135.56761625 120.03554625 109.6967 150.9063175
300.20001 300.20001 297.80272 283.3991125 266.9359375 250.95686 230.5668425 211.6519775 199.61785 193.7330025
190.926277143 196.01279 205.61895 204.639784286 186.00814 175.357138333 168.16182 163.891647143 163.400864286 165.848112857
170.873988571 181.231452857 187.2130225 189.381567143 191.337218571 192.23617 183.956878571 176.50295125 184.846597143 213.067827143
238.667135714 236.940324286 225.583958571 212.790211429 200.011352857 189.581797143 178.022265714 172.050728571 172.098044286 188.380515714
208.457881667 214.169011667 231.573841667 255.65929 279.791335 298.627731667 300.749023333 298.734366667 297.28506 296.121255
297.501901667 300.398636667 300.524352 297.181423333 293.238775 289.111318333 269.213708333 233.399466 196.930321667 175.760536667
167.435875 163.48358 159.5886375 155.308703333 146.27779 137.185833333 132.3043725 127.930796667 126.6298025 127.349693333
141.469087143 170.286562857 199.451235714 228.615901429 260.1330875 281.89625 285.64557 287.349045714 292.79568 291.757408571
272.394247778 237.399325556 192.772917778 149.20532 131.979851111 133.73938 133.893742222 137.404011111 161.170825556 191.441296667
