304.6240475 322.220275 319.03469 312.65957 300.7063 282.24086 264.2868525 248.3575675 234.6554425 221.4286225
204.57252125 196.805175 194.89903125 187.06761625 184.421245 184.77096375 188.0125575 197.58536625 205.407465 204.4810675
203.420316667 202.147968 198.84261 196.29274 193.789311667 190.827232 193.271388333 207.491402 233.147815 250.58442
192.4784 97.926235 115.417768571 235.149356667 314.234085714 313.893437143 309.487223333 309.436564286 311.994998333 307.632555714
296.626475 313.6117725 315.17880875 307.63473125 303.62006375 301.609867143 300.93589 301.7095025 302.19483125 288.25832875
238.85313 207.785453333 201.609631429 197.130035714 190.183532857 190.418868333 200.256722857 226.974821429 255.122553333 262.7335
341.87489 356.2924 364.047866 367.20365 359.153338333 334.586538 298.65008 264.541218 228.24624 201.329304
196.763518333 198.782154 201.451696667 204.121236 206.74134 208.176633333 203.248562 188.107125 180.626466 183.122131667
204.365443333 246.281464 243.020384444 229.34076 224.28575 221.790781111 222.189091111 229.688588889 227.759455 237.084177778
228.244518571 223.6557875 231.393277143 239.06418 243.521905 222.759975 205.03799 207.377132857 236.49534625 266.96917
262.1222625 248.66675 235.06149875 221.45199125 204.064185 186.25121125 183.32891 188.203035 208.50224 234.71786125
241.060075556 238.855997778 235.888 232.919998889 226.085763333 195.55291375 171.696645556 151.004792222 142.415037778 159.727346667
191.012391429 217.70607125 241.547707143 263.883318571 281.79130125 279.44551 261.912464286 228.85793 196.6292375 190.222645714
192.852991429 196.128028333 202.158807143 209.508741667 214.838238571 210.198331667 203.191634286 223.260506667 257.520255714 266.62086
258.848497778 248.0591 237.2697 223.66232875 193.658061111 173.54547125 169.938496667 178.00053625 208.127268889 226.46882625
221.971 219.10318625 216.497154286 214.16113875 212.241275714 196.258322857 164.13333375 141.764981429 146.9176925 149.170187143
153.740608333 161.951252 170.673375 179.201676 182.225633333 166.224285 149.186186 156.527583333 170.29697 185.657085
200.8916625 218.59677 246.2095 259.843013333 263.904605 264.056946667 261.7299425 255.390816667 243.600095 223.5147
209.046293333 205.809641667 202.857685 199.154883333 195.69894 192.073298 178.154465 152.903208333 137.850948333 136.006336667
137.550262857 146.614922857 162.324612857 180.797755714 177.772322857 158.43117 148.874848571 143.33076 135.690731429 132.852638571
