400.12201 400.12201 399.514028333 392.754378333 389.359972857 380.993793333 353.408575 319.953913333 286.003431667 255.030633333
239.84826 237.91493 237.64624 238.522126667 242.192846667 245.13176 248.555446667 250.41764 252.81759 254.482793333
248.49205 267.269071667 291.42489 288.852585 274.083991429 259.273198571 248.13815 238.728171429 229.779426667 232.981487143
246.555972 262.047698333 279.334912 291.696978333 294.197448 287.378222 271.191106667 251.109372 232.338646667 212.02441
201.47772875 211.587232857 226.38872875 240.45491375 239.68706375 222.244392857 206.48785375 194.54570875 190.288891429 192.24798625
193.35886375 204.11552625 217.28277625 204.922515 175.60026 156.31089875 147.78004875 136.98706125 132.93604375 143.16596125
160.78318875 168.30679 175.5318625 182.373388889 179.87058 170.57584625 170.770247778 180.28087125 208.634847778 241.342655
266.556058333 301.396246667 335.595573333 340.144326667 336.029485 317.386328333 276.840966667 228.740495 202.270183333 191.108726667
186.39052625 183.691342857 180.89742125 178.10351 173.80171125 161.5657925 161.20572 170.82694 192.863684286 212.0634
227.90832 263.538504 277.438416 275.05188 271.020863333 267.495496 266.759752 267.929258 272.279752 273.186022
255.997491429 218.780481429 180.15032 141.520157143 106.636411429 88.56069 80.6760457143 75.81253 76.9497585714 90.6910085714
