200.662 200.662 200.69758 202.318866 221.264988 323.2512825 362.228044 343.10133 322.4622475 307.283734
303.135438 304.712506 307.039154 309.375512 316.770796 333.812424 338.615236 336.39572 325.616346 306.2557
287.37046 268.306562 248.773605 239.3466075 235.720736 235.52666 237.51523 239.0428425 233.865206 230.8372925
245.998028571 273.357646667 281.361554286 270.869113333 254.23703 236.911083333 224.056335714 217.83103 221.613288571 225.121481667
366.669027143 366.66904 367.56282 373.877541429 365.827085714 335.374683333 298.312108571 251.413635714 219.665461667 200.853417143
193.263256 190.3901375 187.04599 182.29661 179.008576 178.72368 181.145586 189.985498 200.1218125 211.647048
221.66443 206.65342 198.420474286 192.135208333 182.671884286 172.865876667 176.922915714 197.908363333 220.879891429 236.349313333
238.808375 235.931283333 214.834567143 184.903703333 168.539615 157.941951667 153.059786667 158.657534286 172.150295 181.440311667
195.31944 203.596056 200.46905 194.384786 184.683034 172.04136 158.858458 154.579585 154.509 153.042332
209.35500625 209.35501 209.35501 209.35501 204.137198889 176.23752875 153.5259175 126.19775 98.5460644444 89.566555
95.5568583333 151.872038 255.627318333 288.812198333 287.587218333 276.357342 254.03435 222.52273 191.759132 170.874441667
174.6431175 188.454952857 207.84741 229.182504286 250.51759 278.48143625 301.267294286 304.76874375 311.451927143 310.269615
281.36739 246.520212727 212.90073 178.016908182 152.797542 149.123785 150.296743636 162.68218 199.79765 236.611939
