334.918005 335.036261667 336.284661667 331.770245 318.336416667 303.115535 288.69821 280.074436667 277.86995 281.448221667
296.840765 313.348516 329.512075 338.464932 337.458303333 333.719788 324.639796667 302.84538 269.935363333 234.545512
213.24506 208.2623775 207.206563333 206.882036667 207.1571 207.827783333 209.711 213.914586667 220.012705 227.05652
231.13941 234.0770225 243.255942 250.7121225 257.572486 262.609418 262.4942575 256.708236 246.52804 237.278934
217.691374 203.834125 208.173472 215.795675 214.277344 209.030466 200.619063333 190.893004 184.722723333 181.567796
181.576167143 198.879686667 203.348351429 188.918116667 179.602497143 167.974571429 161.044035 159.681805714 165.49517 174.083835714
184.929546667 196.702266667 198.510262857 199.088953333 190.775053333 186.264135 185.416006667 187.44187 200.963216667 214.913296667
225.181427143 241.144832857 264.549077143 287.288055714 290.18816 284.687605 282.327428571 282.222854286 286.291264286 285.916027143
273.134711429 281.565112857 294.871332857 296.875622857 278.851741429 251.424877143 230.000594286 213.241242857 197.043812857 181.738504286
171.910364286 165.803547143 182.912775 191.053881429 183.040922857 175.065494286 174.724722857 186.94058375 218.824672857 238.525988571
247.0400275 283.369015 325.3233225 333.98028125 309.81393 271.127534286 222.6583075 181.2359125 168.5384125 189.07696
208.058385714 237.070616667 269.148517143 301.018141667 318.745288571 316.027823333 311.91183 315.49588 318.358531429 308.951598333
292.261046667 278.553556667 264.848005 251.142453333 237.069195 212.379244 160.710145 110.704125 100.640586667 118.976626667
140.118538 156.562255 173.005962 189.3518025 199.707424 201.08544 198.767836 192.167735 182.668922 178.797425
177.67208 175.509823333 171.164768571 159.292463333 141.251657143 127.697166667 125.722 125.722 125.722 125.722
