271.091 271.091 271.091 271.091 269.816724286 269.043968571 295.541781429 336.319195714 351.476367143 339.819232857
324.508856 309.077178 292.761748 277.218878 266.932738333 253.213288 211.750012 167.628748 143.861756 144.499964
173.08696 221.98022 267.126636 298.522613333 312.632106667 312.225383333 294.535176667 273.593128 246.666051667 223.9637
215.871766 212.7011 205.540114 192.225314 179.748418333 162.41372 156.54406 157.796674 166.54294 181.114984
206.056795 223.478151429 223.25547375 212.025142857 186.0413575 122.71481 66.1775125 66.1938914286 70.7656425 118.185377143
353.726995 353.72699 353.72699 353.72699 354.246276667 356.171608 351.539226667 324.451418333 296.378638 261.855258333
227.991238333 215.250806667 203.806813333 192.36281 180.307028571 175.43019 177.195901667 179.43785 183.847078333 188.616723333
196.519526 199.00152 198.319348 194.8687825 188.42297 183.0330875 180.738268 180.3031025 179.427942 178.396215
190.682861429 218.071006667 253.017011429 286.82135 296.876978571 278.29904 247.819292857 218.655555 187.480294286 172.903388333
167.555185 163.718242 158.064006667 152.28127 146.427668333 141.81217 142.524603333 152.465516 162.111676667 174.821452
188.260913333 190.614433333 190.994833333 190.838103333 189.498773333 187.378875 184.387553333 180.37841 177.40833 175.224533333
172.313381111 170.574049 156.427035556 135.136191 137.321118889 158.049023333 191.287607 244.680145556 281.764429 263.227721111
230.963206667 219.561265 212.62988 198.234786667 180.04176 167.146335 158.78386 153.851973333 153.0915 153.20878
160.38740125 170.5944375 179.394435 187.94562125 187.207192222 174.063125 163.73603875 161.864 161.864 161.864
