334.245 334.245 334.245 334.245 334.930767143 340.12085 342.9869 341.57227 341.407677143 330.135171667
304.345321429 300.591005714 298.204015 290.71703 261.805562857 235.28548 208.662314286 197.005453333 193.357035714 202.941938571
217.07760125 238.9823925 266.87458875 257.242085 233.0407925 214.220368571 203.2699 202.28635375 204.93917125 206.52731375
206.642318333 207.447693333 208.453765714 209.259153333 202.571735 186.461975 165.237996667 142.343795714 135.944005 149.285093333
186.301958333 220.4648 254.285985 284.855168333 296.056114286 298.145265 299.015005 301.110731667 305.331118333 306.110795
306.644784 311.414956 325.532855 330.58037 327.666498 326.64115 329.428662 329.988875 324.046354 311.268406
300.69818 293.51817 285.247863333 274.725256667 255.233523333 235.905076667 222.390586667 206.898693333 197.53783 190.061866667
184.573091429 183.788026667 183.741671429 183.68207 183.62306 183.559696667 182.239144286 179.996654286 180.853506667 187.634662857
212.942725556 246.02943875 259.797928889 263.403065556 263.311668889 262.49287125 265.066762222 267.259208889 267.16751875 261.468991111
336.16101 336.16101 336.16101 334.129405 313.837785 300.708018333 297.056671667 295.28361 296.542551667 297.79874
287.739871667 283.082208333 284.872671429 287.154205 289.00564 281.393208333 255.185975 229.513202857 206.947753333 191.100205
180.18711 173.641068333 165.989498333 162.11819 159.700485 155.984693333 154.019023333 154.715216667 159.423066667 166.119961667
180.73323 210.266071667 245.738446667 272.895833333 278.349406667 283.216652 286.11171 287.019555 289.482656667 289.71487
283.681813333 284.79076 293.344035 303.872963333 309.17158 305.401018 295.11351 291.975275 292.071592 274.452808333
253.734437143 273.580078571 285.615355 287.728134286 289.565464286 288.306898571 286.944052857 287.180023333 291.210658571 295.500031429
258.608853333 215.346968333 305.29658 353.494116667 345.70349 330.084088 305.394586667 271.733118333 240.04042 224.933491667
211.034784286 204.717424286 204.979258571 205.286047143 205.140288571 191.773895 163.156965714 137.566408571 136.217812857 147.463012857
159.872008 163.664376667 167.352228 170.695911667 176.430432 181.281734 185.469351667 191.314052 198.80767 197.417084
192.691625714 201.49494 216.736192857 214.694595 195.618885714 173.282951667 153.730611429 143.019888333 143.781202857 156.594
179.31668 205.42478 236.219352 256.437728333 266.123896 268.331984 258.247093333 230.313618 204.93642 186.651748
175.665504286 171.81206 168.173798571 161.348426667 148.870682857 138.103628571 136.303946667 139.625644286 150.841 179.20949
214.562015 239.885005714 266.25874875 286.465832857 278.40797 238.35279625 188.089035714 129.7415975 94.4776285714 94.2686
