260.086 260.086 260.086 260.414723333 270.173466667 296.611023333 325.64518 352.243763333 370.878998333 377.746156667
364.434148333 340.378546 315.86905 291.35954 266.85006 239.895251667 214.823784 196.141505 185.736344 181.348293333
192.226692 208.345213333 208.0204 195.55795 178.612905 176.22305 191.157624 224.669884 274.250043333 293.559526
289.5850075 278.993285 268.09336125 249.07729 203.4468475 167.925344286 144.69051125 127.5056875 119.88083625 167.72373875
208.33658 225.16432 253.75523875 260.67623 242.4603925 228.914964286 219.71416 213.05932875 211.84951625 213.78347125
221.7847125 257.451677143 302.50123125 329.590092857 334.81348125 338.512398571 343.50336375 346.617008571 348.74946 336.930435714
305.15863 267.661277778 235.328463333 205.421916667 179.004574444 175.83466625 179.260105556 184.419632222 205.985225556 230.88237
244.53562625 263.538603333 282.62365 287.2112 281.2221525 281.13807625 284.070447778 280.896115 237.51367 176.36881
187.117405 196.400793333 195.471058571 193.268228333 188.350225 185.410408333 191.712355 217.467277143 246.31069 257.755553333
270.88142 298.145015 311.29441 311.125998333 307.485435 305.364516667 307.59709 312.576494 313.999806667 298.45194
276.697725 269.820006667 262.072028333 232.988361667 178.40918 150.360986 148.595513333 169.940328333 217.080945 233.067576667
219.451416667 211.617605714 205.920505 191.040263333 154.780562857 133.950128333 116.002725 86.2151466667 71.3331357143 70.5870666667
