263.793 263.793 263.793 263.793 255.23752 231.073898333 230.498626667 248.651046667 280.157837143 294.179595
293.15836 270.6053 229.52686875 208.75364375 198.36891125 195.3415625 198.7406425 213.09296375 236.52621375 252.02123625
263.285936 279.252338 297.423952 315.550306 329.467294 334.390308 337.525612 341.955118 340.414602 329.057678
322.235221667 325.087518 329.87553 334.68136 339.21594 342.62559 346.361096 346.96431 329.54284 301.660933333
284.020835 263.107144 239.724048333 222.802614 200.687501667 185.38323 186.60894 191.00177 202.53574 219.42894
227.805433333 239.421708333 251.74738 264.073053333 277.768243333 291.427503333 300.353871667 300.937526 299.64414 297.892238333
296.800396 295.985308 299.503412 301.886274 300.466448 299.747285 300.07406 301.093904 302.548022 301.364104
290.833177778 289.441036667 292.991375 296.283381111 290.392066667 286.711741111 291.63698 294.42582875 296.787872222 262.569034444
289.79199 287.67746 274.391335 250.8515425 228.29906125 212.543938571 201.09866625 193.2319 195.562627143 203.12388
201.842938571 206.347505714 213.784501429 221.147567143 224.293524286 207.260042857 199.466988571 202.14599 224.195604286 248.490835714
261.437295 267.047633333 273.140746667 279.318241667 292.423253333 305.739186667 307.549021667 306.723661667 305.554383333 302.09028
299.153587143 303.03172 308.414898571 313.798078333 319.277814286 322.317858571 321.639818333 323.36418 329.654276667 325.699672857
316.600315 309.93878125 303.08318375 273.82723625 232.63671 205.5469025 191.421075 182.1395125 186.02197375 203.21512125
218.80944625 240.75119125 284.36265 326.80569125 341.75603875 343.24961125 343.96625125 348.012031111 356.6197475 341.79262125
312.265371667 292.08728 271.965076667 252.61511 237.967476667 218.816843333 183.306906667 168.699058333 170.177968333 172.318545
179.152717143 182.682895 185.830898571 189.619038571 193.362064286 195.222991667 190.883204286 189.86408 208.253231667 243.958768571
270.216906 286.454804 295.6473825 298.508642 293.46668 273.099548 240.871572 202.78582 158.95504 142.010056
153.772766667 176.333554286 185.789408333 195.793994286 206.964496667 216.950253333 219.848528571 201.798065 179.301568571 157.181048333
142.673316667 126.71481 110.756303333 97.2443483333 87.9827214286 74.0329116667 64.8969233333 80.80741 96.9585342857 96.564535
