271.83401 274.39181 281.652032 283.579778 278.1362 268.8622525 254.24737 240.811842 235.836022 232.842604
230.7329675 228.580484 225.83024 221.950506 214.32604 206.87511 194.983634 186.177955 183.219362 183.2871425
200.036575 232.021373333 254.03071 246.940725556 242.429801 240.23476 232.795566667 238.119552 245.359474444 245.224398
228.790365714 229.905133333 234.325928571 229.736533333 205.347002857 190.39013 190.882236667 213.992217143 253.24212 286.554165714
302.375443333 303.0321 294.909588333 276.79371 242.694452857 201.117355 175.381585 151.833458333 141.571905 145.181051667
155.155462857 163.625402857 172.281653333 174.507091429 173.700978571 176.48185 198.396475714 240.161115 294.885117143 325.145804286
322.893986667 310.464508333 298.6266 285.728995 261.801015 215.296653333 178.166823333 164.02726 161.231408333 163.3195
173.104136667 195.064023333 217.15336 229.292503333 240.183233333 245.93851 250.649256667 257.1104 258.838753333 258.505023333
254.86153 250.653307778 246.697172222 239.481648889 206.795844444 162.758924444 142.558844444 139.473986667 114.407636667 85.9615866667
229.548 229.548 229.548 229.548 229.138987143 214.405365714 190.22444 193.450417143 224.6974 268.184081429
280.716038571 279.080646667 263.919457143 233.283838571 200.911564286 173.656178333 166.834338571 169.495008571 173.22093 178.367938571
182.29879375 194.236175714 220.28044625 247.219364286 286.86643375 299.764938571 300.19705625 299.48172 298.80728875 295.529151429
288.875695 286.9742625 285.13676125 283.77913625 295.39656 295.076945 290.43216 292.85485125 296.97514125 296.92741
297.27328 314.431134 334.272848333 336.753068333 328.217498333 321.613684 321.31273 323.041708333 325.829914 326.906626667
318.28396 313.851565556 322.531005 331.210443333 321.813043 263.749739 188.277096667 79.714924 62.4221677778 62.126036
