241.110994 239.179634 230.480604 220.887988 215.330891667 209.783452 207.70804 210.840854 220.046368 224.611664
235.669675 268.65319 313.542348571 352.89776 362.825088333 361.851761667 353.597756667 335.865404286 318.090073333 304.77065
295.598913333 299.835733333 307.643926 315.599458333 324.43891 331.338613333 330.083321667 318.882146 300.349655 274.563971667
273.139995714 283.656637143 292.243824286 288.660448571 274.11648625 252.529031429 233.186895714 217.795702857 215.759637143 219.133008571
209.226596667 203.257905 199.573368 195.88883 191.7949 187.750986667 174.747185 149.182218 129.448233333 117.141983333
130.568272 153.593028 166.877421667 179.362402 190.460162 201.511692 209.002684 205.175055 189.580314 180.60835
178.219081667 178.097932 179.71795 182.211498 184.728023333 186.854411667 187.187868 187.492926667 191.323264 199.327526667
226.259061111 261.792467778 276.045105 280.998583333 283.330666667 285.249983333 287.528547778 267.04635125 182.943356667 113.474663333
182.413228333 184.958288333 172.15149 162.815568333 157.902646667 158.702758 161.492346667 174.820175 197.217568333 211.615928333
221.682875 245.972421429 271.85496 295.319178333 310.762897143 311.073755 312.094695 317.253865 322.62521 323.055161667
304.486746667 282.61322 263.473443333 244.333681667 225.529441667 193.04698 143.918655 123.009153333 129.666981667 156.623228333
160.060135556 158.08959 155.886232 153.384792222 144.272611111 141.052858889 150.457393333 159.505922 182.614495556 253.179556667
