209.830136 209.185133333 205.817752 201.131481667 199.613872 200.591774 206.593296667 223.58731 237.625725 243.505824
252.357606667 280.093506 295.718841667 295.544172 293.679416667 291.939642 291.253255 290.278646 288.926888333 287.943784
292.08242 301.02553 310.22348 317.83368 319.561793333 319.967002 327.113835 335.070206667 337.006655 333.435518333
312.913782 289.93249 264.189123333 238.445754 215.562756 194.461642 179.908656 170.881436667 173.855812 188.279166
204.755346667 222.652256 243.618043333 266.084133333 277.186731667 279.116918 281.088021667 283.29244 287.614532 289.210865
288.9146975 289.312142857 289.83768125 276.961315 229.31926 185.671158571 161.73746 140.20652875 123.608142857 121.39600125
244.3545875 242.984081429 210.47707125 190.004431429 190.58352625 190.853972857 199.03674375 225.774288571 262.2739475 291.859567143
300.52801 309.7884475 323.4688275 336.992295 343.9500075 344.3346825 339.4538725 325.58497 303.85213 276.0936525
252.630582 232.443471667 204.29078 181.798331667 166.09892 163.847552 169.20926 179.29515 195.991443333 212.435784
219.0683625 228.364085 240.362594 250.381605 252.75014 249.5476475 232.7950225 213.411526 199.227335 188.4964
171.899605 161.440738333 157.016338571 149.993803333 142.133671667 143.379203333 148.839501667 154.652454286 163.997556667 178.511335
189.833972857 209.574473333 235.860334286 262.280498333 288.70065 317.522652857 348.346996667 364.166045714 349.323781667 310.251071429
269.875508333 249.57573 229.346553333 210.956401667 190.72723 168.821575 142.449488333 120.993153333 117.840594286 144.89354
165.592795 168.315212857 170.763546667 172.989303333 175.437637143 177.397541667 175.046596667 171.116516667 188.346652857 204.005511667
207.617377143 213.387511429 221.597478333 229.790354286 235.084087143 217.268024286 165.346464286 128.750308333 109.808045714 90.9240585714
109.99828 173.69615 184.716805 186.677058333 189.083148333 189.971994 184.701801667 163.181486667 136.906738333 137.966268333
155.603945 165.921748333 177.04323 188.164721667 198.275166667 208.278698333 214.662221667 216.331214286 215.601553333 215.694973333
221.648228333 231.1223 242.698583333 246.3417 237.038823333 211.99121 181.138542 142.70846 113.658218 110.288001667
