266.41 266.41 266.5384 270.26664 278.604653333 281.939076667 282.9233625 284.095183333 274.528625 260.290253333
335.313835714 336.902327143 327.979185714 312.445958571 292.31237 269.026485714 247.43814 235.854362857 228.099531429 227.022992857
211.387755 224.769114 221.622811667 209.298563333 197.652225 189.642404 182.066551667 173.424783333 168.856766 167.62502
168.09931 174.008417143 174.90835 172.036574286 172.623278333 180.371836667 210.136142857 246.384825 276.150551429 285.686571667
271.848136667 260.556808333 249.97359 239.390361667 228.807135 219.282228 204.883265 166.800788333 151.382128333 166.58915
196.94593 236.356048571 252.550916667 252.333695 247.8372 232.054328333 212.084058333 195.940833333 189.737057143 187.76452
185.1425925 185.0744775 185.37434 184.65473 180.1704325 174.6979325 171.52473 171.007 172.9612725 178.4596525
197.317505714 215.158617143 216.034307143 216.504181429 217.012662857 214.975873333 191.043901429 178.880668571 186.376741429 205.549797143
216.110401667 241.98843 282.140501667 301.066991667 309.43266 310.24169 310.200328333 312.557141667 315.406115 315.575023333
315.328596 323.6633675 337.224996 339.311356 333.202636 319.8448475 296.111016 272.12915 253.6966475 241.37179
252.317628889 295.074392 325.895962222 316.383486667 265.844586 204.433133333 161.597348889 141.34177 146.409203 178.909993333
159.16701 159.16701 159.16701 159.16701 159.16701 159.16701 159.14776 157.712404 156.64214 166.30574
183.75613 193.61884375 205.499924286 217.0296525 219.071445 201.97900875 178.87051625 163.669908571 136.9347975 105.07949625
121.8709975 173.26848 228.079035 251.225465 246.8709825 236.547895 226.75642 212.86999 198.4228375 184.0046875
166.516458333 153.235552 144.782896667 139.096216667 132.61746 131.033232 131.30775 137.457605 147.890784 163.883761667
197.885506667 214.520288 221.820733333 229.932326667 237.908738333 241.867686 238.988513333 234.17575 228.384122 206.422268333
205.461662222 225.01075625 245.365728889 251.683258889 249.391063333 249.040675 251.570402222 254.757814444 258.90719625 269.888725556
