211.3671675 210.265454286 207.076625 202.947298571 202.1319325 202.7851075 209.229955714 220.92448875 246.938477143 260.5507475
266.518072 283.163616 307.33109 328.796724 336.07751 339.165674 341.588352 345.295988333 348.558812 341.934964
331.886138333 328.722768333 325.8682 323.013636667 320.167893333 317.407276667 299.284408333 272.496148 247.815713333 219.08548
216.5289225 232.94443875 235.42836125 225.62777125 203.298404444 180.90378375 172.2574575 160.10490375 157.4638225 170.7062125
195.965837143 209.866878333 236.88354 267.469224286 298.054927143 321.931781667 328.363715714 336.285281429 347.2806 341.827585714
324.030526 321.104926667 319.510256 318.092752 316.680195 315.464166 302.982644 271.639564 241.864806667 213.407336
197.1559975 196.658968571 197.62959875 193.850681429 179.494575 153.15192 129.682831429 106.9531075 119.636574286 180.169645
191.953618333 198.57686 225.437693333 259.104916 286.835678333 297.083324 305.230553333 312.254714 312.885063333 303.005576
280.891132 257.225626 246.542682 237.46481 213.481763333 187.014124 181.421932 185.09524 196.27219 201.796914
189.470211429 162.47544 182.842871429 202.883601429 195.25309 173.82673 150.035425714 145.67799 145.67799 145.67799
158.99899 158.99899 158.795738333 156.472986667 157.358911667 161.940722 162.748033333 161.648198333 155.380982 153.12
