217.84217 217.888613333 217.4810275 214.950396667 212.335223333 210.55081 207.40987 202.89775 199.408003333 197.06901
195.215756 195.000728 194.540242 191.782186 188.830648 187.776744 187.768276 189.890848 192.26382 192.941904
194.03276 195.80018 197.563418 199.333475 201.09631 204.3669275 211.956122 223.188855 241.691794 246.37732
239.584455714 232.430628571 226.725125714 220.063635714 190.2358075 163.562631429 158.672952857 148.61912 141.067482857 156.903247143
175.218656667 177.145 178.74925 180.526806667 181.63857 179.63983 173.321831667 170.140103333 173.479854 184.369451667
194.832823333 207.744874 229.794005 254.664726667 270.861426667 271.360954 267.98934 264.496625 265.40044 269.627385
268.728004286 255.12660125 240.10651 226.698912857 213.58660375 191.97296875 177.01098 172.306602857 172.92490375 177.419941429
192.645174286 205.667866667 214.397367143 231.534672857 250.371114286 267.637858333 290.630431429 315.28897 315.468261667 310.485775714
303.569825 293.780426 282.8005925 276.300955 268.953338 253.917485 242.7744475 227.3625575 211.375272 201.8792125
201.292151667 214.392716667 239.305011667 264.629761667 290.756235 306.04924 309.260573333 308.691893333 308.082005 306.054046667
286.943746667 264.890002222 242.590247 218.153706667 175.557153333 143.468763333 113.343753333 98.474455 99.2756877778 110.136531111
