393.63501 393.63501 393.561176 391.33258 386.68432 377.10446 357.948902 334.98011 313.864482 284.78655
277.30309 280.503015 276.279211667 250.073145 220.695098571 204.783216667 197.976571667 195.255803333 195.134663333 196.95218
198.692468 215.271496667 254.47555 289.495716667 299.421254 299.773704 301.820258333 305.96554 308.940246667 311.064166
310.40373 307.598012 297.044128 281.473906 262.637603333 232.824146 198.303204 183.398986 180.60839 181.084736
189.074524286 211.17568 237.513444286 261.825215714 283.4848725 287.39147 284.316908571 282.888034286 288.20106625 286.275914286
280.399995556 282.892643333 285.830024444 285.156888889 244.050681111 193.790408889 177.33129 163.056441111 121.516827778 136.467153333
197.561943333 224.926461429 258.551533333 271.778818333 272.085334286 273.002116667 276.197948333 281.07123 284.299868571 282.101113333
279.1309725 279.27742375 279.48631 275.483625 243.9891775 217.532161429 198.91651375 187.423815 190.2825875 199.14409125
309.420016 312.426736 322.9413375 329.181328 325.927776 309.775574 283.609194 257.96771 236.893444 214.649228
200.2673175 210.6100725 225.9755125 241.3638425 256.20118875 255.249542857 227.23570625 197.33291625 187.0929175 194.33404375
200.167281667 214.413381667 248.662413333 285.29658 320.766993333 336.692098 334.885413333 325.217371667 307.951671667 281.30952
257.73916 247.486464 239.147933333 234.511862 235.909828 235.829316 231.724494 220.343406667 204.123622 198.68774
198.05924 200.770018 209.749785 218.619104 223.650533333 222.883941667 212.422724 197.043375 177.99656 168.34655
172.59561 183.45023625 195.749391429 207.71878625 216.584995714 225.641608571 229.6459375 230.888957143 234.36518 238.253978571
246.91231625 262.609148571 280.26083375 297.912497143 314.638725 321.814631429 325.00525625 328.399825714 326.48463375 308.477148571
288.184706667 267.34036 246.48668 223.129803333 179.019517143 136.26325 122.165141667 116.791641667 91.4320357143 76.331585
168.263625 199.038935 226.213288571 253.831415 276.78376 284.366348333 285.634841667 288.916521429 295.570003333 299.839803333
298.306098 293.779474 292.701304 295.004526 297.209288333 292.44618 274.647364 244.845882 209.9069 173.927968
155.997834 160.973448 163.95796 164.668638 167.94157 174.309866 178.71728 178.627725 175.16104 168.830152
148.9774725 128.271507143 128.8042725 131.932778571 139.02026875 142.169842857 137.1142125 133.331857143 112.502195 109.234005714
