343.0072625 344.652263333 348.7444925 352.644846667 356.8400275 360.559816667 363.909965 368.11152 372.53482 373.878893333
363.0597 328.53870875 297.835418571 270.5712625 244.42899875 197.0073575 185.599905 190.443865714 206.29832875 231.023035
251.249878333 276.619648333 272.345341667 251.079925 233.42256 222.431018333 216.256488333 214.981765 221.83601 236.261091667
245.233446667 264.706895 288.128611667 311.550338333 334.972051667 355.973536 368.76635 362.500693333 339.329403333 314.24882
308.910278889 305.73376875 302.631783333 300.58560125 279.136593333 240.49063125 218.225303333 206.5300675 198.987843333 190.695635
192.278191667 202.102707143 204.95669 200.401388571 200.024296667 203.842046667 217.829845714 251.938006667 298.587258571 324.391525
330.875301429 323.679297143 308.899435 276.952315714 225.312164286 188.539234286 171.548365714 165.116098333 169.680294286 187.801235714
212.117355 236.469124 261.203761667 289.848062 314.067716667 314.862056 303.255103333 285.746172 265.471003333 246.803878
222.261041667 209.37165 202.818668333 196.270662 189.722668333 183.174664 176.533641667 163.12135 144.213033333 131.676522
120.789497778 90.4140988889 129.937415556 158.823308889 161.946627778 171.952101111 187.929283333 213.545674444 232.716528889 240.58739
224.912274 225.341866 219.533128333 207.647502 197.59987 183.482168 160.616166 140.052273333 132.074392 134.538278
154.85234 184.984312 215.31707 244.073742 258.749616 268.237872 275.284826 276.594298 276.859992 277.962182
290.306126667 306.526402857 317.604445 322.556208333 315.440864286 294.750878333 263.904246667 218.249208333 176.022272857 157.188126667
157.464455 169.95061375 175.060898889 169.4034925 150.6225475 132.75485875 87.688905 73.1638077778 99.81123375 169.81074
