254.56 254.56 253.8905 232.444872857 204.4052075 194.1969275 184.649941429 180.97233625 187.846454286 207.96219
227.565268333 259.846411667 294.967503333 330.08859 360.041181667 368.195688333 364.373326667 348.250858333 325.623933333 294.322425
264.797165 254.96285 245.524765 235.980075 221.019418333 204.396288333 191.284076667 187.557793333 189.831026667 197.63574
218.723517143 230.479968333 231.612992857 226.259291667 213.1166 199.673918571 191.443558333 187.68147 186.261263333 187.683074286
233.48199 233.48199 233.48199 227.181662 207.307503333 196.915024 185.37948 173.311662 163.506188333 152.147148
147.45373 157.12054 182.7934225 234.16550625 304.434128889 325.3353 318.26147875 286.4563475 254.1482525 245.214605
225.437888 225.01863 245.936538 271.387532 291.159768 294.895125 290.991602 275.31657 252.945784 233.427094
216.065522 199.447483333 183.46947 171.080468 165.207758333 166.448678 174.662666 181.544374 186.053153333 192.774194
208.111596667 228.888344 234.246071667 224.854458 208.054185 195.690302 186.152886667 181.707736 180.955006667 183.883204
190.535447143 216.13187 259.581958571 303.561131667 331.145908571 334.139963333 334.402667143 334.3437 336.170108571 338.679555
326.44349 309.095815714 279.12495 251.501628333 206.257635714 154.988666667 133.154186667 118.293695 100.22763 124.581885
153.397258 183.080218333 212.558054 230.179315 232.314918 231.546112 231.472411667 233.795136 239.933603333 243.73855
244.60826 240.96612 238.287616667 230.443325714 193.70277 154.073015714 121.692861429 112.747046667 106.259052857 89.7214285714
