225.628045 224.765154 218.910201667 216.028374 218.130465 231.044046 259.779048333 289.841546 311.793871667 308.727368
287.307343333 285.279494 276.53543 232.296048 194.300358333 184.001688 186.062263333 195.38524 211.620646667 218.556704
220.630536667 234.203483333 233.76043 220.959208333 202.967956667 190.305153333 185.952601667 184.278227143 185.007128333 189.312873333
202.4388875 223.49984 243.299561429 263.099285 284.4220575 308.44437375 328.23144625 330.817618571 340.85971 341.12219875
326.383228333 309.919478333 288.088995 266.077556667 244.066136667 222.08838 204.910973333 191.827685 188.75 189.762708333
204.453711667 208.265798333 200.380588333 189.385503333 176.500168571 154.698775 138.241553333 136.931383333 146.691416667 164.178025
195.718831818 236.930486 268.321175455 296.236964 297.931217273 299.060255 298.284307273 302.316752 313.689177273 374.701844
311.146 311.146 311.146 311.146 311.146 311.146 311.146 307.094348333 290.818854 270.787884
246.501108 227.748434 221.669362 221.796998 221.846605 217.205334 206.424204 196.40316 192.442942 201.495346
219.40860125 231.686475 243.043357143 252.6509275 251.612485 248.88889 250.88359625 251.967695714 253.9899325 257.1793875
256.168864 268.65506 292.115422 294.437756 284.890124 271.3615425 254.671084 229.876742 205.317268 187.100964
173.411688571 164.749601429 161.928895714 147.704068571 138.897135714 135.685107143 135.907447143 137.60981 139.744025714 150.086858571
177.879765714 207.610327143 235.72588 263.658717143 283.937062857 297.974722857 311.028848571 318.449326667 323.173084286 320.805237143
317.907467143 328.347198333 342.767312857 353.835001667 347.993431429 313.16482 263.90288 230.442826667 192.082051429 164.300776667
157.91646 166.281954286 187.7032675 209.748721429 231.06811625 239.0274375 221.349692857 199.20864625 182.402051429 159.5364375
148.43051 150.028762 157.7525075 165.7306375 169.96251 169.184895 163.98209 155.5892475 139.450138 110.387545
102.386 104.17417 112.177226667 122.9224575 129.32405 131.35489 132.54326 133.935423333 137.00687 154.790513333
192.207128333 213.786594 227.964508333 242.233071667 247.226403333 243.063852 218.49274 185.913276667 152.833548 140.243938333
145.8146275 158.82264125 172.0970475 183.4331125 171.842444444 120.31077625 76.63426875 91.33224625 94.52271875 104.47387375
