262.87201 262.87201 256.712305556 241.892075556 233.073796667 232.04921 234.041064444 239.912486667 244.91501625 243.341494444
226.99498875 218.659202857 211.04705375 201.978337143 184.62172375 183.6184775 193.48284 211.139565 231.676598571 238.0586475
225.475653333 197.219973333 172.622853333 157.761726667 155.648055714 162.025956667 169.456826667 177.101 187.148898333 194.220331667
197.531045714 212.012764286 241.9613425 272.242671429 296.128707143 305.337122857 307.719387143 310.0103175 316.998144286 321.538198571
324.781294 334.614314 345.85346 352.981702 353.701092 347.495442 327.899558 306.0495525 282.991626 245.549472
204.37525 195.0 191.038755 186.757203333 180.306893333 171.884993333 166.798996667 164.885835 164.57001 164.767843333
168.958062 177.6205275 180.338702 178.2535 174.48504 171.081676 166.1933275 158.882002 151.7017675 144.341964
134.29532 134.61539 133.330404444 130.4557725 129.260418889 130.41877875 137.7478 146.800325 168.65075 196.2794725
203.304196 213.413202 224.824408 234.191112 236.03694 228.7387575 209.62559 193.19192 178.059336 165.794716
160.60345 158.692308 156.796422 153.019802 151.379204 151.487686 153.109494 156.860198 162.774106 168.706132
188.447485 217.526834286 262.871316667 308.813168571 332.024555 330.531245 314.465942857 283.595918333 253.080125714 231.601608333
227.539021667 227.794408 225.982185 213.021856 192.308945 173.956706 155.442136667 147.671124 150.046993333 160.184658
164.243333333 163.327038333 161.88227 160.433471667 158.984678333 157.398642 155.226156667 155.511693333 161.620545 176.40708
193.4929275 208.748325 236.92696 243.86933 241.683155 233.8246225 222.72774 207.229786 189.8057225 177.0662125
170.355505 170.086952 169.6728425 160.5828775 148.673822 147.44286 148.2195025 149.8464425 152.888422 155.75415
168.434678571 184.538195 206.725361429 228.12628 251.31060125 271.74370875 281.783331429 282.680677143 286.51025 279.0304
254.280045 239.74414875 222.977305 188.98193625 157.65119125 107.25548125 66.969265 67.634995 99.9090275 187.60544625
