238.1862425 239.464388571 238.5753525 237.82113625 238.151395 238.496022857 241.55996875 247.9746275 254.827091429 258.62704375
275.478065714 306.455845 335.948174286 348.10895 345.703034286 325.401343333 283.464432857 242.081318333 216.852051429 206.47
207.393114286 227.597134286 250.985061667 275.086647143 300.628804286 305.30768 306.472608571 307.145 308.147738571 308.001432857
308.067694 314.115606 325.68972 333.257074 332.177434 329.473285 329.37601 326.026482 302.594382 286.151702
274.734504286 258.185086667 221.898712857 181.475625 152.088748571 136.320871429 127.190891667 118.461441429 127.566393333 151.989692857
173.496985 203.964956667 236.141266667 267.728426667 284.096313333 285.036961667 287.006636667 295.232738333 300.83695 306.059255
314.337532 317.545436667 320.307534 320.256458 316.344981667 312.758338 311.219294 309.873528 310.1073 313.101142
318.312295 319.017339 320.374465 291.50116 245.123331 188.591883333 149.266444 132.221693 126.703076 147.836493
188.137263333 194.11879 199.911024444 205.75193375 211.54958 211.707633333 179.20743625 148.822116667 133.13675875 132.265012222
129.363518333 136.036624 146.036085 149.650424 149.012505 148.840856 150.847766667 155.312938 166.427646667 178.723638
192.925422857 215.8720925 240.215178571 263.144465714 283.72793125 284.96314125 279.877752857 275.812328571 278.2645175 274.735648571
247.459381429 268.66423 288.771101429 282.1045975 278.093692857 278.063315714 278.28225375 276.395157143 274.8475325 273.878472857
332.53416 348.970302857 369.209308333 376.497828571 364.017757143 331.332964286 282.522644286 236.459323333 208.616938571 197.30406
205.803195714 209.360528333 208.189871429 187.536238333 176.210767143 174.180897143 172.582376667 178.514714286 196.889275 218.0621
239.866615 263.319374 287.25446 313.472453333 327.977881667 328.343914 317.733905 289.25618 258.619256 213.583081667
192.572724444 181.913912 170.555981111 161.771843 153.473578889 148.722511111 151.502865 158.017477778 187.201619 219.354874444
175.116918333 178.630727143 180.031903333 173.245178571 168.982075 167.4573 172.531872857 185.568416667 202.898675714 224.6543
232.140656667 227.748934444 221.499492222 215.25006 209.000625556 202.719448889 181.201984444 153.41753 127.609661111 123.631233333
280.59800875 280.59802 280.59802 279.93179875 258.438817778 221.57380875 174.08469125 149.1022725 148.74462875 159.61832
173.544225 173.150457143 171.691673333 170.348045 168.911655714 167.542645 163.417915 163.302693333 177.260628571 203.63902
234.669188889 238.0577175 198.187743333 142.74745 125.948323333 128.19267 136.888827778 156.12752 186.9509025 217.671815556
