328.09698 328.09698 328.09698 327.999385 323.707724 314.8591075 313.867918 315.6918175 317.523298 313.6248025
302.88158375 288.67821 270.992095 240.51528375 212.21344125 193.641592857 182.84772 177.44951625 185.834347143 201.887375
212.695461667 217.122508333 220.417511667 223.703345 225.7724 221.37876 205.816698333 206.655075 232.911708333 269.216603333
275.43444 271.748336667 266.208862 260.624786667 255.435562 247.535374 217.079695 177.664264 161.768808333 152.34405
154.161605714 176.82376 204.160358571 231.496956667 258.383128571 273.45401 275.595955 281.075798571 284.406046667 284.506588571
279.712035714 270.64676 261.294008571 251.941266667 242.588518571 215.581452857 183.645693333 156.950392857 148.579266667 150.367745714
173.420145714 198.787625714 226.310305714 244.794395714 246.276971429 245.547391667 247.267401429 248.814305714 249.946074286 254.76449
256.8418 258.9091175 274.147865 292.9406975 311.7335275 327.93972375 329.95928875 328.4423 335.504305 332.86937375
329.75299 328.6168975 317.411256 285.03319 248.14718 217.6989025 193.269686 174.953552 169.4603875 170.73637
185.20065 212.429773333 208.716165714 195.244681667 183.625704286 177.40852 172.276488333 171.233767143 180.813665 190.900632857
202.444356667 239.490781111 287.348508 316.25254 299.083164444 292.823634444 289.477877778 286.72069 287.64661 282.64873
301.526512 316.3186425 324.171594 328.234742 323.478316 309.5844675 287.963342 262.013388 242.3629025 221.150806
193.311181429 175.0770825 167.126261429 156.40262 151.53292 156.38363875 163.538012857 175.307265714 192.86056 207.379531429
218.391343333 249.310371667 290.096577143 310.141366667 309.250065 307.361743333 307.997541667 314.336825714 320.378586667 318.381516667
306.237466667 295.600618 285.343306667 275.086012 264.82871 253.431711667 240.281428 208.811135 184.88049 175.281755
175.134036 176.965664 171.346421667 155.549178 151.507916 151.411872 154.930634 156.497018333 160.014348 171.842316
193.844105714 207.205683333 221.636217143 237.992408571 254.34859 269.341766667 283.893427143 290.831181429 290.018398333 288.951744286
283.938268333 270.676348 250.055585 215.438068333 171.960106667 149.483352 146.58818 150.377853333 162.76234 183.433355
210.32751 225.222575 235.157964 235.488312 221.676743333 199.39446 171.624434 148.638792 136.519673333 133.157036
135.21594 142.796721111 150.949114 152.042021111 132.081855 131.078387778 132.682698 137.746825556 149.324794 181.015595556
