260.26801 260.26801 260.26801 259.87669 234.478 210.06219 208.571905 216.494823333 236.408245 251.76723
264.054656667 287.124952 316.411575 345.589714 363.505175 363.059948 356.20993 352.85158 350.408916667 331.595484
309.94406 309.81313 314.803833333 318.9408 319.7305475 317.846066667 312.646556667 306.753256667 299.5751975 290.387013333
286.480926 288.693306 294.719768333 301.014496 306.609838 311.202678 311.658504 297.909628333 271.840008 244.865002
231.21817 229.36349625 227.58899 226.22401125 221.28852625 198.51925125 182.42500125 178.854567143 183.317105 187.4732425
185.757716667 187.01767 190.848991667 194.680292857 196.088856667 185.482951667 174.436481429 185.752686667 204.963565714 214.275006667
217.16964 227.362554286 245.381113333 263.63676 286.810475 306.165515 308.356907143 309.943903333 313.71732 317.091761667
323.716112857 329.333667143 318.644858571 294.29614 259.296077143 213.830161429 161.894808571 97.6232057143 62.0884514286 58.8548
356.349 356.349 353.669955 344.163515 343.632335 344.11136 343.61505 344.314683333 345.767466667 341.18836
341.918494 356.308178333 362.963516 352.10788 332.064668333 303.533736 275.130144 252.143178 227.632118333 207.318824
199.39871 193.80228 183.9171925 175.7090825 167.7757525 159.78288 157.537545 158.288315 160.682875 163.32438
172.22429 184.74465875 197.26503 209.69354625 214.453286667 180.47833 132.763473333 97.480035 76.0546488889 122.36461125
166.289322 173.97281 178.029636 179.6690575 178.727862 177.086838 176.907 176.697862 173.75223 169.750518
164.397996 162.229236 161.07352 171.491168 182.879715 183.645966 184.120234 185.634238 189.805942 200.176988
212.00794 239.152526 285.3032525 311.289526 312.806568 309.675488 298.883466 284.379685 262.945952 237.653898
206.605094286 179.137451667 167.318357143 153.766171429 143.588201429 143.951571667 151.089155714 168.841728571 201.392448333 217.214292857
212.285435455 200.949201818 191.155518 172.18033 139.136688182 128.368269091 128.636064545 135.89947 148.692349091 178.572152727
