355.497146 371.978 371.912186 369.454126667 365.691124 355.496186 337.25444 313.874046 289.016768333 256.213926
228.494765714 241.503597143 239.52626625 224.841692857 212.195644286 197.61678 186.658962857 182.39473875 184.346612857 191.228644286
201.51985375 206.4121875 216.051423333 225.93204375 235.0716225 235.8476725 209.95204375 185.70675 164.87003375 150.523745
142.203348889 146.296432222 165.98548875 191.499535556 251.373903333 285.150931111 295.983812222 298.77817875 299.940847778 294.528065556
275.364757143 290.247672857 310.549072857 330.850471429 346.45967375 341.133025714 313.519047143 274.356494286 232.254941429 210.443064286
209.575976667 245.593434444 264.90379 246.48838 219.996065556 190.65027375 165.006052222 150.77867 134.105528889 112.655104444
107.39905625 118.063424286 173.8217475 259.987342857 320.36416125 329.96312375 332.335772857 334.1301975 338.690652857 336.8163175
323.034668333 325.11271 330.431728333 334.899227143 333.168628333 318.518066667 284.026192857 243.648456667 214.841922857 193.426856667
189.838136667 199.161106667 227.036915 268.945833333 276.546947143 269.332346667 248.593303333 214.236823333 187.656281667 179.04602
195.569065 225.945335 253.951071111 276.82092 276.202358 270.212597 270.69348 273.648185556 272.630779 276.157707
278.824782222 268.50392875 257.25454 245.255187778 232.055528889 214.18317875 184.846701111 158.629708889 154.19248125 159.292984444
164.616711429 174.639501667 223.466577143 280.665576667 297.322884286 307.39203 311.574721667 316.268134286 324.386658333 325.578991429
311.21873 292.694335 272.913247143 253.132146667 233.351062857 212.633504286 197.35578 178.521064286 163.825018333 148.618441429
138.118034 148.096133333 159.584648 199.254192 255.960777 274.638188889 278.778699 282.239809 286.779505556 269.875705
256.05654 250.122774286 242.897228571 235.512082857 215.210988571 193.370122857 170.093312857 148.647451429 154.083114286 157.111715714
221.148002 221.14801 221.14801 221.14801 221.119203333 219.849974 217.72667 216.701302 215.622696 213.045314
210.364624286 204.345237143 198.325848333 192.30647 183.447191429 157.34462 147.177718571 157.425878333 164.001405714 186.644457143
204.295515 231.923641429 264.12802125 295.978494286 310.13203625 293.189268571 258.03743125 219.76643 210.90432625 218.559828571
