246.431 246.431 246.431 246.228226667 234.056495 219.279946667 212.005083333 206.523682857 204.226546667 204.504343333
205.815068 202.784653333 201.640146 203.522173333 206.534422 210.694086 225.563763333 251.810786 281.73815 291.369116
282.7941675 265.49599875 248.04199875 230.497325 209.7858925 184.548558571 165.85860625 153.74402375 154.891995 159.92568125
175.125638333 190.010438333 194.079798333 195.866958333 195.817365 196.374956667 200.142476667 213.012726667 230.546238333 237.515095
245.243386 264.690144 287.629201818 309.207471 307.535749 304.06087 305.472745 307.132356364 301.267317 323.805767
308.49966125 290.536664286 273.68625 256.835827143 239.98541625 221.1459775 184.902004286 145.12999375 125.089568571 124.83455
140.536906 173.344699 208.923639091 236.349159 234.689532 230.339791 229.265303 229.910769091 231.643262 219.522976
202.57352625 206.041302857 211.382085 216.732665714 221.92034 217.43566875 197.873752857 193.68588375 194.922497143 206.15105625
219.922026667 239.678683 254.729722222 263.61282 264.193443 259.470547778 258.042377778 257.996177778 255.634267 246.858107778
257.124335 278.213073333 297.02957625 290.998074444 292.87023375 314.8363125 324.431446667 326.29461375 333.738413333 334.9724875
309.950964286 284.58026 258.381518571 229.801072857 201.422762857 184.14806 174.242234286 170.140864286 181.583908333 191.89288
195.266163333 195.779586667 196.214525714 196.650568333 196.99963 192.683008333 177.431361667 170.599811429 178.837693333 191.165078333
195.26143375 211.10505375 237.759877778 260.42800625 264.50920875 262.420945 260.6914025 261.814566667 264.9613325 264.63001875
203.164 203.164 203.164 203.132613333 201.095152857 198.071321667 194.413615 192.47014 195.106015 207.335605
216.105871429 233.800531429 264.127508571 294.754507143 317.621355714 317.77146 315.026684286 319.853101429 325.322604286 319.229482857
250.153046667 182.68366 207.418466667 278.435663333 313.283098333 304.491566 274.289571667 233.923123333 194.838386 177.192451667
188.6743 202.773793333 200.624402 193.011436667 184.201756 173.769952 155.46907 126.280722 141.016673333 176.90151
73.098608 93.66028 141.64637 157.3345025 158.895794 158.596202 158.10057 157.941574 158.703 163.784002
192.61593 211.989762857 214.758507143 199.319005714 169.468422857 123.614771429 95.20564 83.3824428571 90.9603085714 96.12373
