271.72802625 271.72803 271.72803 271.72803 268.534475 256.064731429 231.52967625 211.58100625 200.32997875 197.63123125
205.321897143 222.205437143 234.436512857 251.751997143 286.709534286 314.241587143 328.055967143 331.156354286 331.958884286 329.378171429
317.37674 306.8244925 297.092512 286.367435 267.709255 238.48861 210.6371425 186.683254 175.9819275 177.462905
199.14819 202.735379 200.350435556 197.353828889 178.759947 170.855867778 170.074924444 173.461838889 194.876486 233.172434444
235.41275 229.272898333 223.600748 217.928593333 211.073201667 196.630761667 183.33847 182.990042 190.738993333 206.91657
218.69516 238.29295 279.913495714 309.202026667 308.335775714 292.78687 263.159774286 236.915163333 218.907965714 206.78044
222.319073333 271.6568025 291.968621111 294.3664825 301.434825556 303.96845875 300.877241111 300.35803125 307.648902222 311.44324875
316.586017143 316.58603 316.58603 313.75823 275.066657143 237.515863333 214.464355714 185.946796667 174.728047143 188.47385
208.884908 217.697646 219.909302 222.120962 224.277328 225.3693275 223.552554 216.873582 214.371934 216.222078
222.955445 237.434912 254.05856 253.433595 239.891025 221.657716 200.559391667 180.88121 170.03328 186.830881667
210.316622 215.23727 218.296898 211.425104 189.989836667 180.744352 174.03394 167.263938 161.708418 155.70922
149.915818 147.661698 145.130518 142.379916 138.454536 136.53263 136.01878 138.064686 144.088518 151.858868
189.349911111 203.903255 201.404583333 198.570053333 195.794583333 193.31334125 177.671133333 172.12644 193.4165225 247.056028889
261.904681667 255.561677143 246.250925 237.768246667 228.53828 220.518931667 209.761928333 186.384556667 169.629784286 168.76392
183.4125525 187.05175 184.523055 179.52441 176.040085 173.069863333 168.837875 163.815235 161.462456667 161.813055
162.864765 162.123495 160.97649125 159.82949625 158.36297875 152.022927143 150.68865 165.8855375 201.40817875 230.86798
229.144848571 221.22300625 213.213155714 205.08969125 180.707465714 133.399101429 137.17363375 140.86301 140.86301 140.86301
