232.746 232.746 232.746 232.86211 237.943175 259.417296 284.010625 318.840555 346.218588333 355.23779
361.330926 367.35776 369.846154 360.1433475 347.193774 348.923846 355.680435 360.305322 361.49069 350.336804
317.439282857 288.5564275 261.191808571 239.790447143 208.7986475 172.75775625 154.638375714 144.360952857 146.5040825 169.602412857
188.288331429 187.616073333 185.021125714 182.386261667 179.751398571 176.428698333 170.384714286 171.35556 180.470135714 200.992653333
223.1611 230.827546 248.53267 279.574055 309.569525 321.689458 321.972631667 318.834545 317.64956 318.746785
312.983171111 304.10510625 302.586154444 300.98159 283.282476667 238.21257375 219.146321111 213.169035556 215.87773375 218.258856667
242.978951429 276.040193333 303.643911429 320.604653333 328.433074286 334.304833333 339.248031429 346.906818333 340.867817143 324.28221
311.641098333 292.385 269.089652857 235.094161667 195.725875 177.60823 186.540513333 217.622024286 249.896533333 251.539798333
239.841843333 236.14898 232.717192857 228.894418333 202.423003333 161.09718 137.717748333 131.209404286 131.726601667 144.925853333
178.54241 206.371505 236.319014286 264.5369 281.756294286 276.864537143 259.628981667 245.795921429 244.268735 248.137001429
247.58223 242.4466725 233.2748 223.894813333 209.5951525 194.336003333 182.34439 172.792693333 166.647725 163.404666667
160.01475 150.069466 140.5123575 136.5293325 134.010672 132.070115 132.2618325 137.39144 143.97331 150.2313375
174.8821 201.86512 202.383865556 183.308679 150.257838889 136.026694444 133.541427 137.080086667 149.848177 184.209871111
217.243006667 217.24301 217.24301 217.24301 217.24301 216.226105 199.210367143 190.268135 197.391228571 206.351883333
209.110154286 209.040988571 208.661205 208.262548571 208.01592 205.756338571 199.600151429 197.82363 199.525262857 209.886211429
221.351438 246.077035 280.86175 311.930666 338.469283333 344.862906 342.372912 328.696114 296.397018333 247.927544
208.974593333 205.919254286 204.909816667 184.726278333 159.014842857 141.561455 131.859376667 129.979783333 138.088111429 159.24775
180.944312 205.830758 238.346882 269.865828 287.821111667 295.157454 301.958234 307.329646 311.67886 314.484758
315.439024286 306.95506 285.53836 252.460122857 192.207244286 143.451988571 128.582777143 119.090742857 113.299005714 118.870991429
127.629725 135.620478333 143.611235 151.601981667 159.592726667 166.784402 173.073371667 179.426216667 190.226511667 200.665428333
199.941086667 197.096991429 194.521635 192.159315 183.870907143 133.650521667 83.3087483333 68.8703866667 65.3354028571 66.4365216667
125.700028 167.359924 188.100556 204.615524 204.58259 193.890424 171.63673 138.073204 115.410434 109.17417
