401.40302 401.40302 401.40302 401.40302 401.40302 401.376788571 398.990918333 382.38153 350.8474 336.215135714
340.578192 338.109938 326.983532 317.607674 304.550496667 284.679594 263.921862 247.346924 238.782754 229.90949
223.228396667 223.097441667 223.248625 223.384003333 220.6417 203.348031667 197.190335 202.766428333 221.642148333 235.894886667
240.534523333 246.353058333 256.199786667 258.859026667 241.251266667 201.629835 172.175266667 154.07728 143.268946667 135.587136667
132.595538571 130.9161 133.803882857 143.031921429 149.9584 154.722916667 161.45256 168.360805714 174.33993 177.574145714
189.258918571 238.188363333 280.708835714 274.834105714 241.456598571 224.23412 227.377564286 251.203912857 282.56378 283.617134286
273.98438 264.269748571 254.555118333 245.542832857 237.150341667 214.289256667 169.271232857 147.350778333 143.901635714 150.74182
165.6571375 187.64338625 207.861748571 228.0801025 244.55684875 244.5543625 241.79564 241.798324286 244.11427 249.07919875
266.362591667 299.417411667 295.710981429 281.151893333 280.989303333 299.597428333 322.453211667 333.83414 338.106738333 342.018981667
349.781624286 355.800455714 354.03756 341.085087143 326.164122857 296.697291429 255.768078571 211.50097375 194.87647 195.399771429
203.443476667 226.106607143 255.252401667 281.751698333 300.783958571 297.268275 277.40562 254.653378333 228.227914286 202.466295
182.273114 178.911186 179.072678333 179.245822 179.349918 181.173156 186.27477 189.708798333 197.74568 203.992032
206.481907143 218.547362857 243.9829225 270.116268571 294.239367143 318.201138571 332.990652857 336.87116 340.805445714 342.248644286
339.961232 336.3347475 334.535302 326.07607 307.488904 285.180036 268.561705 249.648544 226.803075 203.959498
190.4803525 187.777883333 183.9723125 175.843236667 166.12556 156.258045 148.37092 143.251165 141.70913 146.89723
170.225571429 203.506274286 239.941542857 273.336905714 282.6382525 281.927088571 279.319884286 282.397328571 291.979922857 297.561414286
304.461131429 311.117744286 297.59024 257.85493 205.09504 131.756972857 80.53917 78.6661316667 84.8338128571 85.9648514286
