222.341 222.41536 224.230542857 223.652628571 214.327267143 210.331593333 209.755761429 211.124157143 206.697501667 207.026658571
229.036233333 253.955494 278.878743333 303.801996 329.008083333 357.983138 372.77435 362.760132 342.709111667 320.518446
296.572678571 288.712035 297.49387 308.464213333 319.510767143 332.947403333 340.141444286 337.215003333 333.470218571 323.1604
312.5353575 305.9216 294.6317675 274.15404 249.27188 219.6922325 200.665946667 191.35941 189.313 189.67256
192.27465 199.00995 211.853495 225.33984 240.174798571 255.009766667 268.212291667 277.427373333 278.866018333 268.565861667
263.25014 267.36292125 266.908155714 243.525177143 203.816075 176.015095 143.55492 106.815101429 83.33768375 81.6595
219.05701 219.05701 219.05701 219.05701 218.660535 205.706236 194.297838 198.061964 211.528934 230.862448
244.134707143 253.546505 249.734744286 214.45334125 176.382312857 158.99709 156.57878375 151.728485714 152.28354625 174.698915714
198.093343333 222.642006 255.141116667 293.0781 312.995868333 309.344118 293.328053333 274.772266 259.823455 243.970352
220.905042 224.554886 243.747625 264.979676 273.604964 270.214812 258.043854 246.0184225 237.08339 229.895054
222.200966 219.41391 221.8585 227.254126 227.499334 222.252006 211.245834 201.486511667 196.666136 196.834154
207.4324325 229.1932575 251.28959625 264.49995125 263.155637778 262.24937625 263.08771625 264.79374125 266.86716875 270.23476625
370.772005 370.772 370.675056667 361.473935 349.826696667 338.3752 315.150588333 280.578816667 252.418058 239.513506667
242.449854 253.681812 267.404103333 281.126416 293.324012 304.55599 308.4635 302.720445 284.756328 262.34229
239.59281 219.81795 203.066295 181.960034 159.892888 155.09314 160.975062 175.524685 195.304428 206.516136
208.1869 203.584931667 196.507571667 189.410506667 181.60372 173.767338333 164.1419 152.463013333 152.59306 170.547683333
199.566031111 205.842576667 191.91254125 177.776837778 161.593181111 131.2466 114.937421111 110.52796375 135.145078889 224.574085556
