242.002005 241.828362 236.1460525 229.525934 228.528495 230.293775 239.89245 253.640875 271.589696 285.428335
285.731858333 274.968688 265.660746667 252.867328 227.194788333 211.102013333 205.349898 204.889978333 208.816082 218.20394
241.677468571 273.443151667 303.896501429 331.515028571 362.024681429 366.866193333 357.875588571 329.279348571 291.199213333 243.136804286
204.68779 198.792 198.620125 199.98388 200.183272 198.6605875 197.0949625 194.677485 192.38353 192.9301775
204.141341667 223.687983333 222.181095 196.436641667 160.703828333 143.73717 140.302218333 140.253976667 142.730503333 151.512083333
183.286767143 198.38007 200.355964286 194.583844286 185.042301429 177.312541667 167.612854286 165.175184286 169.19546 182.945394286
189.193078571 186.851151667 188.178338571 190.193673333 192.213375714 194.233075 197.328182857 207.863435 226.118582857 250.645936667
282.274194 314.958416 325.7112 324.785884 313.880468 297.14101 277.4633 258.9952825 239.027772 216.557692
205.68900125 205.689 205.689 205.28194 193.2845375 173.287917143 167.6817125 189.1359275 214.849425 238.1876875
256.480457778 284.72750375 307.819763333 303.65338625 278.382105556 234.99683 198.10739 171.20689 171.428648889 194.02969375
178.454166667 179.02166 184.302735 190.669001667 187.643715714 187.438238333 203.628933333 224.86902 244.968735 252.882831667
260.611911667 282.715191429 308.81344 326.145632857 327.705483333 324.919236667 324.298895714 324.697808333 325.790304286 328.055588333
324.964665 305.676091667 280.314123333 248.499933333 211.791555 185.469643333 169.09941 163.025056667 165.594568333 177.82456
191.838783333 218.97484625 261.172124444 283.505585 281.589911111 277.91232875 279.950285556 284.87831375 297.132025556 305.65787
