264.328 264.328 264.328 264.328 256.553531429 244.89474 257.447881667 283.465225 312.664037143 345.69167
350.185072857 331.08844 314.156335714 298.564351429 251.9285125 201.451805 167.930455714 151.931131429 152.558435 166.232377143
182.809668333 203.902332 226.500071667 249.097804 271.664961667 289.373016 291.317895 281.32188 264.603973333 251.369942
242.026802 239.746894 246.8618 259.623248 263.893154 253.073652 228.123768 215.571314 206.36272 198.025902
190.9271825 183.343316 175.7116875 171.113714 170.513695 172.7420325 179.696882 184.502755 187.544366 191.6498775
197.10888 208.226823333 216.375855714 211.065403333 198.83869 188.554892857 184.282183333 183.505632857 187.809928333 199.89903
210.63195 227.641174286 255.815525714 284.667065714 313.682032857 343.964754286 344.565624286 313.98648 276.10458 250.130908571
243.574668333 247.272194 260.25946 274.229822 287.941473333 295.670076667 292.165074 273.954008333 247.585558 221.375845
193.223143333 186.9878375 184.50212 182.14332 174.9550925 166.070836667 162.285773333 160.786493333 160.3053925 160.96141
171.174335714 188.535128333 210.114814286 233.721351429 255.313835714 260.364345 241.422825714 202.293788571 167.182138333 156.823238571
180.92550875 220.929454444 258.87816 273.936435 281.231388889 287.0131825 287.3906625 289.618495 293.25488 310.08849625
