267.478 267.478 267.478 267.478 267.478 268.7965175 281.40091 304.4965975 325.12269 334.6005175
334.579126 330.61703 318.665618 295.686438 263.101488 231.4103375 201.570792 181.767566 176.8877825 182.132638
199.455286667 218.089208 236.723118333 257.427486667 275.156685 278.77442 269.593288333 242.730466667 228.744734 224.879323333
224.201593333 229.374533333 239.60284 250.004505 264.768905 273.567903333 268.829558333 267.299935 267.294403333 266.308111667
263.26314 265.96276 270.840511429 276.164545714 279.438235714 275.881601667 272.611062857 272.056321429 275.109156667 278.091351429
271.0649 272.751225714 283.323258333 293.920511667 305.577492857 317.234481667 327.980041667 337.592686667 340.086178571 325.65377
297.564233333 276.370631667 255.48438 234.548203333 214.286038571 185.974013333 177.15421 183.73867 201.264586667 205.240255
205.953738 220.758584 245.928 271.3069 288.412282 293.630124 299.03564 303.89991 307.786962 310.678544
311.210932 308.216442 307.863146 310.4751 310.780706 303.07274 283.013526 254.668736 223.161884 191.97297
166.3347225 159.168243333 154.0026025 150.26363 145.5957525 143.634216667 143.7162875 146.531585 152.168656667 159.038395
162.62458 166.4297125 170.748066667 174.80852875 172.534515 147.358375 136.77906375 156.658302222 172.95022125 191.21955875
207.80321 242.33705 268.48836 264.092057143 233.534707143 198.412305714 154.501605714 104.60627125 91.8483871429 91.6698071429
230.589005 230.58902 230.58902 230.115506667 224.7089075 214.54888 211.823396667 211.0791775 209.61057 208.2859475
205.955356 206.144236667 207.401432 208.677115 208.873742 198.555452 178.0779 167.95819 165.10042 161.779388
174.776578571 174.78601 174.78601 174.76400875 170.729561429 160.690631429 156.6166025 156.164017143 163.73507875 177.347165714
189.071451667 218.547844286 262.870098333 291.228977143 298.174091667 302.032711667 304.857648571 307.342423333 307.988097143 302.937093333
298.913274 303.44876 307.133362 308.5503375 310.369052 311.853574 311.9187075 311.22901 310.574585 310.212848
310.326194286 301.623717143 259.5671475 208.617878571 161.458391429 118.065255714 106.054798571 121.96197125 120.811937143 129.490264286
148.665016 162.41704 181.70384 190.530566 185.914628 170.488872 150.592632 131.221586667 113.484684 107.13529
107.8231 115.5163475 122.853435 124.901665 123.2387775 121.8870675 117.863665 108.1828975 104.1747325 103.4651075
