263.017 263.73854 269.049926 270.816528 265.75113 252.594825 236.667526 223.640352 215.067265 199.23992
193.505383333 215.731184 252.796445 258.936998 259.642953333 259.131 259.278802 263.861796667 270.189192 270.967243333
274.021198333 297.145322857 325.44317 339.36596 343.546812857 346.263848333 349.543796667 354.9839 358.144705714 348.345353333
330.671587778 306.589072 277.561007778 238.114771 182.254568889 156.610571111 146.880541 145.576614444 136.733886 134.019
308.776 308.776 305.67939 291.649878889 269.263462 235.091511111 215.05465 208.161824444 206.560861 212.868887778
216.683451429 235.892805714 266.055564286 296.278294286 322.128532857 333.249753333 339.172224286 343.329965714 333.626014286 314.720537143
307.976196667 302.54785 297.136268333 292.634706 288.927335 277.702684 255.891053333 236.017832 217.89917 203.50084
212.29906 231.548132 251.894393333 274.501338333 293.734835 305.239646 310.718358333 313.852996667 318.731162 317.582338333
315.057526667 313.969164286 312.880793333 311.978538571 313.963816667 320.830266667 323.022914286 326.235646667 328.669702857 315.947276667
283.31722 273.199505714 235.114117143 204.801685714 177.01993625 157.276145714 155.141714286 159.180747143 190.042541429 216.410898571
146.19647 160.990918333 182.118311429 177.721891429 169.946375714 168.248605 172.208278571 205.10514 236.34591 248.392895714
232.59223 228.28235 225.52991 222.77745 220.02499 217.27255 213.642592 193.058298 160.576002 138.646862
131.820837143 132.305641429 129.40917 128.207694286 131.695631429 133.353214286 126.658952857 115.97284 105.261515714 97.2732814286
