288.63122 308.700165 311.765224 311.99457 303.821492 285.870265 263.165614 242.79041 227.032122 214.2086875
206.866446667 212.019252857 231.854635 251.737355 272.41424 280.762075 280.819478333 281.032461667 282.855402857 284.001296667
287.182703333 295.55444 305.60588 315.126815 318.495081429 317.232681667 315.166173333 313.779403333 313.661255 312.108886667
308.974432857 306.080155714 302.977041429 300.325878571 298.353195 277.139628571 234.392885714 197.954685714 178.933131429 174.914441429
182.973236 188.4149 187.97669 186.595164 184.807892 175.898185 161.74557 147.964912 138.5121025 139.994046
156.711018 175.249272 193.796296667 205.063988 216.398882 219.12338 205.514616 187.728405 179.034152 173.494682
179.119915 189.716536 188.50425 175.240506 149.450358333 128.19943 108.831783333 68.0636 66.2574 78.748928
90.2752642857 134.411058333 183.582284286 178.986635714 165.959754286 151.443541667 133.769001429 130.61113 123.036213333 86.9013371429
106.419548571 142.061605714 177.78092 213.500238571 252.19617625 290.993674286 322.944235714 323.86482 299.981535714 253.218237143
193.41057 186.05581 178.227298 168.472846 158.04112 148.993005 147.901916 154.303328 159.462236 160.776734
163.883656667 177.764373333 194.95171 222.593711667 238.292181667 240.43748 238.232863333 236.648426667 237.524821667 236.224776667
231.180213333 219.195798333 194.066015 163.447733333 119.864848571 101.670153333 99.3067733333 100.133201667 95.6070933333 74.5811633333
73.5545616667 98.1334283333 115.931538333 117.102 116.431287143 110.823445 99.1420866667 86.4311133333 125.731641667 201.780026667
