336.991 336.991 337.204276667 338.171015 341.790285 348.123185 356.05162 361.067716667 362.500905 362.099785
359.05712 351.860295 336.691796 312.9594725 286.906685 259.208465 231.90459 208.01999 195.7753975 190.0460475
192.28476 210.415998889 232.277309 252.421886 250.852882 248.756534444 249.328702 252.74806 250.819674444 228.607024
285.17718 299.548388 309.64477 340.676304 356.786938 359.275698 359.645644 358.225661667 355.24165 341.055294
303.62115 281.432115 254.628847143 210.931728333 176.044191667 163.478368333 164.443623333 176.227125714 197.912776667 222.113898333
233.123888571 247.89475 264.413995714 280.93324 300.216621429 315.133988333 314.484782857 314.316706667 317.895725714 321.184381667
323.935486 327.50386 330.568962 331.3350425 322.657128 299.875742 277.7046225 252.973522 240.3512425 232.519388
229.742203333 225.93753 223.31322 222.641953333 221.672866667 217.74103 212.216286667 209.51389 207.343266667 202.250996667
197.8926 218.160425714 264.822756667 311.78267 338.06957 339.29262 319.925244286 282.032873333 240.348367143 209.99783
191.95390875 186.81343125 177.4266825 167.4504275 161.5118075 151.67605 128.072555 100.1590925 83.6823725 83.49505625
260.066031429 260.06604 259.535941429 245.881838571 218.37198625 209.058667143 203.712202857 199.85397 197.576904286 196.756957143
195.750764286 205.024007143 217.468001429 229.887311429 236.921652857 225.864423333 220.367681429 245.662464286 290.659565714 301.836688571
285.720846667 284.96508 283.263456667 249.881613333 189.685258571 161.334935 146.937641667 131.706145 81.1173666667 73.60425
87.3158316667 105.010855 128.005906667 151.663678333 175.321451667 194.026108 203.107108333 218.1416 232.878021667 237.968253333
231.348636667 220.492221111 213.843863 196.020367778 156.023413333 146.537904444 148.024476667 154.926055 165.676158889 185.400753333
216.276003333 215.006416 208.888016667 204.156266 199.374186667 195.333108 193.62162 194.1482 195.062031667 193.381056
201.234497143 230.46713625 263.717428571 294.409991429 327.91661375 350.3469 360.446381429 364.21082 364.85504125 354.173892857
316.05029 259.980678 203.783215 175.237486 161.532276667 157.938658 162.302211667 180.819132 197.106663333 211.874476
225.232078333 247.60942 275.456903333 292.639726667 303.767252857 307.12222 308.947336667 314.097061667 318.794222857 321.786003333
314.633296667 285.88511625 254.141581111 220.281813333 175.888837778 151.47466125 147.617182222 150.042401111 153.4020225 178.510608889
199.289326667 209.768372857 220.247416667 229.773825 239.821912857 243.921936667 237.541208333 220.968803333 214.896654286 213.76869
211.647336 212.37804 214.118474 216.181218 218.237026 219.4870775 220.37535 222.047762 223.2366675 222.554006
221.912441667 229.773362857 241.336718333 250.61384 250.485811429 238.618378333 229.212485 226.263711667 229.102701429 232.332246667
231.404728571 222.66836 210.276122857 197.871866667 185.467597143 172.807512857 151.971515 121.47299 118.647808333 123.056867143
