288.418 288.418 288.418 287.33499 280.1648825 263.41629 254.33547 253.14961 251.2323525 233.88465
220.488155 222.891488 234.9667925 247.98208 261.384562 266.691385 267.1582575 266.3142025 257.723316 234.3474125
231.064678333 237.937335 234.111728 216.078043333 195.030796667 183.038678333 173.90036 168.087052 155.040126667 136.34012
232.016512 233.482685 226.908138 216.330278 204.417672 194.15242 187.75629 185.2988 188.57201 201.142752
216.39194 249.399656667 289.622318571 327.414921667 339.438155714 337.061252857 324.721636667 302.327711429 279.6987 266.310312857
262.901465 265.066125 275.744972857 276.701625 271.240653333 262.90877 253.532895 244.716074286 237.64682 237.55913
247.784145 266.595675714 283.780293333 292.221785 288.83221 272.058483333 247.01966 226.880753333 221.266961429 220.220995
225.484784286 245.6125 243.764281667 233.874994286 221.674927143 212.775962857 206.514312857 201.644715 204.376332857 218.07518
211.715831667 204.783933333 199.052646667 197.109143333 229.753531667 319.529952 334.447966667 333.213618333 332.559495 334.965188333
337.034625714 335.49478 334.592644286 337.64371 342.7542675 343.29271375 341.20593 337.16983 324.7179525 297.750074286
264.398508 231.2851725 204.233188 189.490478 187.841822 189.4420425 196.10444 215.898754 232.88394 231.755446
218.44857 220.004252 241.933916667 268.01767 287.04914 290.97914 282.780604 258.741818333 234.23829 206.582294
196.43402 196.4246925 193.977268 182.987116 173.924918 170.0131275 169.103884 170.172614 172.88967 176.770538
193.569784286 201.3454675 201.842912857 202.302097143 202.7947625 202.858615 199.205388571 208.797134286 259.3110125 300.92613
298.956238333 287.354941429 275.27245 264.578412857 224.408361667 174.242931667 143.017872857 132.46748 92.2294157143 79.7562216667
96.8573042857 141.11991 204.414255714 267.688188333 305.605557143 300.288847143 267.924541667 229.677212857 181.735963333 165.00117
182.6969325 199.631347143 215.27709625 227.040088571 210.30184 191.336457143 160.93657125 114.777907143 111.69670375 111.725008571
