386.4530075 386.029295 381.17922 375.03407 369.1968675 362.3310175 348.569445 330.5843975 308.6823125 287.17009
266.620716 254.04463 252.081126 256.4934025 271.205976 288.265234 297.167755 299.014594 293.4120925 282.95537
270.296828 262.283555 249.208536 234.71047 221.748618 200.4039675 180.768672 166.208616 159.8381625 154.525384
151.92917 151.6275175 151.79595 153.7471675 156.4985375 158.615585 163.3496075 177.33438 193.4763375 199.01123
215.030526 241.354615 266.19149 276.406196 273.140618 263.3662825 251.39141 234.890604 221.6159425 205.463232
196.456514286 203.71435 205.072342857 193.325147143 178.98841 171.302478333 167.254618571 166.343812857 167.599468333 178.558992857
206.59706 215.290477143 221.582993333 227.87551 234.168021667 239.205221667 233.64872 220.367156667 231.920464286 244.364045
249.036328333 271.310101667 304.283828333 313.485445 309.94526 295.67838 274.801991667 250.677726667 227.594763333 212.857285
202.11881375 183.9893725 183.069021429 187.21722125 191.72436375 194.254015 185.56943875 171.933422857 167.06481375 183.9646975
221.116156 252.676689 280.657269 310.226181 323.233779 290.869153 230.139527 174.46669 123.769684 117.391735
148.30432875 174.502077143 200.69531875 220.0511875 199.00876375 166.275285714 141.75608375 132.96655125 134.157925714 142.67439625
155.725362 166.591146667 180.8022 192.546154 196.343835 192.326302 190.698404 193.107674 202.864505 208.714028
220.905858571 251.08487 283.587577143 312.560941667 318.415731429 316.627875 316.473891429 321.568781667 328.26144 330.822735
332.565888333 334.64334 336.724976667 338.617375 340.12681 332.818603333 302.823551667 267.778093333 225.405044286 197.232346667
184.60281 178.604776667 175.106276667 172.811283333 169.8835925 166.6307 163.647336667 159.058276667 156.55197 153.692946667
151.588625 154.360455 155.91938 155.984171667 154.358376667 155.148695 158.574143333 161.34788 176.233613333 188.876448333
193.230255 203.396392 212.0501875 211.368896 199.7995275 191.075505 186.166618 186.172085 187.937524 188.659025
186.869175 182.4805375 176.663955 171.1416925 157.497275 147.326235 138.893255 133.6801525 133.1756975 138.133795
152.943823 174.56971 188.084231 202.351718 211.798216 210.002613333 209.743788 209.199396 211.671038889 219.057283
