212.46087 219.1490475 219.570762 215.398994 208.052284 202.3817525 198.269822 194.705834 190.1705 188.866162
193.733295556 221.71405875 281.481071111 325.21512625 327.158372222 315.666971111 297.2476325 277.89523 262.3341225 259.339196667
259.40606 263.286957778 289.38851875 319.54602 350.692066667 364.553342222 351.912782222 312.3781975 259.136587778 231.030767778
230.669588333 234.6371 251.068986667 266.445431667 278.485936667 274.288276 256.34722 231.628396667 203.650304 186.822905
174.593941429 166.487284286 152.575487143 155.422398571 168.456502857 167.669341429 165.028924286 182.83011 217.660254286 245.451512857
247.355375455 241.64382 206.612772727 168.180821 164.311448182 170.161916364 185.815908 207.7978 225.364769 202.70696
207.974721429 215.155385714 208.85101 199.350481429 200.867132857 212.968025714 233.278011429 254.101668333 270.753884286 271.930662857
258.68856 246.784493333 234.93378125 217.907654444 186.3230475 154.7542025 132.402144444 131.09653125 139.689607778 166.067655
187.58722 215.414306 249.031535 255.620722 253.05993 244.25947 230.807222 211.584953333 197.979072 191.065052
190.714806667 196.771963333 211.71835 227.800291667 262.581863333 301.114243333 305.421055 311.786082 317.200673333 318.255685
315.80349375 313.401127143 321.148235 333.473885 330.4699375 329.596867143 330.9644425 332.3994125 333.433088571 325.9499475
303.78837 283.071008333 260.281911429 237.492818333 216.775455 196.058096667 179.077838333 172.317434286 166.719466667 165.828163333
171.396452857 183.105865 209.603601429 212.814301429 199.750028571 169.50654 125.56059 106.124544286 270.640531667 341.086177143
