376.743022 376.74304 376.74304 370.00491 354.922394 353.28717 354.745594 355.546746 355.57415 354.013136
352.21877 353.940238333 356.865556 356.54258 348.460824 337.512568 310.410631667 276.421254 246.625921667 228.238692
224.06975625 233.847007143 247.96067 260.032248571 254.750775 233.4368175 214.845572857 201.9974675 197.06876 197.2874525
197.083884 198.649938 230.674196 278.244628 283.938084 286.8887525 290.789026 294.881804 297.186184 299.420758
299.54432 294.354402857 274.90273625 243.374285714 201.798894286 164.844191429 152.314312857 153.89157625 168.456835714 188.061565714
198.217894286 206.051736667 200.94139 186.18353 175.935417143 171.764791667 168.922815714 166.879681667 156.878304286 144.892
277.2229975 280.7584775 295.4823 304.2676 305.7453125 306.07634 306.6773225 308.0230525 309.2993175 311.74803
311.337228889 302.3499475 303.884927778 307.256161111 317.369742222 315.11249125 309.540933333 303.857608889 302.0539175 298.886046667
288.35542 314.5034 352.16619875 372.6821525 368.7130475 346.943891429 293.20388875 235.0941225 202.853358571 191.48600125
195.649948571 225.721392857 236.108197143 225.441265714 203.977321429 182.506796667 170.023704286 144.157371429 104.968032857 109.316811429
149.512458333 186.612757143 192.905641667 188.629441667 183.25824 180.679948333 180.941221667 190.596918333 219.545955714 251.494978333
270.699785 274.713216667 267.110316667 245.059193333 211.265391667 196.093096 193.513821667 200.320545 215.147671667 230.983046667
243.472468333 265.403651429 288.143145 309.50988 317.500008333 315.614468333 314.482017143 316.669093333 320.781961429 323.733186667
312.54317875 287.980335 261.00559 235.6794275 204.85469125 145.102668571 101.76167625 78.7527375 142.36363 196.89727125
