351.81601 351.81601 351.81601 351.81601 351.81601 351.81601 352.712483333 356.509028333 358.401247143 344.916936667
312.413927778 282.40816125 241.526848889 199.34821125 174.035252222 160.584423333 162.95814875 170.09598 181.15973 205.593446667
220.96416 222.548788333 225.085235 228.960071667 233.058472857 231.323531667 208.869233333 199.699041667 203.490338333 215.230531667
227.865638 231.12327 229.318792 224.377232 213.051352 198.6741675 180.998604 157.663398 138.604396 123.177256
110.154736667 110.7086125 120.003626667 134.076013333 142.2331725 147.713166667 153.315756667 159.192086667 165.497585 172.383556667
185.893122857 203.201203333 221.21357 239.25942 257.305258571 275.312047143 278.811643333 258.50793 229.42323 206.804734286
195.660205714 200.998411429 212.596368571 224.194304286 229.621948571 220.957588571 200.148417143 180.459444286 167.603778571 161.416097143
134.98949 105.716601667 105.041405714 147.844182857 166.973914286 164.685056667 165.151081429 178.738302857 201.762911667 212.321792857
220.16717 269.84222375 308.150782222 305.687271111 265.936515556 215.81718625 174.890513333 142.563967778 100.89276 95.1365422222
314.503005 314.50302 314.50302 314.50302 306.052591667 277.9649 264.514928333 265.13058 267.929121667 262.203643333
235.776796667 220.05252 203.320836667 176.430668333 155.097445 149.382008 153.323156667 167.533608333 182.66542 192.886811667
207.99807625 233.477975 226.834451111 202.91861875 183.00876375 167.69380375 162.935315 160.967143333 144.42811875 68.22371
61.4854616667 73.6054666667 82.6707466667 131.05989 182.80368 189.455433333 192.518758333 196.693256667 199.848938333 195.476915
195.588457778 212.775913333 231.53803875 239.549461111 215.836125556 187.752343333 174.776634444 172.98529375 170.089127778 169.527242222
197.9301325 236.26594375 260.107275 292.80881875 311.79359 313.504631429 312.06898625 312.1014275 313.3843775 310.6433475
308.37292 311.271356 310.953898333 309.848792 308.526488333 306.999586 306.11257 305.685756 308.745 316.667572
318.395111667 311.676763333 295.69378 291.132388333 287.994613333 274.746501667 241.14616 209.570244 189.820181667 184.108385
186.751263333 194.752363333 202.785571667 213.986186667 223.389393333 223.452391667 214.783103333 197.410908333 177.375918333 164.86186
164.901714 167.806966 165.13803 155.103868 149.37419 145.1515825 143.122416 144.462146 161.528964 179.35742
185.29921 196.811542 210.441626667 225.58615 240.730686667 254.360766 267.86733 277.999651667 281.251418 282.15542
284.327773333 287.546732 287.285246667 279.585028 264.558828333 246.204124 220.98781 178.2903 150.534486667 150.018668
163.0117325 170.557845714 188.37255 196.808867143 192.95331125 161.469635 114.832387143 86.30376875 81.47891 77.0526
