238.735018 237.465638 230.3676625 221.021046 214.976196 210.150894 206.636618 204.81083 203.599102 200.107326
199.655578 210.571815 224.916988 230.4163925 230.407202 230.63749 232.940336 241.740615 258.743014 276.30471
298.49633 330.805685 358.384044 369.850765 369.267288333 361.289138333 343.612605 321.597616 295.296051667 267.128536667
210.47578 203.044414286 209.130002857 214.066172857 209.21231625 192.681938571 181.293432857 176.395634286 182.170137143 189.012465714
192.505466 203.01823 235.512898 261.087624 265.52419 260.512922 249.883822 237.504046 223.136731667 205.034886
191.1381675 193.551865714 199.35771125 205.361482857 211.182435 210.395984286 192.27792125 186.995874286 188.902655 199.45461
216.21098 236.740512857 273.921631667 318.78449 327.7052 322.911461667 304.321428571 278.177576667 253.20224 234.437336667
230.541335 242.86359 269.850576667 299.255935 312.75232 317.641844 319.097616667 323.308553333 328.315224 328.24933
327.262405 334.71726 343.729353333 342.038171667 320.662495714 277.960826667 236.143166667 200.63327 185.016883333 183.871931667
198.68109875 205.94423375 206.342945 206.52725625 190.099712222 170.8902975 296.11456875 379.3981375 325.4801025 222.16531125
303.526 303.526 303.526 303.526 303.43955 297.37325 281.84582 257.95736 234.292444 214.42385
201.390104 194.287323333 188.928906 179.498988 169.26773 158.534776 154.832992 156.921336 160.035258333 163.835116
173.875766667 178.92059 182.69834 182.50072 175.729146667 159.17843 145.892211667 125.277977143 93.8777233333 133.882018333
173.901421667 192.73064 210.81305 228.895448333 248.384602857 259.848166667 262.868936667 265.291545 266.665476667 264.135385
253.176911429 240.003204286 226.829498571 213.655792857 199.4059525 178.577241429 147.79812 146.832061429 175.35807 207.627841429
215.445173333 222.165616 229.192675 224.20257 198.01119 161.664342 111.91758 105.919224 102.102633333 83.966522
