340.92509 346.1048275 373.836956 390.777045 390.98509 384.42224 372.466775 356.566806 338.8262275 323.503784
313.02959 311.80446 313.561116 316.1081125 315.758124 309.393592 298.451415 284.535632 266.65512 243.80971
228.199901429 225.723781429 223.456237143 221.130531429 207.061938571 183.287668333 158.65611 142.81116 134.768411429 130.72729
150.295336667 189.1637175 218.345193333 230.23854875 216.922233333 178.416697778 103.38231875 58.1580955556 89.04864375 245.09154
340.68201 340.68201 340.68201 340.68201 340.716196 341.775886 342.140574 325.819545 296.442956 277.3445
261.326259091 239.483237273 218.476644 185.268081818 160.451149091 151.576052727 158.533627273 171.352577 187.503647273 198.744382727
217.67107 212.959498571 197.515358333 184.030917143 173.171581667 163.400518333 158.52558 159.523861667 163.626144286 175.624876667
192.566875714 226.179723333 262.666474286 301.516107143 319.964858571 323.229406667 327.97816 325.664778571 324.455023333 316.186834286
300.0384825 287.058074 275.8985525 263.112288 234.0221075 203.5219675 179.569666 165.32494 157.134048 153.199955
154.4183225 168.751793333 195.43609625 220.63947125 239.665338889 250.53249875 257.52953375 258.9095 281.926332222 293.508755
310.702012 310.70203 310.70203 310.70203 308.431024 303.778746 303.61905 305.580985 306.138978 308.056538
315.702226667 311.975088333 276.278183333 247.635188333 212.896702857 187.54361 174.154435 171.098331667 172.300015 175.774865
186.246296667 191.758982 201.409716667 213.370208 225.346795 238.65413 250.63073 262.721218333 272.638098 275.177985
277.871032 283.426411667 285.882116 283.035682 268.27278 245.16772 216.180852 183.05164 144.383698333 129.686668
141.022543333 163.280522857 176.060221667 189.481258571 202.90229 215.10322 228.517797143 238.623771667 244.989521429 232.849335
216.864065714 241.395852857 251.642521667 240.680537143 207.279991429 161.209511429 115.415354286 74.4953833333 57.49647 54.6946
