202.818118 203.681973333 204.056516 205.436098333 208.288308 212.294784 233.436905 269.832452 301.856743333 324.085206
333.077638333 329.05627 311.258781667 292.961833333 263.134816667 238.645635 239.068086667 260.484811667 281.392625 282.88434
271.355336 267.428498 263.618255 251.176786 237.01096 233.931518 242.118772 261.987248333 277.584132 278.886956
271.017311429 258.264682857 246.551515 234.838345714 222.353261429 211.814048571 180.462167143 156.566906667 157.122794286 171.761922857
187.246474286 209.15550375 233.358981429 249.173324286 263.090355 271.0943 276.961748571 281.420722857 283.53457125 280.610181429
298.16299 298.16299 301.576998571 304.507764286 291.10791 273.095484286 256.825898571 245.411914286 245.442137143 249.473391429
250.066247143 248.80168 245.441068571 241.911093333 238.381125714 234.851151667 218.983792857 181.897988333 161.831591429 159.994456667
180.306832 209.26425 241.87485 275.047706 291.292256 307.52447 324.606752 335.791045 340.406818 341.031652
323.979882 294.98922 274.455164 253.070412 215.99762 185.298074 176.00682 176.41569 184.692542 197.672284
210.964075 223.331427143 225.035208333 219.937253333 217.075474286 199.943293333 178.22654 165.364043333 161.531671429 164.06052
189.85894625 215.821767143 219.48871875 209.92231 177.572005 145.02556125 115.442311429 105.280855 101.726982857 101.5740075
323.46899 323.46899 323.46899 323.46899 323.46899 319.942174 298.863626667 274.389644 229.699891667 206.825214
207.232212 210.316278 212.01609 211.345006 205.090276 196.107568 189.85837 187.5899175 187.042818 188.045416
194.94883125 197.8577375 200.219404286 202.67553 204.55038375 180.23752375 150.40767 145.223505714 143.02171625 104.71557
122.571318 177.431574 218.526518 234.902106 237.344576 231.583074 219.547626 203.625346 185.46059 175.033212
168.439294 167.568535 163.271792 152.9879125 151.135318 153.4106275 155.788086 157.13862 157.936178 162.4876425
176.005807143 196.8275325 220.890245714 243.185835714 267.3393825 288.65934125 298.536268571 300.738145714 311.57487625 320.305995714
314.332488 307.092236 300.216472 293.347706 285.192363333 256.55146 201.684784 155.682478 134.689716 136.5861
142.97397 140.986134286 132.951015 107.274607143 68.272885 89.60068125 127.786408571 129.519355 136.794371429 140.071045
