300.552 300.552 300.552 299.9259775 291.07122 273.5666875 252.61426 247.27017 245.70451 244.27688
244.234386667 253.351225 268.437363333 261.8708775 237.340502222 220.83617125 208.382228889 202.9947925 203.324645556 202.35110125
213.075906667 250.347298333 293.857448571 316.56711 320.598531667 321.227616667 319.939478333 320.645438571 325.269886667 322.958341667
323.20059 330.476433333 329.226088333 313.634485 285.36914 249.14903 222.66067 201.169921667 190.743126667 189.020358333
196.861085714 213.694108333 209.104012857 196.103455 178.239511429 160.369965714 155.361506667 152.641755714 150.732753333 150.947008571
155.300488571 156.871256667 156.660071429 152.222775 150.002058571 150.001416667 153.882218571 162.454295 171.60681 183.545976667
197.829078571 212.578683333 233.942287143 255.348465 276.754644286 297.748792857 303.413168333 303.995017143 305.433191667 294.943502857
274.46231 264.829565 255.516334 246.203093333 236.88986 228.611422 216.971483333 207.914908 207.763503333 208.50914
207.60945 206.34954 204.51409 201.858363333 190.505672857 179.741726667 164.490226667 159.2208 165.816591667 188.69681
222.401815 255.974491429 283.49534 273.317765 233.31364875 179.865661429 129.0764825 101.1670925 95.4538957143 80.07272
291.08303 291.08304 289.414504444 269.655944444 252.914946667 234.3157825 218.219135556 211.013094444 208.439157778 211.981732222
218.718773333 243.04916 274.536445 306.20959 328.296345 332.22175 332.77707 333.339485 333.997858333 333.251073333
322.725063333 297.500312222 267.896183333 237.716554444 208.766372222 184.574873333 179.661646667 179.744744444 187.02473 210.69893
224.855675 241.635468571 259.54496125 277.45447 295.3639625 314.418695 324.82913 327.21634 329.797647143 326.288575
316.947921667 317.035876 321.577765 311.910911667 279.101526667 249.51004 218.5659 196.938556667 195.530996 198.016268333
206.775661429 228.90393375 252.777068571 276.65017875 300.523324286 322.297714286 332.99175375 316.38464 269.34006 229.587065714
197.22091 193.0246425 187.6553775 168.590325 151.525085 146.93571 145.433585 146.8152325 153.1905275 160.9139025
166.571142857 173.561145 180.761724286 188.616894286 196.472057143 203.67262 214.2377 219.944321429 218.34934 207.702667143
195.5914925 182.397438889 153.42127375 138.674255556 136.36377 118.60627125 70.0438855556 135.411825 195.689642222 202.6120075
