389.32003 389.32004 389.32004 389.32004 385.967725714 380.746356667 381.197078333 380.558451667 378.07948 365.755081667
350.918205 337.502556 323.850988333 308.682575 291.027915 254.979544 215.062826667 192.278706667 183.10781 171.516715
158.711428889 160.167123333 162.7158925 160.959848889 159.639122222 163.68844 177.77208 202.09646125 222.375074444 219.74572
238.690096 241.921231667 262.399938 275.804188 280.79561 281.803682 280.452798 280.08081 280.701793333 281.098352
283.290706667 289.288761667 285.73343 278.990635 278.773432857 279.922203333 281.969096667 285.716281667 289.424091667 285.659595
281.282934286 284.151525 287.326135714 277.909271667 253.874014286 235.977267143 223.691771667 221.002531429 213.834876667 202.309071429
210.389826 233.102528 259.236878 284.985914 301.53689 306.319018 311.022394 313.840146 313.909948 309.065648
303.84216 301.937398333 276.646947143 247.387085714 224.501672857 207.098185 201.174547143 203.19413 206.802518333 211.180658571
235.705435 331.922698333 368.932355714 362.54926 352.904958333 349.821486667 343.621281667 324.021365714 296.322888333 277.915796667
255.496204286 252.351744286 260.0496375 268.405608571 275.828032857 275.259414286 257.487395714 237.31909 231.832038571 233.937258571
239.983702857 260.011842857 281.640694286 303.269535714 326.108298571 346.149163333 351.837824286 358.888835714 364.669874286 347.402472857
313.250283333 287.551381667 261.732976667 237.654626667 225.148635714 218.13767 218.044866667 229.477726667 254.00449 259.925471667
248.51769 249.505374 250.528495 223.579766667 185.73974 167.084786 156.575041667 139.177295 137.77015 156.007995
173.650536667 196.583278571 224.966501667 250.911505 278.641002857 295.463735 305.191193333 310.106875 314.184392857 317.822478333
324.894255 331.0914375 332.4174 326.6652675 306.83071 283.2301575 258.7764575 226.842992 197.781615 191.640495
191.054372222 190.67511625 190.264971111 189.8548275 187.872612222 162.99769875 135.526908889 127.7459825 125.450748889 129.34394875
345.95001 345.95001 345.95001 345.95001 350.635786667 361.615433333 364.659426667 369.075 366.96603 355.402665
344.955445 326.083673333 289.764531667 240.338865 193.944881667 160.885175 152.60404 155.46304 172.763291667 190.442368333
198.791042 198.416161667 192.710022 183.926122 173.562585 157.689154 146.395548 147.626768 172.139355 191.032704
165.125886667 178.045206667 191.971442857 192.245956667 183.375483333 177.47593 180.268335 203.926171429 244.994615 264.260898333
257.400984286 242.615365714 227.651611429 215.00304 205.316855714 189.573786667 182.649827143 182.27102 189.162728571 203.728591429
203.01608 196.528645 189.679736667 182.830825 175.981918333 169.174001667 164.685778333 162.001908333 160.711648333 160.192696667
175.769908333 204.883892 235.086878333 258.719824 260.590823333 245.239185 223.347172 195.883001667 168.029852 162.883225
181.417166 195.413103333 199.316932 201.003903333 201.439 200.958584 200.110556667 202.067746 207.012805 208.085782
206.374373333 204.928736667 203.529194286 196.375983333 175.309861667 147.957958333 123.695973333 99.6450685714 93.046245 122.881301667
