362.50699 362.50699 362.50699 362.50699 365.377511429 376.019955 373.56428 367.96849 361.076643333 326.186905
309.408444 309.186216 291.199672 250.45938 216.967725 202.453744 202.16863 209.040436 218.843036 216.977
219.202202222 261.482889 288.378356667 290.054653333 289.065014 288.513176667 291.012077778 294.398926667 256.56228 137.473382222
122.968338 154.974008 201.55304 199.1704 196.251106 197.01098 202.394628 214.675434 235.398838 253.888494
276.39579 304.272136667 332.145814 356.424656667 363.523206 361.123156 344.638366667 312.363826 279.649653333 254.600566
217.612141818 188.53758 166.678235 154.597833636 153.732737273 157.801009091 170.5759 205.195003333 255.93923 322.467024545
280.63 280.63 280.63 281.4812525 284.210158 285.51908 285.399602 283.509025 277.547704 275.489395
274.52093875 273.1651075 271.966655 271.20796125 259.21583375 239.033067143 224.28621375 215.84351125 211.8816 207.5891
201.515856667 223.375353333 264.791508 305.885776667 327.28747 329.849226667 331.315321667 332.412994 332.685403333 320.346283333
303.806292 294.2463975 284.65708 275.02387 254.9571 229.917536 215.14855 211.342806 214.4838125 226.724598
235.8666775 250.590217143 276.08255875 303.70427375 329.42940625 338.69063 344.405285 351.6227625 354.191937143 342.939235
319.648775 308.29794 275.262901667 218.137341667 179.715575714 152.868743333 145.989048333 152.362738333 157.515321429 161.654016667
179.76042 187.221098333 177.272452 174.930268333 178.275296667 180.512351667 182.411738333 185.42468 188.0456 190.691131667
197.535807143 225.95132 270.341304286 309.472925 317.920495714 318.236661429 320.896853333 324.748178571 331.016615 337.314874286
336.76014375 318.922235556 299.64409625 276.97016625 240.182466667 206.60332625 178.92353125 168.092655 288.926183333 342.4608425
106.971375714 154.000584286 177.698978571 186.234861429 185.257414286 181.231693333 171.252042857 171.36835 194.534144286 224.152475714
225.970293333 228.565091667 258.88713 272.669705 256.898125 225.007678333 193.326475 173.628818333 172.715361667 199.977576667
229.501915714 258.817131429 266.509342857 269.235701429 271.223814286 273.491641429 277.729258571 275.188722857 227.571475714 195.242285714
