392.51599 392.51599 392.51599 392.51599 392.373835 384.347174 372.353998 360.903016 341.948336667 315.800646
285.16808 262.985168 249.166365 239.7568 221.67838 203.284244 190.69134 180.294018333 180.316474 187.50295
192.211646667 219.855696 254.922795 261.579413333 265.24775 267.618952 268.041636667 267.580031667 267.30348 262.542038333
257.42683 262.398085714 230.4996175 197.679065714 178.96952625 172.82936375 170.636788571 165.31112875 163.469461429 170.1198725
186.184501429 208.286172857 259.117301429 301.677738571 312.071241429 320.81451 324.544948571 323.038302857 322.401407143 317.858877143
306.2763025 305.7782025 320.91032375 324.87134125 322.14107375 321.23047625 321.98720125 321.7640525 322.54966625 323.11356625
315.23683 316.153766667 329.337885714 337.046957143 330.63263 312.53707 279.735472857 242.129215714 215.489056667 196.955117143
197.439835 214.80878625 231.575537778 224.090025 205.52400875 187.88793625 168.51847875 157.178354444 157.41645125 174.660525
193.592845 196.882684444 202.90292125 209.553881111 215.8076225 210.92893875 181.854131111 153.80937625 134.624922222 120.69089875
126.8308125 151.641176667 178.3926525 214.8768975 278.029331111 300.1522425 314.57721 320.51380125 324.131864444 320.15974375
304.41545 292.436262857 278.287378333 242.684834286 205.645921667 173.384018333 147.183682857 124.331673333 124.173778571 146.991605
164.56534 168.665708333 172.224417143 175.78313 178.319041429 174.400805714 170.287465 177.07831 196.937005 212.769264286
218.83021 229.750068 236.47027 232.4009075 209.76683 172.7189575 143.4400225 131.8410925 151.651204 174.0802275
166.954836667 163.231786667 181.157518 210.198563333 222.584781667 233.732531667 239.867998333 242.858806 246.422271667 254.683876667
259.20122 259.23662875 260.6416625 262.37826875 263.55815875 241.346367143 173.01664125 121.0741125 89.84932 117.47047375
