275.64899 265.10053 241.514836 231.710442 232.703664 244.1212925 259.34173 280.031112 299.484082 306.66944
308.41654 309.807658333 309.326392857 275.190945 226.559408333 195.404755 176.606486667 168.826655714 169.554863333 177.369903333
190.375267143 204.344282857 206.48166 200.572398571 190.081165714 180.402692857 176.60775 174.7429 175.189855714 182.897142857
185.805152 184.250085 181.559052 177.22439 174.168768 175.4491475 182.005756 194.6749575 214.943684 236.017005
247.508994286 265.639185 292.947675714 321.886836667 350.450165714 365.538717143 350.931501667 312.971168571 270.664636667 239.187305714
206.178098 197.388258889 167.685243 141.082982222 136.562195 136.938207778 143.424351 159.74769 186.711096 217.735954444
264.280836667 294.140698 306.274893333 277.633594 240.522156667 206.618938333 177.729186 155.899831667 142.69747 140.709145
150.864902 162.707952 178.4267475 195.563568 213.1181 229.047068 247.693636 262.533125 273.722906 281.75877
297.234392222 310.5525325 322.6244 309.704357778 274.453422222 222.300675 169.663716667 140.588423333 143.52614875 165.776626667
185.977561667 196.685416667 206.205262 215.166848333 216.89884 194.50894 169.62562 165.11441 167.508985 179.565336667
192.71958 211.562915 215.357511429 191.310772857 168.76629375 154.725795 138.609832857 134.211132857 140.531895 155.95239
202.28 202.28 202.28 202.28 202.277632 202.1136875 201.210624 202.16381 209.653204 218.97947
219.763726 213.45086 209.780594 210.596804 211.028084 210.494815 211.532692 223.456418 236.880222 228.30246
208.891723333 225.106591667 234.574695 216.422786667 179.094401667 145.897516 129.22729 126.709448333 126.00261 119.913953333
322.2489975 322.24902 322.24902 322.24902 322.24902 322.24902 322.24902 322.24902 322.24902 322.2175425
312.64976375 274.754154444 211.02190125 163.508545 128.121226667 120.09760125 115.21967 103.7207625 102.41 102.41000125
