224.42799 224.42799 225.724475 233.6785375 241.743132 252.8688625 267.14628 277.7674375 288.6843775 307.1783825
327.596821667 339.621986 351.395116667 364.476363333 377.36118 392.429168 392.495693333 360.416473333 322.364546 284.022238333
246.08968125 218.26176375 201.955085 180.8547325 157.188987778 151.22100375 150.9146125 144.74657375 118.327525 106.66154875
148.4664025 224.2763525 251.254001111 280.66150375 308.10849375 335.81877 358.56909375 351.632117778 317.26489125 284.63533
278.894696667 288.45542 299.313018333 310.170615 319.926656667 323.014603333 309.710985 288.415513333 277.50641 278.75242
282.845253333 291.740168 319.351381667 337.837744 337.718988333 330.37605 309.954448333 283.679846 253.800701667 222.066072
198.864623333 199.120601667 199.267208 195.299303333 187.89727 184.363841667 183.836346667 185.492098 188.327326667 191.507096667
193.626618333 195.799235714 205.084291667 212.362956667 214.08736 209.974736667 211.405681667 230.984685 274.515047143 301.748416667
310.564441667 317.80722 316.214345 280.402453333 223.8111 182.00779 147.598278333 132.804666667 141.49657 155.132446667
164.766885714 170.844065 176.816291429 182.80132875 188.720591429 191.258272857 186.21707875 186.542015714 204.2008375 235.540594286
260.475583333 278.428898333 298.9444 304.804555 304.61792 303.583065 303.148033333 303.863652857 307.537555 307.7636
297.53707125 279.644276667 261.72755875 245.00529625 226.636345556 196.88110625 162.94648875 159.20531375 181.262504444 213.73372875
229.700584444 254.316527778 276.549748889 262.456508889 201.183806667 149.0805025 114.810806667 100.544266667 103.90234 117.984353333
