258.98999 258.98999 258.98999 258.98999 258.584334 256.52881 251.070924 237.592116 227.4581525 221.95357
217.83633 215.812078571 213.189267143 207.038228571 203.243901429 203.791835 213.398108571 237.84464 270.350142857 293.258637143
319.110748333 336.451036 337.084153333 329.431318 317.841935 304.196963333 290.55774 279.734015 273.249468 268.406143333
261.35802 261.35803 261.35803 261.35803 260.75597 250.363528 217.477641667 184.979906667 171.91344 169.184583333
172.655652 185.4077 204.935416 240.87947 266.815092 269.653205 267.261144 256.035544 240.5761525 215.203336
186.785908571 188.645675 195.354937143 202.0531175 202.883067143 180.102907143 172.05477625 175.863067143 203.52094375 224.475682857
236.1664975 263.7415575 293.3292575 317.3252725 318.12135125 314.236685714 313.26844 310.3403175 310.23747125 310.7453225
310.876534286 307.442886667 306.363834286 305.03247 302.3985 299.771491667 298.492337143 295.59609 281.279522857 265.861923333
263.857997143 269.489672857 276.168174286 280.83344 258.637285714 239.889382857 231.359108571 225.11293 218.761595714 220.44181
241.498014 263.797526 311.256348 342.88338 346.49169 344.650635 333.038944 308.485516 277.335758 248.446042
229.404863333 215.72504 204.174033333 195.5869575 188.343136667 184.67922 182.9638325 181.499886667 181.06566 181.581136667
186.706787143 205.777417143 228.98983 237.787027143 232.551575714 229.64959 230.745652857 235.963951429 239.998451429 233.444332857
204.620323333 196.891863333 197.863091429 194.629993333 173.185096667 151.596803333 141.903495 142.840088571 148.305806667 153.597368333
166.0450975 191.18238 218.22774125 221.7292 200.78263375 175.145792857 141.05597 120.7093425 100.689295 83.63004
