325.513976 332.809192 335.269308 333.49961 326.510925 315.703918 304.786536 293.012428 285.719062 280.346722
268.353218571 264.026344286 262.269514286 260.512672857 258.755834286 246.666088571 216.664872857 203.639095714 207.815288571 227.969411429
250.755308571 275.074418333 302.717917143 330.361415 352.318757143 355.48656 343.369182857 323.057215 299.211372857 265.120106667
247.72113 246.108245 244.973915 244.36568 243.42009 241.33116 238.906495 235.978045 232.125665 227.46155
215.922106667 198.312244 177.900325 169.105596 166.336315 167.540591667 175.918028 186.430736667 194.01735 198.355331667
206.738918889 226.068197778 244.956145556 242.126431111 202.981108889 177.9778775 158.783917778 137.897835556 144.822272222 177.031272222
201.030513333 205.100045 204.294438333 203.262333333 202.230241667 201.19814 199.715393333 186.531641667 175.427455 176.314586667
178.8421375 178.4818875 177.911503333 175.8718825 172.5982075 172.3033475 182.510795 196.23394 204.6685 208.0997575
207.666056667 206.798396667 205.254928333 203.685303333 201.787438571 189.712336667 171.824495 170.912018333 179.325818333 190.673395
192.380373333 191.56337 190.489776667 188.27188 184.51717 173.950663333 150.433525 110.699666667 83.285515 78.9119466667
83.018562 122.8784725 151.74065 151.712684 148.277484 141.06829 135.8977 136.676984 145.6324525 163.095572
190.343865556 218.27544 248.396093333 276.744942222 299.609879 290.204025556 241.218802222 174.967773333 97.638424 80.0109311111
