333.066458571 351.675726667 355.57456 352.193283333 339.036022857 319.906785 304.559704286 295.119983333 289.557828571 283.05204
283.571006667 296.613311667 313.322306667 328.600373333 334.519434286 335.206385 335.203461667 336.539378333 338.972996667 328.337783333
293.817412727 267.872424 245.784231818 222.347215 193.260395455 190.633813636 191.301429 203.685411818 232.91538 253.728076364
267.546675 290.698195 315.145455 332.476536667 334.784462857 334.422093333 334.99549 344.006108333 351.728205 347.828181667
333.018693333 330.99667 340.12688 343.522073333 334.064683333 309.55447 277.740081667 242.477306667 212.841856 191.53023
173.821572857 176.18412 191.03976375 187.311811429 177.390725714 154.457677143 133.839102857 81.3807675 65.20138 68.9874457143
91.058682 116.46216 141.874714 161.8876825 170.444202 179.0138575 183.357912 185.666935 196.898222 205.97811
205.23576 199.2523175 195.50694 195.237 195.2060425 194.10861 192.2601925 191.832695 192.918765 198.53629
211.7536275 219.770174286 215.68986875 202.146605 185.60301 168.606745714 164.42463875 173.228515 189.392195714 203.5862
200.029961429 199.69047875 199.673008571 199.65554125 199.61214 193.859894286 189.1991825 212.066657143 253.82327125 286.842155714
295.606694 292.814222 287.92791 283.352998 282.664514 291.331196 299.880134 303.98191 307.975786 308.204432
305.87031 288.228973333 257.652753333 245.423405 216.732752857 174.224753333 139.451445 128.451488333 129.261961667 130.73235
157.7972925 188.1670725 225.20671875 252.27523875 255.18929625 232.8087225 194.985595 184.00885375 295.69056375 348.83530125
258.771 258.771 258.771 256.561642 246.520526 231.147708 204.238892 172.479622 145.708386 133.573624
221.3920025 221.392 221.392 221.392 221.392 220.91906 213.0628525 198.059284 193.0415675 189.45035
186.305856667 184.280775 181.422206667 174.07011 161.506976667 149.614786667 143.99402 143.731436667 147.965205 154.27742
169.726865 200.848865 233.394201667 259.439005 265.431783333 259.676935 230.32475 188.674951667 146.157035 139.319341667
159.933018571 167.32920125 172.241562857 176.879331429 181.750605 181.9254725 161.171532857 130.678634286 113.2398975 111.633405714
