403.46401 403.46402 403.46402 403.46402 398.875666667 383.673063333 368.866338333 351.368922 321.776671667 273.597211667
239.04302 226.799096 219.209172 211.984912 198.178202 191.54588 192.06277 205.249502 235.95266 263.42057
268.861068333 266.8267 263.303165714 259.734585 256.490413333 250.648698333 219.898238333 172.323692857 143.037766667 135.770443333
139.840184444 164.075822222 190.79018125 214.029148889 229.257613333 216.03422 200.598975556 187.96165625 185.853571111 189.188602222
199.973418333 223.635613333 250.966235 280.810465 295.903606667 302.360486 307.615576667 310.361526667 311.123001667 309.2902
306.242905 306.3035 311.963491667 316.907922 316.944473333 317.670201667 318.418518 317.745331667 298.605546 283.036746667
273.392972 259.71934 245.272699091 225.082067 197.873227 190.533654 194.977075 204.876989091 200.70927 155.059579
134.31507625 175.844657143 194.74240625 187.476222857 182.89595375 184.8743625 186.134615714 197.9933125 229.580468571 251.590995
265.246338571 290.634256667 318.563832857 329.856345714 321.165378571 313.587996667 308.765361429 310.46528 313.267876667 310.576408571
312.013118 325.581178333 334.793306 333.830123333 327.9451 326.026684 327.099248333 329.370192 329.038601667 309.117658
215.10861 208.047598571 227.919922857 188.779261429 155.488262857 140.414001429 123.30917 100.259314286 93.9547671429 93.5172
