278.185 278.185 278.185 278.185 275.87497 257.543388 230.643951667 211.898143333 200.564901667 198.31555
201.246082857 210.197786667 220.408142857 232.17209 247.712871429 253.110685 266.084427143 301.574688571 324.644083333 323.559225714
310.93113375 297.72600875 285.2930075 257.2676725 211.82185625 191.01484625 186.4642275 180.5864725 179.34261625 195.4895125
215.56916375 253.16413 269.634335 254.2646175 232.229134444 219.30177125 212.953765 211.951845 217.737348889 220.6668675
218.045765714 221.959898333 228.581345714 233.895283333 229.647925714 205.815013333 171.9998 151.484583333 148.549507143 148.755681667
157.4566475 169.09650125 178.992994286 188.20753125 187.30063375 174.24115375 171.3383075 178.524025714 209.288415 233.85406375
244.667793333 262.959971667 288.624796667 313.708598333 325.307285 318.835921667 290.355986667 256.552951667 236.878255 222.068253333
211.183263333 220.80228625 236.172546667 249.93914125 244.21384 210.251042222 185.76258875 176.456435556 173.870095 173.762038889
197.95858875 203.101515 204.00359375 204.9056725 205.80640875 205.634724286 192.74422875 181.27621375 194.96121875 235.312165
243.644503333 231.388046667 227.797652857 292.837023333 323.208233333 314.160943333 297.690123333 275.805614286 260.83554 258.621723333
259.573731667 261.300545 267.744941429 290.219578333 320.845448333 336.68786 347.117608333 356.780992857 359.881573333 348.574086667
329.346984 308.814092 288.148424 267.482758 244.233886667 221.946226 185.362528 147.730748 141.712796 149.845822
163.888225 181.990416667 201.390501429 220.648291667 238.10674 249.399461667 244.101711667 220.182764286 188.96467 167.705571667
166.634564444 181.43991375 197.068197778 211.4308275 208.154722222 176.380535 154.05378 147.04246125 151.308918889 194.56997125
246.421012 246.42101 246.42101 245.997876 221.432755 202.930368 200.798324 201.504184 206.304732 212.675748
231.965618333 248.74035 236.677541667 215.18558 192.53128 174.469235 164.145165 159.72881 158.275733333 133.467338333
111.348681667 115.215814286 169.727625 199.798021429 198.651955 185.275511667 162.323557143 139.470746667 141.460878571 160.366681667
177.911342857 208.345112857 242.222227143 276.099338571 305.539157143 310.163678571 291.151438571 256.288332857 204.627062857 161.027512857
175.694967143 193.841031429 199.82718 205.815184286 212.237945714 214.633941429 192.60289 166.366145 159.528851429 156.122581429
153.644182 159.469615 168.156048 167.964191667 158.781484 144.795014 122.95996 101.725068 98.6792216667 94.97851
