372.03699 372.03699 372.03699 371.779518333 359.212845 351.526788 351.021148333 351.010526667 351.68855 349.753126667
342.428483333 342.802955714 344.81278 346.008405 342.117932857 338.177191667 338.6985 339.868195 338.724054286 334.62045
336.64573 342.988324 349.880494 356.772662 363.63611 368.259626 367.81309 355.878376 327.659796 293.367082
259.366175 227.21383 214.50771 213.8568 213.343131667 212.038891667 201.270536 186.063241667 168.100902 157.417761667
153.949502 152.297536667 146.994756 145.810833333 145.103991 143.996126 146.260917778 160.248045 183.70202 203.835714
295.428014286 295.42801 294.07594 288.744938571 284.323378571 283.703287143 282.339021429 283.662375714 287.090037143 280.539025714
268.861664 266.853272 264.953992 263.054718 260.979358 254.7523025 226.339362 194.183834 184.475658 185.2611
200.146035714 215.516732857 216.664351429 200.902807143 174.423261429 161.7223 150.915904286 142.386092857 138.850774286 138.115292857
134.415132857 133.191087143 163.240977143 191.520242857 191.973442857 181.035227143 173.306752857 182.025498571 210.277884286 232.518704286
241.641917143 256.508932857 272.01048 286.927647143 291.784145 271.245372857 236.55341 213.154815714 203.909822857 203.761692857
212.432954286 239.579753333 270.674835714 301.769938333 326.333028571 330.706471667 329.699881429 328.81259 329.684008571 326.983856667
319.439142857 317.93566 316.8945875 318.848274286 317.893272857 315.57128 317.102768571 316.7977175 316.606601429 313.498785714
312.8023375 318.89125 327.4276975 334.889595 337.30625 332.053315 310.9158625 281.8056025 257.98346 240.85823
215.250406 194.634742 176.11929 154.419224 142.373326 143.9207925 152.769348 166.556324 188.319598 202.371954
203.976336667 200.201546 200.342735 199.794776 186.73921 158.716272 136.103236667 124.387834 127.443471667 144.46666
152.95699 164.005006 178.525252 193.106254 207.60269 212.011858 203.873278 182.100798 165.146856 161.527368
177.630014444 198.16278 218.830131111 238.468906667 243.918439 242.839793333 244.703271111 247.729957778 251.130951111 265.12437
