273.47501 273.47501 273.47501 266.7802 247.3236075 233.0309875 218.20039 210.144845 208.2655825 206.2408825
201.23882 210.009415 226.94105375 240.70210875 235.257598889 230.8044925 231.03089 232.31429875 232.08526875 231.44732375
231.239645 232.912644286 234.82815625 236.743671429 238.41667625 226.297004286 187.82586 161.507235714 149.28880375 155.047447143
167.219287143 194.43884 228.60362875 262.13487 276.421388571 267.26961 239.726285714 211.2145775 186.295668571 179.802582857
179.898986667 180.400591667 181.046281667 181.76593 182.555844286 183.095291667 179.388901667 165.350863333 150.566045 131.886375
109.850683333 100.951806 131.145381667 205.403666 256.488743333 265.966278333 261.401928 244.827701667 220.529536 199.095568333
185.69746 183.949665 180.89596 177.9284975 175.09046 169.75628 161.3094375 156.4059 156.0970075 159.2360875
166.148455 172.672334 176.233228333 174.198408 168.382035 157.923548333 132.600218 122.176295 121.926552 139.427728333
172.598008333 202.981376667 232.302621667 261.36968 279.229505 279.94607 272.520633333 250.377558333 221.544073333 201.214505
193.016141429 207.4520025 240.449337143 271.67861 291.98807 286.62389125 261.61591 235.704072857 203.13958625 170.495668571
156.826766667 156.833845714 156.585225 149.627723333 137.269825714 103.939806667 61.042915 86.0350033333 100.384051429 94.1898866667
282.644027143 282.64404 282.176011429 270.349415714 247.7781925 235.34128375 223.863332857 216.394784286 214.2197575 211.684
213.674268571 244.8798 282.94006 314.677628333 320.358974286 315.632996667 288.890144286 247.235128333 211.037262857 197.104331667
196.304128 215.052938333 245.54753 255.876055 257.482202 260.495216 261.985055 261.836646 257.771888333 245.585322
226.990603333 211.973363333 184.236588333 150.73541 123.455851667 117.125492 119.357826667 126.534335 148.621183333 177.226543333
195.679855714 234.774351429 245.807585 230.813102857 204.013945714 170.463731429 142.841702857 137.447068333 180.055952857 235.946831429
189.28 189.28 189.28 189.28 189.28 189.135195 185.880351429 181.998513333 183.893885714 188.850121667
192.949251667 198.328931667 203.662182 206.877993333 198.78225 159.007651667 109.599583333 87.169234 93.8646083333 138.591936667
175.439781667 201.227675714 225.395281667 245.69222 253.327742857 253.768686667 252.370673333 253.397673333 257.655865714 249.232818333
211.780511429 178.32011 145.818802857 115.817601429 83.73007625 66.77315875 80.3955685714 73.2525128571 63.12179625 63.1193
