219.723151667 223.293884286 217.796948333 214.722025 213.762525714 217.291406667 224.969838333 237.34851 253.170655714 255.606061667
254.361936667 268.191584 290.804575 313.069198333 319.367481667 319.178026 318.177581667 320.322985 322.615538 316.459096667
311.392742 311.147314 310.947492 310.7485 310.6136 313.252405 320.451824 324.610834 325.041878 319.566964
303.486033333 286.749592 272.314686667 261.197196 229.201806667 191.739408 182.712771667 185.860184 195.498833333 205.149032
219.35945 256.248038571 288.060328571 287.39829 269.341894286 247.59664 220.8886 194.180614286 186.008155714 181.640258571
177.909645 185.22907 189.570144286 182.814571667 176.938551667 174.151623333 170.732138333 170.372855714 172.726856667 176.38004
187.989804286 226.39962375 271.313011429 312.77301 347.9154125 353.46074 345.954277143 319.4129 277.84253125 237.037787143
199.711325 186.78765 183.90057 169.4147 155.383008571 151.817956667 160.324703333 164.837098333 179.101574286 201.292208333
216.23653 239.602654286 268.04093 293.912823333 322.65288 346.420363333 345.310176667 323.916728333 290.864577143 245.030973333
201.4277 197.470708 199.390653333 198.749306 192.1728 185.775481667 186.815682 205.262515 234.223848 238.070488333
216.145185 205.5655825 210.88121 218.9302475 213.00502 197.1246425 184.5528175 167.23395 148.6068925 137.4798325
128.583011111 129.116207778 129.029916667 132.268827778 131.38375 137.89571 143.420192222 149.247094444 168.445976667 198.663951111
229.636766 231.84502 231.84502 231.84502 231.84502 231.84502 230.602282 226.6847925 224.569138 219.924034
192.653586 141.572793333 117.475988 141.307478 211.186675 237.992346 241.39371 244.041024 243.05518 217.829054
191.924092 189.412035 186.986904 184.832242 183.053566 177.479495 160.58589 138.02082 129.381335 124.551938
260.22101 260.22101 260.22101 260.22101 260.22101 260.270733333 263.279295714 268.450865714 274.25149 273.777952857
261.471956 249.811922 238.254526 226.69714 213.69507 200.475682 172.116934 146.474444 138.92931 140.440608
153.091688 171.928662 184.782356 185.8744 184.306972 181.432302 178.238246 178.940168 183.45095 185.282176
184.8170425 187.090121429 194.20020125 201.55314 205.71371875 195.312292857 166.93148625 124.368792857 67.06378875 66.1733
