237.44898 238.537435 238.43655 234.476986667 225.226743333 217.319101667 210.66546 207.26319 208.298583333 213.473141667
228.565295 255.94867 285.706085 315.46348 348.196632857 375.924586667 382.44253 372.612885 340.003706667 314.0201
321.035058 331.992796 331.53511 324.193098 321.123878 322.51123 324.43271 323.755411667 315.993536 307.881054
304.359772 298.434968 282.985348 260.867608 242.704746667 232.778522 227.134088 224.691568 226.82474 233.054502
213.3434975 115.017245556 93.3831475 138.08669125 183.19617 183.0451925 188.88108875 197.2535325 232.980147778 275.25037375
311.684156 338.58791 341.322452 337.898274 322.526556 300.5534275 278.44699 257.637058 247.640812 244.550942
248.488591111 261.32828 275.38932 288.61060625 288.595043333 266.632315 238.914302222 218.8923675 210.312626667 200.1590675
195.646342222 209.99978625 226.331448889 241.6877525 242.347237778 220.012443333 199.63313625 191.092224444 189.3589675 189.64317
190.15465125 194.84523 200.7111525 206.2064425 207.3284725 198.240107143 164.92566 129.283955 91.800655 66.55195375
57.630818 56.37413 110.138208 166.538248 171.130142 173.6048775 182.988244 201.949654 220.167808 234.743656
262.80935 310.681533333 323.946628571 315.855833333 290.317324286 243.719561429 195.435753333 150.644325714 114.009393333 86.7547585714
