359.79501 359.79501 355.784881667 345.12329 343.72462 343.80379 343.86353 342.843021667 339.770668 333.23918
318.847477143 287.424158571 236.100858571 193.640515714 174.77252375 168.218504286 167.950662857 172.995164286 179.605604286 186.615818571
195.231303333 225.073741667 266.857978 291.166235 294.55564 294.928601667 294.905965 294.868154 295.632323333 291.957563333
284.355712857 281.047284286 278.207881667 276.833247143 271.44911 242.766605714 215.300845714 204.026468333 208.565424286 223.697561429
241.627752 261.825135 282.12251 304.750696 317.22088 318.95829 319.255622 319.337646 319.0913325 310.09892
288.804405 283.977294 280.009315 273.869985 252.586712 224.90396 200.768495 183.8673125 176.793582 176.0207775
190.586761111 239.182248889 254.10831 258.110263333 264.166541111 266.455556667 267.440964444 252.551462 202.399932222 208.361843333
369.144015 369.14401 369.14401 369.14401 369.158246667 369.28921 365.96521 340.968632857 295.689606667 257.665225
232.943576 225.232798 220.80423 216.375668 211.314446 206.25323 201.627488 196.3420775 193.897762 193.21708
194.344991667 209.955932 243.614163333 269.367706 272.51796 272.374288333 273.026924 276.13627 280.722792 279.525783333
272.803871429 276.538774286 264.457434286 230.07888 200.851125714 173.705901429 157.179961429 156.418721429 156.906181429 165.835064286
190.697782857 223.407703333 266.379952857 304.73222 315.536638571 318.50613 322.231638333 324.385062857 325.217475 311.76749
287.683846 272.80501 250.958016 223.621998 193.465454 170.817974 158.467878 158.937202 168.620736 182.32694
189.898341667 190.73801 189.160671667 184.40129 177.935613333 177.99552 184.853624 201.214345 225.441692 232.163723333
229.783206 225.83767 221.87746 218.635954 217.484998333 218.617242 223.829692 231.5881 222.607263333 210.94313
209.905668 208.20801 206.31398 204.50714 193.271096 159.60929 126.952834 113.411874 112.472618 114.632228
128.7993 152.733266364 173.215575455 163.432139091 141.219648182 133.561662727 141.920185455 151.550723636 186.666425455 226.478206364
