215.694013333 215.69402 215.69402 215.803082 216.787476667 219.790152 228.00543 242.217622 256.497216667 256.60949
240.14642 230.38212 230.149368 262.062486 309.914816 318.6478575 318.457678 318.521448 319.29792 320.851232
320.50190875 314.738298571 321.27541 331.16743125 326.76504 318.003922857 315.43973375 312.35283125 310.264912857 310.341045
314.692018 329.317652 338.38366 338.234422 336.616656 335.767596 334.905306 335.33047 336.407198 335.961304
326.017771429 305.08385 278.223772857 251.314728571 223.7292125 201.415365714 184.150465714 183.835498571 193.448655714 202.387325714
215.269362 218.031728333 209.75501 193.509045 174.035318 155.396564 141.545303333 131.395752 125.647826667 137.29942
158.162641111 174.93671 190.658424444 207.428248889 222.539258889 225.74899375 224.290492222 224.78265 227.2322775 214.349617778
197.750544286 192.876125714 207.775444286 266.560431429 304.231318571 310.83479 313.516278571 316.650541429 323.1996 329.362397143
329.027588 325.198905 318.576128 308.363458 297.967626 288.87127 279.59474 255.874232 214.72927 184.06543
174.667378182 194.294662 189.58521 168.963156 154.367561818 156.710946 156.096340909 159.039813 180.430841818 212.617521
249.7500025 249.75 249.75 242.1245 208.5259325 202.08105875 200.53276375 204.33000875 221.18076875 226.31511375
216.986842 224.6942 247.482584 272.361878333 297.241164 315.393838 310.711013333 278.864094 248.603448333 223.806726
199.26167 180.174372857 169.19753 159.026407143 156.77713875 154.876968571 160.197885 169.713974286 183.93970625 202.30713
213.396883333 240.39276 268.06345 295.711776667 318.658605 319.952685 316.186986667 316.258614 317.835216667 319.234025
320.42428 321.855113333 320.362476 313.344803333 304.053504 276.204834 229.07276 179.87739 149.648618333 146.403528
152.677508 164.559775 176.63678 186.522024 189.672286667 181.90528 169.960084 156.226132 149.766201667 152.24614
163.562668333 175.979512857 194.916521667 215.16131 235.367125 248.441781667 251.813455714 254.604385 260.008448571 260.505575
250.1160875 235.320201429 220.76280125 205.0855975 188.77255375 167.358472857 152.5749425 154.50068375 159.865105714 166.26551
