370.33301 359.123295714 316.810322857 296.193004286 281.38771375 265.134347143 253.919524286 249.222381429 249.144852857 239.18936
212.646731429 211.878318333 215.747817143 219.666926667 221.840232857 216.016054286 213.08243 230.095848571 252.094883333 256.552152857
251.448812 252.396428333 254.284658 255.332858333 251.84249 231.813152 217.6824 220.363738 231.487601667 228.820208
221.660705 237.089515 266.875095 296.885515 317.286762857 322.568761667 326.922268333 330.354911667 331.885015 333.422353333
333.354578333 327.778356 315.56305 294.977004 261.371318333 242.877242 231.524316667 225.886478 224.31533 215.101918
213.581926667 241.292368333 279.775335 311.240238333 319.609603333 321.995795 324.36407 330.403971667 332.736653333 319.025665
292.748352222 268.12717625 244.201688889 187.5804925 154.388208889 140.446135556 139.59588 140.325393333 156.18976 160.406962222
96.8243983333 165.08243 190.403893333 192.574415 194.632307143 198.489573333 216.82854 251.452488333 293.699773333 322.624256667
324.496607143 309.780862857 292.329747143 274.878605714 247.909952857 196.430851429 156.462285714 143.527902857 145.601618571 150.119027143
153.728118 158.842378 165.055 171.289402 177.983738 186.919142 193.426696 215.587154 257.63089 295.019486
322.15792875 329.6979925 320.491835556 299.5080075 278.064615 232.83018375 163.80137625 129.889588889 116.5720775 109.91035
114.185823333 122.40029 130.95315 137.75008 143.622113333 148.88716 152.49536 155.472726667 158.42193 161.166143333
182.984143333 202.125865 200.185515 196.872563333 193.686896667 190.751318333 181.379808333 176.589403333 183.519085 201.082778333
214.67282 222.171001667 229.8296 245.420418333 252.119866 233.73142 207.741848333 182.240736 160.981915 161.605074
173.158305714 190.193851429 208.522657143 213.713684286 192.72983625 160.754748571 137.535874286 122.661361429 118.172 118.172
