359.730015 357.704365714 346.36784 336.983355714 322.937291667 308.064071667 294.197845714 283.809641667 277.807421429 265.7984
239.300864286 240.850606667 243.598307143 242.559781429 274.975508571 336.896595 348.698402857 352.256442857 355.816296667 346.926582857
336.847163333 344.851238 357.481398333 362.63008 352.782303333 318.292561667 278.669542 249.714228333 242.063828 241.441968333
243.784232 256.04813 276.980884 296.110686 296.536682 288.035965 270.989722 250.37874 234.230165 216.476038
196.240571818 182.273698 169.262599091 156.148487 157.94579 163.093025 171.3619 188.574433 212.595143636 289.656681
350.73199 350.73199 350.771776667 352.106028333 354.709543333 357.759066 359.361176667 361.090263333 357.671515 337.30829
315.07864 275.73633 232.91554 194.625183333 175.249041429 170.22917 171.517598571 175.039423333 183.825662857 202.414888333
218.85728 225.423407143 235.130793333 246.391774286 258.676482857 269.035612857 259.213932857 230.929098333 216.543055714 201.341721429
198.105102857 201.652511667 206.527287143 206.999356667 182.06296 162.866141667 152.069601429 128.66332 110.369047143 115.785536667
149.0192 191.383404286 227.180522857 238.219258571 241.936265714 245.885218571 250.415004286 250.335927143 245.763755714 259.256284286
339.22601 339.135978333 335.2552 332.524062 332.482893333 333.19473 335.216662 339.798822 341.396161667 339.815008
341.788076667 349.023738333 349.78598 331.473301667 295.111445 248.977653333 203.933105 174.591428 161.10372 166.442476667
186.3730925 190.081032 189.3891125 188.45392 187.355218 186.2565125 185.439035 185.170915 187.221904 197.8147325
206.313608 206.159606 201.663058333 194.42436 175.573982 146.022596 87.916982 65.3638766667 63.548502 74.491294
103.639765714 139.745855714 175.851955714 211.958045714 248.064141429 281.161405 314.78994 341.456282857 341.892157143 316.60039
283.805846667 258.833341667 251.90339 258.723671667 270.265238333 270.732615 263.958835 245.179012857 214.749698333 188.054335
173.102283333 156.390023333 137.30312 108.423523333 82.9075466667 77.7273133333 77.3008533333 77.18084 77.0142166667 76.69755
75.6400085714 73.98471 72.3294085714 70.6741085714 69.0188114286 67.5508383333 60.3045614286 67.70679 99.5137828571 135.607062857
161.509576667 181.821351667 190.561444 185.017865 171.291583333 159.259346667 141.097751667 114.11277 107.820523333 107.808006667
