403.62601 401.70759 388.700882 378.0532225 368.596224 353.203415 331.398248 305.8069925 280.417304 259.02997
238.092685 229.656487143 228.994005 228.331532857 219.51023375 203.161887143 197.5061325 199.282097143 205.35907625 222.66391
234.085058333 242.158874 260.13634 280.73758 301.367905 320.869273333 325.080626 325.370698333 325.451172 328.027721667
331.048742 327.750996 313.75014 304.172376 302.820806667 297.25602 276.877602 251.683098 227.762302 206.852754
191.076938333 189.957671667 189.39177 188.655688333 187.917565 187.25324 186.58893 185.866665 173.889141667 148.597058333
141.72282 140.57916125 150.564954444 186.001328889 204.61252 201.48288625 180.717235556 170.600204444 171.93656625 187.963274444
194.83 211.285122857 237.02501 262.930012857 288.835022857 312.581255 336.327517143 356.27514 357.102432857 344.471805714
318.20016125 290.009927143 275.65381375 275.487422857 284.1955725 278.272635 251.139375714 218.139705 204.004085714 201.52801
197.10875 195.171117143 200.403976667 206.456632857 207.327404286 192.861218571 179.00065 184.382603333 216.200192857 249.423721429
255.823108333 256.596746667 252.849181667 232.40213 208.660288333 196.790268 197.498061667 205.303423333 216.293825 216.880366667
212.783718 214.01495 217.30829 220.601616 219.791102 204.872768 195.5478 196.1714975 196.60741 197.604176
200.29299 205.60537625 210.81407125 204.832815 163.99400625 162.09757375 164.58338375 167.841905 191.543995 205.34704625
199.318102 198.449778333 201.853006 204.71607 197.517863333 172.856636 157.762048 131.111488 72.8649883333 69.420488
97.922086 135.029068333 172.136052 205.120036 233.706815 238.864266 230.12665 214.235576 191.627373333 162.423582
149.839185 165.00712125 179.6344775 193.0406125 202.1330125 192.2389275 178.2219875 251.008265 328.95201 266.6237625
