396.814005 396.814 396.814 396.814 396.689263333 388.702464 375.906686667 358.14856 331.975858 294.040496667
258.943565 240.261443333 231.232951429 228.046008333 218.650435 205.278271667 191.35632 181.219662857 177.70357 179.0345
187.888058571 202.10737625 224.00936 240.555715 233.703137143 220.285864286 206.6368125 195.827438571 193.60303625 200.955812857
204.989814 209.11362 226.2771 263.52354 296.531233333 303.610852 302.747992 291.496124 274.177564 259.612098
250.667281429 251.739471429 270.727638571 293.245372857 316.199221429 331.018292857 331.304581429 331.728254286 337.064182857 337.786864286
324.862384 320.844316 316.667618333 312.66698 307.429742 284.196796 250.090768 216.758336667 200.042294 197.654546
196.09757625 191.477114444 185.8765575 179.71321 169.535207778 150.96069125 144.12838125 148.55468 167.737774444 194.54616
195.621161667 194.312498 192.92232 191.377681667 189.833038333 188.45927 183.192395 163.811083333 146.366204 141.9529
147.90541 161.077604 174.7261075 184.8625225 192.694264 199.8973775 204.1943925 210.0251625 212.639838 204.5613
183.993998571 178.024025 180.831412857 177.765556667 160.840094286 147.253266667 145.368067143 155.74458 179.441035714 192.453946667
186.283158571 184.692914286 183.188895714 181.669002857 180.149105714 178.755875 177.216124286 164.415362857 143.905782857 139.971298571
142.638548571 143.255055 137.233054286 133.140827143 141.289181429 146.732331667 154.120344286 191.692307143 225.334471667 239.37993
244.989995 226.978985556 161.24199375 129.48339 126.876934444 132.4955275 135.608215 144.7681825 178.778117778 215.3488275
