117.989811667 257.516988333 298.988791667 299.076343333 299.14658 303.482728 306.665186667 306.198395 304.432831667 302.709378333
307.819682 319.733388333 320.196776 312.68427 306.619221667 301.265278 299.164558 297.040502 293.010975 284.819094
274.410035 266.233295 251.8469975 229.349695 206.052625 193.6844625 185.22404 184.12121 184.6868775 186.3007075
194.141062857 231.677734286 275.009745 318.173748571 347.683957143 347.576154286 325.748182857 283.17219 254.357367143 233.196
217.00838 282.053871111 316.083993333 303.440731111 256.664714444 201.927652222 157.457277778 139.837868889 141.578272222 167.174026667
195.23070875 226.34899 222.06067625 240.77229125 267.77090375 283.003662857 263.622395 219.5921525 191.101768571 185.411715
185.674776667 186.617271667 184.446878571 179.692285 176.766438333 173.538388333 170.379443333 172.874205714 180.429018333 191.101796667
195.284775 195.04761 193.653983333 190.41476 185.271005 180.28242 178.2768575 177.898 177.12421 175.2455475
179.643131429 193.868955 195.90683 197.146343333 197.495104286 185.364624286 158.488476667 144.499221429 137.044371667 139.231185714
149.794948333 184.501178 246.189233333 293.886903333 298.434221667 292.11231 273.593945 245.60564 224.283504 207.694178333
190.380176667 189.955971667 192.036824286 194.282565 195.612958333 190.913211667 178.404508333 177.848491429 188.021198333 201.54269
213.772105714 248.93356125 278.424704286 277.917511429 254.71394875 228.9658275 205.984324286 195.136194286 192.99697125 197.825878571
203.956925 212.904696667 222.51695 231.4391 232.05575625 217.2045625 195.256593333 186.39288125 185.880886667 192.51603
193.26639625 196.34534625 200.54423625 204.7431375 209.003127778 205.61722375 189.61914625 165.5097275 158.86529625 157.36183625
189.455 189.455 189.455 189.455 190.073956 196.493254 208.7257175 213.14698 210.32077 210.296602
227.285274 257.907444 289.1477 316.2272 324.781785 321.061486 305.60517 282.08957 256.22285 220.072968
192.625718 190.569408 188.99415 181.609106 169.24015 159.021518 151.363616 149.6294 148.174692 136.364968
112.320374286 101.951841429 130.988708333 182.892024286 190.424665714 182.337368571 167.990512857 150.745905 133.899845714 143.900521429
169.590346667 193.361673333 218.404496667 243.447325 267.244295 282.029458333 293.824181667 303.047835 305.065028333 289.690363333
267.208871111 232.241502 198.727571111 159.297016 131.734411111 135.026374444 141.820709 154.149825556 173.543804 193.51308
