224.802992857 220.37629 210.064101429 202.928078571 200.13948375 202.05273125 208.107821429 219.194321429 234.34728375 237.098862857
223.794876667 228.218865 234.108271667 226.6089 202.396213333 181.766655 169.860115 163.571528333 157.822293333 155.787431667
159.200598 166.400828 174.768554 183.116876 188.86625 190.88156 194.882062 200.599752 205.05284 206.550108
207.40998 208.207988 209.771276667 211.370084 212.756716667 211.122745 195.910468 185.79581 186.327668 194.232541667
215.271565 230.617588 252.276496667 258.32545 255.77092 245.706666 228.231753333 213.092902 206.947886667 204.982712
201.433148333 198.030423333 196.916691667 195.80298 194.577902857 193.352823333 190.163931667 173.615928333 152.777488333 140.331236667
132.15872 129.354875 131.510332 134.8329725 135.175054 135.2136475 135.167846 135.272795 135.36454 136.04398
155.532778889 197.212284444 218.098313333 244.557213333 271.57071 287.40533 255.741933333 204.297891111 176.395996667 172.518348889
187.20935 205.734675 219.913915 222.143658333 211.868276667 199.936103333 188.986913333 181.315331667 179.541493333 186.256871667
193.668975714 203.95345 226.58776 250.722262857 275.332807143 297.273721667 299.903691429 296.257951429 295.799064286 301.364558571
302.28961 294.42777 274.972557143 255.439348571 230.810712857 204.572348333 183.976442857 172.426205714 174.075982857 188.019015714
198.62405 200.087004286 201.521001429 202.832664286 202.425201429 196.821285714 190.70877 194.932102857 217.730648571 227.361057143
233.736198333 252.32498 253.424361667 232.659396667 210.791228571 195.978061667 189.44951 187.346776667 179.153921667 146.685198333
117.835631429 137.447863333 177.454647143 186.72349 189.071802857 191.217875714 200.981481667 227.084627143 257.495803333 283.40865
281.731668333 274.545543333 267.23763 259.929713333 249.252821667 217.72287 166.069408333 99.8639433333 64.0039166667 98.372025
158.3025 172.098582857 178.92546 186.224001667 194.253998571 201.89873 204.24233 194.363326667 175.086001429 163.089413333
169.742748571 180.632551429 184.964634286 188.598711429 185.15566 167.064802857 140.845044286 111.538317143 121.679778571 106.254482857
