351.885022 351.88504 348.356586667 340.713684 339.716 339.759038 339.999816 340.048398333 337.77691 322.144548
308.6807775 299.002436 285.8995525 269.023776 245.2882125 228.05779 213.0988 209.29059 217.658188 230.657095
234.17257 233.098306667 231.037812 228.944945 226.916853333 220.641015 202.864918333 191.490586 191.435373333 205.952373333
227.64631 232.106679 230.006505556 226.86671 195.894449 159.69515 140.00542 132.88157 135.097435 138.02139
138.53500625 155.1398025 161.842852857 159.07871875 156.90601 156.89695875 162.510475 171.999444286 196.76568875 223.4372625
234.2291 261.451235 308.202473333 314.8541 304.1335 286.835316667 263.961836667 237.457743333 223.492381667 216.9546
213.869661667 216.409311667 210.906278333 197.033388333 187.19496 181.897295 179.090501667 180.000028333 180.397908333 180.063835
180.636852857 180.68167 180.428718571 184.28667 190.480847143 206.478315 239.770841429 287.130295714 304.860043333 308.082034286
303.54222 297.491185 287.253564286 232.444095 177.375694286 153.797143333 148.15461 148.636758333 164.459211429 184.117116667
184.747828333 182.191681667 179.579078 176.966485 174.063596667 169.791563333 161.071638333 167.2808 190.392118333 221.118738333
234.497508 253.46204 275.042396 288.271063333 287.306812 274.72437 256.38253 234.35317 218.662818333 206.297104
198.393306667 194.862803333 191.76983 189.753446667 188.17616 187.58672 187.478606667 187.386056667 189.074273333 192.549213333
196.050213333 208.594841667 233.348431667 258.83539 284.322356667 305.973352 315.243193333 321.899356667 330.612153333 335.507303333
325.1644025 309.652834286 297.86420125 288.528128571 281.60474 250.0648975 189.796517143 128.88248125 73.4423371429 77.67854625
108.295654 130.2407275 152.185806 174.1308775 194.786686 208.7994725 214.541958 216.379425 216.20782 210.9616425
208.718194 208.22242 206.997554 203.4489425 198.05626 187.788916 167.0575875 140.077186 128.78646 129.342068
137.705077143 162.90196 180.689397143 182.768495714 167.65904 134.40787 103.437775714 102.593098571 111.205732857 113.475007143
