384.648994286 384.64899 384.64899 384.712405 387.788742857 389.430642857 384.88704 376.877027143 373.426045 351.61712
330.537652 317.969991667 293.731862 252.401003333 217.657816 191.408602 174.730553333 172.789886 181.472801667 196.19751
216.505541667 242.856614 269.39429 299.003396667 325.743591667 332.931666 317.067883333 291.069951667 267.397772 240.771418333
222.59317 220.33342 218.727178333 214.16947 196.167193333 180.71989 177.68444 185.144103333 207.671754 219.969421667
227.384563333 240.818713333 259.7557975 264.32199 263.943346667 261.609626667 256.773973333 248.3776925 236.617083333 222.842393333
206.896595 199.426028 195.120513333 186.776926 170.463803333 160.045786 152.694846667 139.918866 132.149558333 138.197068
166.771786667 180.038147273 183.236470833 175.747388182 156.819239167 151.703415 156.106913636 162.861271667 180.774105455 222.932161667
248.597584286 273.597404286 300.858521667 326.998492857 336.513871429 322.804254286 302.318141429 268.870171667 234.935735714 206.048777143
189.591932 193.433898 197.31585 195.306968 186.582166 178.07862 171.85275 166.769 165.25718 166.848252
177.103778571 182.389673333 182.834342857 183.27901 183.72368 184.141396667 185.061925714 191.914763333 221.533728571 251.239388333
262.784965714 274.180491667 284.094411429 272.024076667 209.12196 166.630565714 165.807165 167.430155714 177.293358333 186.310614286
187.875643333 187.42039 185.474166667 183.782806667 182.63498 180.084223333 177.45861 175.388363333 174.250053333 173.955283333
177.959798333 192.137478333 215.086006 265.912723333 287.986778333 291.421091667 296.348265 299.996204 304.54847 308.03803
303.732961111 305.218441111 311.147928889 313.809595556 286.576861111 226.316468889 174.488211111 133.018958889 117.749545556 63.6597066667
