384.800996667 384.80099 384.80099 384.80099 384.121941667 381.723932 381.20255 380.052318333 371.393983333 340.08496
302.827428571 275.848158571 240.63773 205.230278571 189.028731429 189.058747143 195.61823 212.075104286 221.395914286 223.621352857
222.714886 219.801056 212.014702 193.960426 169.3556 153.655105 144.667016 136.732598 133.803904 134.888788
153.485368333 166.377768 171.609365 177.449648333 183.323716667 187.819914 194.415906667 211.011048333 241.127536 263.973515
268.71754 271.487696 268.841303333 248.258724 219.772705 180.023558333 157.323798 150.604405 146.3921 147.302541667
163.87703 176.559428333 168.146398333 156.485265 159.199952857 175.131688333 177.81829 174.213275 170.7555 178.595636667
189.570234 210.16996 241.253004 271.977106 288.0091 288.02423 276.76272 251.839792 226.500098 207.40297
192.451585 192.07498 195.704088 199.55926 202.902813333 191.061545 174.262448333 172.8905 178.23404 194.38452
205.8485625 209.68634 210.6236975 210.71901 210.506565 208.77325 204.3237025 197.48761 185.87048 174.496666667
185.580887143 187.189 187.189 187.189 184.728004286 166.471218333 161.815334286 176.518046667 208.219572857 218.917895
214.853786 211.754918889 207.639932 181.947905 150.533856 138.871844444 140.590915 151.418936 178.794991111 200.190524
