399.65701 399.65701 399.65701 399.65701 396.226321429 379.707595 352.357481667 319.153035 281.580205 245.508801667
217.300876 215.727005 216.959726 205.081261667 181.812186 157.626232 133.032283333 128.210084 136.252041667 160.315606
175.31539 194.645758333 218.238161667 242.210258333 262.53756 266.198648333 266.421583333 269.254338333 273.690863333 272.707838333
258.085561667 259.166773333 261.056716 239.450906667 198.162873333 164.228361667 143.42 131.27373 127.168983333 127.370556667
127.625192857 131.601922857 139.07217125 147.367 153.086694286 157.26528 157.550535714 159.0661025 162.21199 170.785178571
202.55269125 249.597197143 285.8124575 317.19618 331.65150625 316.42137625 281.266501429 242.9121925 208.840017143 195.3307025
191.77125875 189.674526667 186.6375025 183.615278889 181.7286475 178.3870625 165.212191111 146.48547375 141.088775556 133.45403125
170.822334 190.13136 184.669939 199.098398 194.424730909 187.795818 194.242737 231.345324 291.130253 309.528204
295.51783375 282.744935714 244.00151875 180.06727125 149.01541375 136.074914286 126.83225625 113.1213475 103.407967143 103.03
226.616 226.616 226.616 226.503516667 219.300008571 215.891835 230.754228333 260.733281667 276.678013333 262.599665
263.616826 276.484874 285.716648333 283.869514 275.86776 273.10098 275.293366 283.761046667 293.308306 298.027416
291.97175625 271.54802375 252.828604286 234.27602625 214.58869875 194.34019875 172.95527375 167.083864286 175.033465 204.70774
220.417092857 220.391151429 219.346645714 194.964145714 160.066 143.811181429 136.156622857 141.754081429 143.885572857 149.277517143
156.916094286 159.82485125 162.652621429 165.458502857 172.44295625 174.69587625 174.366761429 188.29417 220.428625 238.240902857
234.347884286 225.30172125 214.571238571 192.9330525 179.197344286 177.937704286 193.30351 220.369061429 242.6801275 250.956184286
244.302328333 237.280205 230.446341667 223.643201667 212.033953333 191.652752 170.899563333 147.505265 118.706391667 125.074161667
163.078332 208.698731667 250.366548 264.584554 271.508616667 274.8224 266.392304 247.924508 220.41032 200.635076
195.058692 194.777395 194.655536 194.484384 194.291038333 194.097694 193.925832 188.764656 162.36101 136.85985
61.0354 62.9085842857 142.01954 172.804907143 173.781858571 175.603008571 198.802018571 255.7985 285.117622857 295.517081429
