299.15302 299.15302 299.052464 296.513565 293.7484375 293.417695 294.78846 295.592244 294.805015 289.59919
277.106585 276.15755125 292.2160325 303.1101875 298.4565975 292.559932857 290.7271925 292.0092475 295.08008375 290.83706375
274.50350875 260.539895714 246.37415375 232.208417143 218.281115 203.501914286 196.48981875 212.310317143 261.90535875 304.898435714
319.471095 319.989628 320.56075 315.70658 286.058783333 228.534676 185.809085 159.604236 145.755295 146.324802
151.10045 155.99251 158.889998 159.457846 159.08504 159.02936 160.274986 163.656146 170.256836 179.35031
199.540467143 227.99703 257.25196 286.441593333 304.362201429 303.983872857 298.871175 296.892545714 296.83549 292.229867143
283.75709 287.880235 293.77384 298.538863333 301.01537 300.198821667 298.804136667 298.853882 299.232188333 294.97705
300.839805714 327.465215 355.6157 367.063875 358.631142857 341.624375 305.639948571 261.607353333 230.061038571 204.530345
192.62053125 191.402635 187.2442525 171.12508875 150.240644444 138.48776875 79.6026 80.44483375 161.53965125 213.77239625
364.681 364.681 364.681 362.170445 338.979003333 328.701308333 331.35931 331.415675 329.17729 318.074283333
302.898444 297.545045 285.323616 266.812425 247.540006 216.732388 195.55795 190.056722 192.069895 202.125618
211.254055 213.00929 210.8803925 202.252195 184.71527 157.69647 137.563785 133.1766175 137.289525 151.7479475
172.07695 198.395785 224.51584 232.655478333 233.051236667 233.248646667 233.511383333 238.214482857 243.52486 237.22796
213.60547625 219.88928625 234.67084375 252.18773 254.33411 251.70401125 254.36273 258.5500725 261.93104375 243.3642725
218.472013333 218.47202 218.47202 215.419311667 206.243241667 199.730254 193.518318333 197.919028333 223.332102 235.441121667
239.786076667 247.303966 268.279695 281.135952 287.657718333 290.766653333 293.333654 293.09057 286.63834 268.959753333
240.001577143 213.59985 201.981768571 189.73587 171.904181429 153.017463333 151.169272857 165.92129 184.356501429 216.670887143
248.012281667 260.551293333 275.850346667 293.787938333 311.72553 329.613306667 341.27272 337.101155 310.218698333 259.1744
212.7588925 208.68193 205.57222 202.989996667 195.9641 182.079036667 170.46957 164.754833333 164.2354975 166.21615
179.828812857 203.224607143 223.624433333 238.057444286 250.511042857 250.769908571 250.607277143 255.87413 260.979431429 257.747471429
243.454411429 231.465006667 217.400661429 188.08694 156.988117143 107.601305714 84.4566116667 73.0259628571 70.6714 70.6714
