282.673 282.673 282.414348333 266.525176 243.869338 223.333338 206.329462 192.748158333 187.991276 187.162774
187.994502 191.005356667 196.787674 202.132994 206.680245 205.148238 196.28476 192.093692 199.632573333 226.359442
252.736416667 267.120173333 285.031642 308.006405 315.956558333 309.980728333 288.416098333 260.590932 239.538765 224.822955
219.631453333 217.673876667 217.272676667 216.433063333 214.279053333 212.803026667 212.297836667 211.360173333 210.264796667 209.33672
209.401751667 223.795022 255.264703333 291.025715 324.262925 338.995588 349.393475 357.814885 361.236554 350.478196667
328.257975 322.21528 318.3265925 310.902695 302.88643 295.478056667 277.8650075 251.794545 234.35164 216.3459525
191.4955125 193.491815 194.272584286 185.3789525 169.83122875 165.43662375 155.4401075 139.368392857 115.22528125 113.21186375
350.09601 350.09601 350.09601 350.879028 357.194262 361.10122 360.282056 358.44682 354.967364 349.500406
343.898553333 340.748415 338.054586667 330.35955 317.238496667 300.415515 283.558756667 263.267163333 250.70333 242.446726667
231.844681667 218.871646667 224.580206667 243.725676667 260.164103333 260.914111667 239.923333333 212.460678333 197.171506667 187.112653333
177.17365 174.390725 174.8387325 176.1789575 176.2287375 171.43252 162.37973 152.756145 141.260665 131.02394
136.546577143 170.551935714 193.357297143 228.353334286 282.5884525 298.777718571 299.772911429 274.42822 226.887264286 180.974411429
173.335887143 182.72193375 185.014392857 173.16932875 153.363702857 120.278112857 69.37076375 68.6279528571 70.7915475 66.38904
