239.925011429 239.8485925 233.066192857 221.256955 218.012271429 218.63368 221.47615375 223.238652857 227.74421125 229.808931429
222.169156 217.03449 216.779175 211.345464 198.625152 193.37611 195.664874 210.80774 242.71137 273.691272
304.045071111 324.7173425 326.580953333 323.82964125 251.529828889 182.999993333 153.34767125 151.344807778 147.445625 162.634027778
193.294204286 225.252315 240.327531429 223.986726667 199.687397143 185.576103333 173.660225714 165.124605 167.695297143 180.230955
188.685962857 189.129775714 187.196807143 185.106204286 183.01561 179.710461667 164.178788571 157.577387143 160.902212857 184.614158571
216.89314 232.57186125 255.662007143 277.7835125 284.720152857 268.602738571 242.62291125 218.811238571 208.774985 215.550201429
224.687397143 246.908831429 272.27464 297.64045 325.312251429 357.35933 381.508142857 378.124751667 359.373448571 309.058637143
258.338062857 229.74336 218.114431429 213.07879 204.276142857 185.906057143 165.422855 142.811892857 131.054551667 145.19438
167.16005 183.445398 203.445002 223.173302 234.738538 239.0127775 243.1262 245.348036 243.693458 226.555944
228.71166 258.74813625 264.530421429 264.2372425 262.53264375 262.2327575 263.4426725 266.385298571 267.24553125 240.769045
202.024992857 200.743767143 191.592692857 181.753418571 166.852797143 145.526361667 121.832832857 98.8575371429 77.1707728571 76.6591042857
92.4316171429 140.8651725 193.063442857 241.0802975 255.057067143 239.79619 208.1840175 172.956274286 118.09123375 73.9359714286
90.5298414286 128.46059875 171.605195714 211.430977143 252.23446125 267.866925 268.050361429 266.397657143 264.30205875 255.431851429
252.200883333 272.2768525 277.268275556 272.295055 269.20043 269.149768889 270.951955 270.60321 266.5645375 263.013827778
