396.575014286 396.57501 396.57501 396.57501 396.57501 391.74529 377.220955714 353.931458333 322.438585714 283.348866667
245.848906 226.51521 209.268746 192.27978 173.918788 162.0268775 157.574868 158.1165025 164.833664 173.7404175
187.160135714 200.641956667 222.752918571 249.330998333 275.958851429 301.994385714 306.453603333 291.849311429 272.643393333 256.8793
253.962445 262.553785714 273.286195 283.04295 294.576441429 299.036861667 299.369438333 301.136155 302.243587143 300.58795
292.95055 292.689348 300.483003333 309.75301 319.023015 329.323011667 338.789892 345.853053333 344.564748 324.836166667
302.205313333 285.584543333 268.963775 252.342993333 236.249205 222.767302 179.85754 141.319268333 132.918621667 141.255111667
164.429757778 195.431945 226.434126667 259.749952222 277.624311111 250.67296375 209.758813333 170.004974444 151.6582925 162.82888
281.273027143 281.24166 273.010825714 240.822131429 215.67849375 200.066944286 189.223925714 183.111182857 182.582285714 189.895588571
193.210378333 194.780607143 199.746325 205.191766667 209.404502857 201.584725 191.949286667 194.461478333 215.039174286 250.386845
270.908605 273.775633333 261.02468 241.705028333 215.50408 172.697923333 143.49562 141.5045 146.359363333 160.571545
167.450495 156.174716 136.212433333 116.864888333 116.532923333 220.340898 317.014788333 315.195186667 302.185546 283.108113333
264.601916 256.9278725 253.01925 249.0705075 245.933956 241.5034025 236.184488 234.553985 234.12702 234.8989675
237.736608 248.549623333 260.923682 271.235188333 273.12768 259.33461 234.238156667 216.607052 210.174188333 200.238202
190.089233333 192.745114 194.145438333 191.439528333 189.02265 187.922968 187.995918333 189.416466667 192.680176 196.759486667
200.107158333 211.261645 242.498407143 275.309416667 305.1376 329.739186667 333.043483333 313.047734286 266.066148333 219.410336667
215.230748 213.3598975 210.361414 195.74268 175.73348 157.2705775 143.724248 138.457224 139.8646725 148.285742
176.46419 212.278932 244.074536667 269.501676 278.04006 284.847046 289.924748333 292.006084 293.445343333 295.318922
298.9261775 306.59497 310.6729825 309.73976 303.4973275 294.9847325 286.3615875 277.218345 269.696585 265.0186225
261.372381667 262.628025 282.855596667 309.373398333 338.175227143 354.021881667 349.117956667 322.089736667 288.842415 255.49304
236.345358 231.08636 225.80998 220.457822 208.745402 190.521122 172.769472 154.634643333 140.093986 141.050354
154.3218 178.259163333 185.270211667 182.570555 175.22174 162.10689 141.808908333 124.128153333 120.006 120.006
195.06797625 202.83301 202.83301 202.83301 202.48862375 189.53541 162.6612975 179.3507375 236.55772375 231.592355
