216.38007 217.7057175 218.52347 219.5614175 221.033076 227.100934 240.7917525 259.763122 276.0863125 296.801836
333.17351 360.342433333 362.446044 350.94604 333.067472 311.14369 281.255611667 249.481362 220.758033333 202.308918
196.776723333 211.92853375 231.891815556 252.592465 261.412547778 258.92221125 261.120734444 262.7384 262.563555556 256.64292375
242.662003333 242.662 242.662 242.662 242.49072 238.55133 240.360575 256.823772 266.319641667 262.033196667
261.592326667 263.48591 265.409651667 266.660801667 262.779778333 227.691418 187.737823333 178.774995 179.209228333 178.542483333
177.026388571 185.542391429 212.1138225 243.370607143 272.224412857 301.078224286 329.1352 342.1927975 319.162411429 266.845237143
249.108435 235.444841111 221.7812675 209.0285875 195.394328889 165.3672975 143.05635 133.9354825 129.972226667 132.424545
152.203005 167.595101429 164.666936667 163.750973333 165.74713 171.609648333 173.323253333 173.174201667 169.579375714 168.422006667
206.463916667 207.697722 205.68987 203.192716 202.895558333 204.633424 214.364221667 236.219282 271.264171667 299.60459
314.964525 320.31594 314.192465714 289.477193333 255.893788333 231.525055 226.007751667 242.451145714 266.576811667 261.80482
241.217335 235.1898 229.6789325 224.16807 218.65719 213.9335975 208.422734 202.9118675 195.714062 181.53441
156.770458333 138.449624286 134.63932 158.773653333 194.259847143 225.493793333 241.072391667 239.224293333 220.63397 202.545953333
191.213313333 191.754621429 194.564995 198.020274286 197.765135 177.519091667 157.200717143 154.56468 155.689354286 159.00313
164.305024 167.786783 171.49573 171.441507 162.189665 157.883978889 156.427842 162.108784 179.825619 203.336246
216.623162857 234.367098571 254.891457143 275.41582 297.65054375 318.679888571 329.133641429 335.310615714 338.93482 337.530434286
318.253855 290.265923333 266.04513 251.238696667 234.146286667 203.582898333 168.65301 141.171332 128.920428333 87.902015
68.527102 68.980278 68.7133875 76.78046 116.606474 129.271054 135.342236 141.5017525 148.83382 155.971198
182.60753875 211.075455556 237.2716475 260.1569525 263.930888889 254.8864625 255.37633625 261.352345 266.618483333 272.03383625
