344.348015 344.34802 347.141448571 351.039123333 345.792815 334.987376667 319.238268333 303.390961429 297.010605 298.163025
314.946375 337.211053333 352.785456 355.143135 353.444833333 342.588251667 318.247436667 291.003792 266.991283333 242.419296667
210.798346 201.446188 205.416016 206.687844 200.1531 189.557234 175.271452 160.131602 150.451518 147.366594
152.02615 170.169303 206.322368 245.682792 270.086051818 265.824247 262.835615 263.390603 263.950095 263.882116
265.519551429 272.983306667 284.374324286 295.844076667 302.031018571 291.475198333 281.093231429 279.785648333 282.100764286 278.196146667
273.700844286 279.143416667 288.464542857 296.794581667 296.118657143 285.865882857 280.221736667 274.78598 274.330285 277.456687143
281.285192 285.324768 290.79309 290.826582 280.865386 261.688426 235.021168 202.750523333 179.157516 168.713446
166.899418333 182.707973333 209.945632857 216.213096667 213.229245 202.371811667 189.744383333 176.489975714 169.15803 167.711798333
168.264795 168.400275714 167.597863333 166.970651667 164.446798571 160.718255 158.371153333 158.468373333 161.436727143 166.833023333
183.92675 195.78000375 198.789207143 194.68685125 177.746987143 158.629238571 138.827095 134.198654286 138.75945875 149.51645
181.60146 227.567008 273.294878889 295.853304444 284.555267 249.795233333 207.799008889 182.860751111 160.986436 160.295367778
183.88285 219.954375 255.881498571 290.39428 309.25443 323.706857143 331.0246925 333.146675714 338.7609325 338.808372857
323.27573 307.544992857 292.196333333 276.798914286 247.298631429 199.374231429 156.35105 134.36998 131.145 141.143012857
165.863374286 193.242321429 224.052624286 252.161161429 260.340225714 249.242505714 223.934864286 195.875418571 175.427117143 169.60925
169.58762 170.795703333 171.866585 169.931056667 162.997638571 161.115021667 164.707003333 178.029816667 200.610526667 215.538528333
221.233742 224.585572 219.461795 196.87802 174.59975 156.26857 134.93867 101.650618333 111.64204 154.819388
176.877892 199.031338 223.192672 245.441242 252.799066667 248.374376 238.189104 222.754284 205.799788 187.248086
165.010585714 151.767305 154.360588571 159.181731667 155.917361429 145.56065 127.351045 75.4332871429 70.0131266667 62.5166928571
