380.001005 380.00101 380.00101 380.00101 379.929633333 375.930884 368.634068333 359.994006 343.13562 322.753606
301.608721667 299.603946667 306.424973333 314.171285 322.12182 338.43178 349.05866 354.449566667 351.799921667 342.413253333
341.048516 340.292342 339.683338 338.475936 331.276091667 314.048016 289.48687 265.461912 249.95927 240.607916
232.88719 236.72658125 241.937832222 244.9995875 226.662364444 205.32638 189.139906667 179.9915775 179.748796667 183.94903875
202.78753 234.333454444 238.57883125 212.97220875 198.062451111 188.3267 181.0175425 178.41817375 181.050021111 181.96600625
185.674352857 198.061191667 212.608835714 220.294181667 208.431671429 208.841556667 235.660834286 273.570058333 306.636177143 322.037375
313.200626667 290.313823333 266.301938333 242.290065 218.278186667 195.066696667 177.316343333 163.266376667 134.309111667 114.756091667
129.624646667 151.03708 172.572438333 196.500595 220.428763333 242.007478 262.720208333 278.772203333 284.062394 283.629235
271.41437875 251.992344286 235.54122625 199.94585375 174.01161625 165.344181429 167.2873675 174.66449 186.172891429 202.67587125
215.617234286 239.293278333 287.242724286 334.240061667 344.295411429 336.292048333 310.621258571 279.998503333 240.928975714 211.418868333
188.517698571 184.824955714 181.639455714 178.335968571 175.032484286 171.455551667 164.710625714 164.198945714 181.161942857 219.563081429
225.15161375 220.012762857 214.49361125 208.549885 202.818455 196.778337143 178.72217875 180.15242875 197.043207143 232.12969625
258.050756 290.56869 322.217662 332.695294 324.813095 301.902814 281.393724 257.783402 232.303356667 213.31124
204.854914 215.38424 240.181534 249.12983 249.833671667 249.742832 250.927168 255.8566 261.486983333 262.708196
260.738014 260.1458975 260.008228 259.725135 251.433586 220.723268 191.167045 166.203924 153.07119 153.575258
174.400995 200.885608571 210.13593875 212.152527143 215.71388125 217.83472 220.0643825 222.959552857 207.887905 200.430861429
198.82015 197.355865 195.891575 194.427286667 192.946793333 188.61241 180.628446667 180.745903333 187.232235 192.779921667
199.236161667 222.71776 232.532438333 213.86148 191.037306667 182.85692 179.34306 177.546183333 177.881484286 182.00155
190.760625 212.852531429 251.421228333 287.663721667 322.164952857 327.373281667 310.813811667 279.956005 243.232277143 212.444735
190.108662857 182.116823333 175.873758571 169.630683333 163.387758571 157.703501429 151.045471667 142.393697143 127.437313333 92.00515
103.377885 176.475925 192.369703333 210.571921667 217.419123333 218.558504 219.062663333 220.61989 227.801086667 237.377618333
245.87445 251.847361667 253.772105 244.949158333 217.792307143 173.078396667 149.198366667 132.03235 114.520696667 106.580035
