341.826002 342.065962 353.866236667 373.33844 378.176176 373.348048 358.928528 338.137126667 321.910736 315.981912
316.466188 324.132988 330.60653 327.457104 313.97072 294.761086 275.086344 255.270596 244.645036 242.499718
247.539985 261.456068333 274.67837 287.900666667 301.816748333 306.407195 301.94456 301.035806 302.337071667 292.293626667
274.8339 272.478406 266.67271 239.82898 217.223486667 205.707406 198.411176667 193.480045 190.698232 187.961798333
190.568427778 198.136178889 208.252004444 218.424912222 206.11675 176.599218889 174.109722222 189.427117778 221.90982 258.041887778
273.319254286 298.728264286 314.30331 306.240442857 272.6764375 226.335797143 190.042728571 183.597492857 134.505134286 92.0227014286
106.58735375 155.57838 216.58328875 277.5892925 334.122205 356.7343475 350.8651125 313.51033875 274.8131425 258.165845
261.7299175 297.408871429 321.02407 317.50775625 294.66635125 254.803191429 217.44399375 181.56424375 160.08562 158.286425
205.6730125 205.67302 204.1962325 192.131875714 171.90361 160.874971429 147.1059825 90.9370128571 64.76134 64.6173414286
107.844811429 171.412611667 226.6289 252.886235714 257.665174286 247.268985 220.598547143 184.283531429 170.302851667 172.700702857
188.309435556 211.419661111 237.247322222 263.074987778 289.281406667 307.954532222 309.647261111 314.094052222 324.197617778 322.815185556
308.02062 306.45086375 311.42931 287.0242075 241.054917143 193.533454286 154.7560525 145.860025714 151.2896475 158.43467
169.942993333 175.54097 183.435375 183.326373333 182.323027143 182.905155 185.114558333 198.018185 228.99588 258.725703333
268.47621 274.726562 281.486145 287.2800825 294.039654 300.7992625 306.593185 312.3870925 317.730408 319.03689
305.06918875 269.920994286 237.1631175 199.66806 174.71244625 159.53464 147.233121429 145.502185 147.724014286 150.9499875
163.053475 176.082554 185.97091 185.54069 176.249815 155.45565 132.028932 124.7229375 126.154218 135.1051725
161.705334286 203.212548571 216.194218571 218.784052857 225.6649525 230.045232857 232.299967143 233.223501429 237.397355714 241.003192857
