363.899002 362.859195 356.372382 351.81089 352.785864 355.386748 356.541465 358.97639 360.7509275 357.998864
352.227332 352.282842 353.330376 354.191454 348.053518 333.7255925 315.675652 288.719458 262.331782 241.507416
233.740838 232.704572 231.954286 231.204008 229.974435 222.204764 203.742716 193.344102 187.503938 185.999114
190.565066667 203.124371667 227.666506667 254.091513333 279.460348333 292.629793333 300.4685 303.30266 300.151913333 294.731618333
300.895808571 306.75202875 289.60696 247.23814375 197.022934286 152.725527143 108.09289 66.22408 66.81697125 65.9197828571
226.2595775 232.7955475 241.742956 244.81525 242.49876 236.929005 224.5172925 212.692416 207.5685875 203.914045
202.709244 210.423465 225.352164 231.401822 231.616334 231.6203725 232.225754 233.226998 234.2586425 234.813514
239.27499 239.27499 239.27499 239.27499 242.177061667 252.937062 254.180598333 250.860198333 249.891292 248.62664
251.160071667 258.214668333 256.16663 252.315976667 251.411455 254.296548333 258.752848333 260.575054 262.253231667 256.739958333
231.07257 231.577365 249.75922 249.01482 216.682123333 191.961554 171.589485 149.513266667 133.175818333 130.018266667
136.569064286 148.275361429 175.133887143 224.606417143 286.560355714 306.44636 310.234762857 295.562867143 266.258441429 228.250024286
201.825363333 188.949306667 179.69145 173.815243333 167.602243333 161.798056667 158.026476667 156.012276667 154.506613333 154.30028
163.656125 170.693566 167.974241667 164.15869 160.315163333 154.819608333 146.75172 143.2937 143.915848 154.532235
171.637595 182.313071429 190.83900125 199.35926625 198.37343 178.867337143 152.50166 129.73585625 106.711681429 97.3895925
278.341 278.341 278.1485425 273.353674 257.865162 248.40802 247.780088 249.8882875 252.697382 243.327786
230.7144275 237.520167143 246.36092 254.906575714 257.70291875 253.0377 250.190834286 251.0107325 253.092322857 246.47319875
234.987 234.987 228.142235714 197.33041875 159.927561429 137.489634286 127.01751375 130.620998571 155.93379875 200.9209
244.277154 279.540978 291.0007525 291.405204 287.930908 275.438544 255.128174 232.117815 209.844968 189.88064
183.198143333 181.507496667 176.492805 166.56814 161.01947 156.45998 154.575976667 152.111435 146.335663333 141.532496667
141.259634 147.159492 154.29759 154.94915 140.338886667 133.238554 134.681736 139.127416 147.827418 164.164068
192.4494025 225.586095 235.16136 237.4078025 218.89713375 184.041967143 142.68268125 112.48490125 107.02371125 78.75029625
