274.55301 274.55301 274.55301 274.55301 263.31463 229.321466667 208.805774 199.308381667 194.242434 192.895506667
198.755763333 203.84283 207.927224444 207.16677 194.605604444 195.77548625 197.657752222 204.9906775 219.32173 232.9992975
242.106048333 270.256688571 310.972753333 333.256606667 338.5257 341.121168333 342.372135 342.208688333 339.252108571 324.012918333
309.874496667 285.928078 238.414723333 191.926916 171.316421667 168.035538 169.220841667 174.791668 185.488115 200.701372
219.514221429 223.11728 219.04990375 213.851464286 209.045695714 204.201737143 184.269474286 142.10901125 125.719584286 145.475707143
189.181383333 210.295871667 228.47847 246.661073333 264.84367 282.07249 289.994758333 294.403993333 301.293565 301.721125
291.12317 278.402912857 267.247005 256.091104286 240.477495714 193.452645714 152.873087143 135.855115 127.805368571 132.188142857
151.93414875 175.655718571 203.30151875 228.29686875 245.50136125 253.08503 257.8550225 262.10567 264.9487 267.05490625
285.98999 285.98999 285.98999 281.01205 258.593768333 240.95712 237.75458 239.182778333 242.320222 236.184765
219.0625 218.794136 227.095636 237.20913 248.58682 258.296552 260.346836 259.856958 255.915468 247.475118
235.628676 224.76144 215.310188 199.15249 186.772656 176.540304 172.634284 173.190802 180.11054 193.25932
203.29417875 203.00892 193.353517143 178.39155375 167.72636375 166.09835 167.477595 172.037671429 186.69496 206.2227925
215.386737143 240.515005714 269.666007143 298.79602 315.349958571 318.148111667 320.088365714 321.76423 323.626708571 318.163202857
301.6703425 287.46826 272.1439 237.09316 181.688375 149.0369925 148.1103875 147.312898889 148.5695675 178.17869875
197.064061667 216.11902 258.884518333 291.887518 302.349071667 309.19157 316.134094 320.262776667 321.667956 312.473338333
288.270295 262.955551429 237.696216667 212.43688 187.17755 163.982453333 144.652785714 135.887135 96.8259671429 77.998445
97.0861183333 111.804934286 125.910968333 140.017005714 154.12304 164.250453333 164.825174286 157.296111667 154.47834 154.79942
163.309616 187.625148 219.00279 243.43625 262.368384 280.553906 294.860882 301.193673333 291.918818 252.265764
217.72664 213.1826775 208.85301 202.616303333 190.42158 178.241703333 171.637733333 162.31006 152.6008975 150.722386667
157.82035375 165.35987375 170.615217143 175.87056625 181.16802625 180.49964125 153.12471 95.7292342857 81.69551125 79.80828875
