207.19171 206.641636 203.878768 198.94724 197.595234 199.4159225 202.602706 208.619066 222.927188 243.411652
258.83483 271.594037143 291.849863333 311.721741667 318.947937143 318.454728333 317.883301667 317.552033333 321.616088571 324.64451
314.186145 301.06229 288.194106667 275.32046 261.682491429 243.086246667 200.738816667 166.255471667 150.331295 152.61769
172.294115 186.971088333 207.724408 235.302848333 265.658595 282.789658333 281.53404 266.147084 245.998041667 229.404001667
211.68782875 203.8705325 195.38833625 182.9299325 178.54557875 177.566464286 177.61041 181.0090975 190.3622025 214.0851325
225.37187 249.428281667 286.0127 321.847216667 342.673746667 344.538412 335.242131667 312.857223333 285.057645 249.773308333
217.976865 204.619161667 199.457412 196.353241667 188.633825 165.364323333 148.038838333 139.11889 135.44093 141.246988333
162.93665 192.931092857 221.074258333 249.081168571 279.612122857 301.980601429 310.66895 314.651396667 315.735511429 309.113365714
288.93528375 271.577707778 253.34331 219.631986667 184.30592125 152.426445 139.233893333 138.6150825 128.316215556 164.4183525
193.043987143 193.765153333 203.973264286 261.81513 312.258824286 311.249191667 291.236885714 256.539455 213.782597143 194.351956667
197.32107 218.951765 221.222308571 210.56187125 198.83905 181.306688571 168.813645 168.396711429 181.775235 204.751204286
219.697838333 242.791502857 266.793896667 288.614258333 312.353622857 327.25637 331.370396667 334.525445 338.392991429 339.907363333
343.038454286 340.695628571 322.381411667 281.602651429 233.608217143 192.332197143 167.110037143 143.208281667 108.813134286 100.359348571
193.074012 193.07401 193.07401 193.065512 192.237312 189.585014 184.772228 183.987286 195.241968 211.499128
214.6872475 215.760516 217.568875 219.55543 221.54196 223.2328875 224.483948 224.23275 213.88586 193.0775525
181.2216 172.913871429 161.012907143 148.471218571 139.708457143 131.883805714 132.145792857 145.177875714 164.650434286 186.485565714
212.211061429 249.051325714 268.211283333 260.208421429 229.332281429 185.753524286 145.301761429 103.829041667 75.6054057143 129.673701429
