299.27701 299.27701 298.256705 293.607477143 284.324377143 273.821108571 265.29961 260.547916667 257.289262857 256.531277143
257.728346667 268.838165 283.553174 298.309168333 314.704753333 328.59172 332.679665 334.238558 335.256755 330.604873333
306.003351667 284.804078 265.192225 245.69716 227.155575 192.046171667 173.091336 170.194956667 173.655716 189.467498333
212.202823333 228.9419825 246.288142222 261.73104125 248.681173333 210.4252475 188.351196667 175.24302625 173.296891111 186.581905
198.585326667 212.644985714 238.925395 266.150032857 293.374685 317.028501667 327.18977 326.430016667 312.690771429 292.38703
284.10553 275.2185 254.74266 229.4968375 216.931845 214.291595 214.564385 218.2198875 220.07346 220.0679375
220.1446075 225.57862 238.651636667 254.1839625 272.8227475 290.6784425 300.157545 304.269143333 305.4696075 303.379235
291.146108 272.1720275 251.467684 219.629176 185.182452 160.6576825 147.891066 141.237304 138.672415 139.581758
147.665793333 151.325152 151.597425 151.02331 149.081716667 150.549731667 159.331912 171.282071667 188.703958 199.124993333
204.85315 218.689858333 236.983576 255.277296667 268.519858333 263.783595 241.226656667 222.712886 204.669433333 195.551586667
193.233713333 186.31314375 169.40249 151.970465 140.322982222 134.499331111 132.317375 142.72476 188.81983625 237.16199
188.065282 189.231754 189.659834 191.591162 196.850495 210.00463 232.234026 257.058586 273.407538 274.146956
262.202604444 242.61000875 223.657951111 212.1592475 187.762384444 161.646724444 159.13844375 163.934998889 177.6997075 177.880673333
285.85843 289.99656 299.1733375 307.271195 304.850122 291.1333925 275.95913 263.541375 252.5347225 243.8180475
241.742214 246.598878333 255.272586 263.12801 271.965368333 280.802728 288.88561 294.154302 291.840716667 288.49921
290.0970825 298.907386 301.6118375 290.920812 263.2628025 238.2581525 211.048122 180.9324625 164.089384 160.6043475
162.001731667 167.545431667 173.938845 180.225703333 183.161368571 175.010088333 164.696505 163.386763333 167.033841667 177.629876667
183.437054286 183.774138333 182.759474286 181.62122 180.017954286 167.411014286 130.104476667 86.1065471429 70.247865 68.6086
