224.02225 225.194145 225.565834 225.0402975 221.210394 214.25907 210.875286 206.36361 199.78672 200.7874175
208.64268 219.963525 232.399271429 240.860635 231.023158333 211.82673 214.220708333 228.945298571 238.185211667 237.785836667
235.674691429 228.967632857 207.023607143 187.289428571 178.68895 178.345571429 178.304525714 178.756188571 184.855565714 197.994642857
204.325352857 232.01755 270.133098571 307.948551667 329.800218571 330.94601 312.5624 280.796141667 251.606038571 232.846608333
231.029001667 253.31193 284.805501667 297.88642 299.742046667 299.76418 300.311335 303.317866 305.597868333 300.984302
295.720281667 304.604605 318.413853333 329.222773333 330.557405 330.430966 331.95365 333.396955 329.445836667 322.527895
321.199256 321.62903 321.41636 313.5491 290.817134 266.098855 238.315602 211.325888 199.8565475 193.262044
189.298528 187.601532 183.37677 173.739686 167.239888 164.02426 162.081898 159.703851667 158.600462 163.068792
182.073488571 196.568457143 199.086125714 201.915514286 204.98674875 207.327042857 201.701358571 185.50492 182.890557143 201.025358571
248.03479 280.645065 289.544488333 287.582498333 277.354791667 250.72675 226.205868333 223.08851 237.991143333 256.383988333
269.558646667 289.21846 309.656914 330.095375 352.788311667 369.74122 369.417246667 350.73341 314.559253333 270.133396667
255.587938571 242.98715875 230.38638 218.754912857 202.23433875 172.6273525 147.280674286 133.653477143 131.29266875 139.508295714
154.30336 159.830218333 161.153043333 160.067521667 160.019552857 161.243975 163.064561667 169.163918333 176.562721667 247.010346667
342.598932 340.149105 314.857818 303.75904 307.480173333 309.41076 301.083898 281.483302 244.751991667 211.480144
208.762783333 205.13654 199.942245 195.20991 190.004337143 185.184195 175.695793333 159.015661667 147.243712857 153.623528333
179.61642 201.163172857 220.555605 239.948037143 261.314741429 288.207277143 304.224444286 309.941858333 313.113221429 310.944957143
286.5547775 271.259117143 259.46093625 202.212725 151.94039625 138.229978571 137.918895 135.1104975 134.92102 134.9210175
