241.9230025 241.923 239.66385875 214.14768375 202.16824125 200.1685625 202.19857875 210.61531625 226.0793675 230.98908375
226.62787 220.41093 214.0154675 208.304756 204.292814 207.052016 217.819794 228.8083675 236.09835 239.0545
234.719124286 218.083234286 199.898181429 181.19704 178.861575714 178.32133 175.90585 178.387731429 190.268731429 201.72651
202.440208571 217.317451429 241.79319 266.36242 290.931644286 313.168252857 321.476205714 320.082642857 314.14883 307.964547143
304.807015 302.7558725 298.030905 286.4938825 270.794845 255.5236025 240.7891475 227.91188 223.7928475 223.0915125
222.97619 224.862095 240.168424286 266.578336667 290.908791667 306.975656667 319.390223333 326.558454286 326.64092 311.11647
295.51551 291.323706 287.3570675 277.602594 257.066965 237.1539825 204.059796 171.96582 162.077366 144.4684075
84.12091 84.12091 84.12091 84.12091 83.00709875 77.69044 68.9188 64.7764757143 69.6954671429 80.3720157143
380.595005 380.595 380.480503333 379.329706667 376.896518571 364.054785 334.94992 296.021138333 268.138676667 244.914928333
226.588096667 222.597964 219.115575 215.246255 206.538551667 189.008586 172.776115 165.864075 164.710284 163.261111667
160.00019 172.10324 198.642368333 219.870255 236.329577143 258.008893333 257.42745 238.426381667 219.342204286 209.74967
200.1964125 206.020588 220.322765 220.72031 212.740725 200.8681425 186.781956 174.8239225 172.20417 178.316665
190.49576 207.158886 225.504398333 243.616106 253.373531667 253.97028 253.61375 253.95484 255.878664 256.826543333
261.743528571 264.213951429 262.529004286 261.919545714 261.951568571 260.46435 259.062415714 259.269848571 250.5049 237.173905714
246.547381667 261.034365 275.5617 290.089055 304.616405 323.919636 340.026513333 341.511175 339.216873333 334.48712
318.154341429 293.880238333 287.154241429 282.7161 271.268432857 246.145963333 213.61236 189.303008571 182.797023333 188.616801429
208.265925 228.415848 248.565771667 270.719416667 283.32382 285.847358 286.990923333 289.08392 290.150618 287.754595
281.7585025 282.0417175 286.3149475 292.30587 299.464132 306.582895 309.5751425 309.8972 307.892805 302.3563375
293.619458 293.3075025 302.678828 315.1341925 327.649182 339.439125 344.19151 341.240495 313.32998 286.1650825
272.7565 260.410506 248.064496 235.718492 221.829248333 207.323904 190.45315 168.101698 162.932606 164.928286
174.916325 201.651875714 219.418725 219.93147 207.727372857 176.503071667 137.894185 97.3491733333 59.7395228571 61.32787
123.511285556 270.585296667 273.016108 239.691485556 218.201424444 214.660105556 216.648977778 219.594277 227.635512222 246.829846667
