323.604861667 348.366204 353.682348333 350.714052 342.332725 317.686335 282.69378 251.584166667 238.355716 228.382618333
213.65404 217.37193 233.999396667 248.837232 251.122614 245.721058 229.90166 211.290346667 197.658622 191.942476
197.15155 201.435823333 196.521724286 188.375165 181.883477143 176.854067143 174.956405 174.646067143 175.317013333 178.48843
196.409725714 227.852641667 265.35976 302.866876667 333.87925 340.003488333 331.084451429 306.575556667 272.490008571 236.325403333
211.658981429 200.673176667 199.887215714 220.173588333 248.202087143 275.469926667 286.607824286 275.624583333 240.90849 211.45409
187.62049 171.44432125 158.471715714 149.158635714 141.4887975 136.4322525 137.819385714 142.478964286 154.22503 169.661822857
185.31088125 204.1841825 229.137437143 254.537115 281.92105875 304.67369375 308.203175 308.35114 307.4157075 297.26204625
273.956726667 261.499045 248.808191667 219.600981667 173.966553333 141.664221667 126.573765 126.538386667 139.29486 148.387701667
169.400041667 187.897192857 193.833 198.944393333 198.786347143 189.432971667 190.560578333 195.066001667 197.852157143 200.516593333
240.323477143 269.692486667 271.83017 271.857291667 271.73114 274.669668571 277.3421 279.528215714 280.406631667 265.930787143
201.184017143 201.18402 201.18402 200.522634286 196.822908571 195.135437143 194.923024286 195.632683333 201.645314286 214.622827143
222.218358571 237.36351 257.07338 276.783265 294.733324286 300.118287143 296.920001667 295.085962857 296.610803333 293.388124286
269.38735625 254.88513375 241.15697125 227.09173375 190.72359375 172.395381429 166.79954125 166.08163 178.3491825 192.8859425
204.142315 229.715988 268.882116667 286.739761667 289.100428333 289.824934 288.605415 288.196926667 289.609698 285.669931667
275.596184 276.126594 279.756214 283.697894 287.729538 290.968906 290.653724 287.883966 286.892382 283.371746
270.573992857 248.586783333 225.121347143 201.655896667 178.190448571 154.74262 137.257538571 125.060638333 128.416082857 133.525528333
142.820224286 169.32595625 204.799511429 209.45027875 184.497451429 145.871145714 119.7397225 118.149 118.149 118.149
