226.786004 226.770758 224.132924 214.133982 210.363648 213.009934 225.561596 247.338608 273.37175 293.398788
312.899392857 333.025411667 347.98859 350.164071667 344.14225 322.955658333 294.489412857 270.218438333 251.081312857 229.874806667
218.60746 217.91509 220.867605 221.2704025 214.13467 208.532295 206.89839 206.6355875 207.6787475 213.59655
231.525755 263.851155 291.739003333 322.936283333 340.932045 338.831996667 323.42476 300.792618333 273.771021667 253.426446667
253.247568333 267.93759 286.65677 305.365813333 321.379258571 328.659378333 330.494803333 318.964846667 291.577495 266.777603333
254.558622 242.669621667 214.14576 177.880763333 159.402528 158.371866 166.630063333 183.88496 195.700921667 200.96018
203.81825 213.660812 217.6313875 214.83919 206.321186 196.829104 191.470434 190.5596925 190.271472 191.34699
196.098088333 222.583198333 255.8135 289.258035 316.009103333 319.565566667 322.816198333 327.616032 327.23478 314.844231667
291.613952 274.0291675 263.152972 244.897702 206.886826 184.5420825 177.30365 180.478184 189.350265 195.780158
213.620845 273.601986667 310.3858175 301.79100875 262.462671111 212.32654875 166.09124 143.3731375 141.821721111 169.186305
233.809015 233.80902 233.78027 231.742974 225.7977675 217.97206 210.514514 207.716645 213.420728 229.96848
240.528852 266.327348 301.5271225 318.427086 323.705278 322.32596 311.329224 295.348175 277.891922 248.042796
220.73551 211.656912 207.6799625 200.875968 192.3703975 187.10287 183.22851 182.96224 187.077512 197.616475
209.7195675 234.634638889 245.8210575 229.429778889 214.53395 203.37628125 195.566982222 195.244435 193.06224 188.27601875
175.349101429 186.964243333 230.934995714 269.583818333 307.826681429 333.204524286 337.4602 339.66018 343.779693333 343.28313
337.61749625 335.29814 331.0363875 326.21500375 314.87026 281.69306125 238.6874175 208.53133125 198.257345 194.43932375
195.736438571 212.64449375 241.863597143 269.10228 298.61087 326.12672125 346.950804286 353.480887143 357.49422 351.458545714
344.793848 340.276215 333.169324 325.706011667 301.383422 267.436856 237.191033333 203.761386 179.361 166.555516
162.096058333 160.180484 156.929266667 152.178435 155.80484 165.050734 181.916638333 207.020803333 239.136016 266.427063333
267.1289 250.213252857 231.237055 213.985963333 195.009751429 177.504106667 167.086888333 155.620788333 152.708505714 152.22316
165.5722 178.703886 186.357748 194.004264 199.288555 197.233792 183.96982 167.976298 158.433152 154.780102
147.6252025 128.6674475 108.5333525 88.20034125 71.5849425 66.4049157143 74.45814 68.11618625 79.7129375 97.60198625
