299.07001 299.07001 299.07001 299.07001 298.777345714 289.494456667 281.820771429 277.916973333 276.936191429 269.457478333
250.748917143 265.745998571 272.42972 252.708095714 222.575048571 194.459341429 169.589041429 160.191641667 162.093641429 169.394891429
176.38429 177.113196667 177.35976 177.628722857 177.916311429 179.125508333 181.692988571 184.371504286 193.761156667 198.073668571
198.02833375 212.011455 229.29000125 248.104955 251.135506667 243.69959375 242.5954375 242.3268025 240.74993 237.85097625
231.084403333 236.259758 246.555585 290.783763333 327.829795 338.78869 338.749646667 326.662558333 301.857526 269.730721667
243.281556 232.407766667 231.447834 241.602446667 261.385512 263.62061 252.131538333 227.623944 205.299326667 190.496006
180.075628333 172.715343333 170.345668333 167.80453 158.68329 151.212673333 149.71512 146.590625 146.09721 164.90125
190.6709175 220.617845556 254.604595 277.77945375 260.23798 213.4606475 168.84431625 165.23888375 188.777844444 237.95556375
203.99892125 197.54520875 191.24446875 191.8704575 218.29855375 264.243485714 309.0403975 339.91663375 352.7463375 339.1146
313.768516667 300.931795 288.994313333 269.939315 250.27919 238.19217 226.30614 218.351403333 214.0230425 209.996946667
212.529514286 230.518038571 253.628 276.737972857 298.326664286 316.892725714 322.809487143 324.3950975 325.348005714 317.616871429
285.02035 262.344272857 226.128308571 182.599294286 156.056215714 159.86276 172.666755714 157.506182857 147.490545714 153.532151429
200.934015714 202.30202 202.30202 202.272947143 193.71821 170.594951429 167.036197143 175.367992857 202.636992857 230.224437143
243.184533333 258.378904 278.901946667 290.152984 294.362208333 294.948551667 290.232458 278.843341667 268.549798 266.511006667
269.478951667 283.685185 309.040968571 336.05205 350.146061667 351.872603333 338.675813333 303.895364286 263.372625 230.912088333
216.257798 206.248174 201.164424 197.719682 192.80067 184.545018 173.188232 161.171282 148.363966 134.69144
126.024403333 110.301546667 84.91704 68.5391466667 64.3362333333 63.89882 63.89435 65.5029 84.87405 115.44919
131.410722 142.199758 154.250842 166.36107 170.741928333 168.342782 154.1765 142.086734 147.28357 170.186184
165.364875 141.655312857 116.19100125 96.49503375 119.99452625 136.193858571 134.82950125 124.94572625 97.0873357143 90.568815
