214.702183333 211.93077 204.18076 198.635456667 207.880013333 236.901406667 278.564686667 312.862268 337.077356667 337.37261
325.825635 306.593901667 286.845532 268.860728333 236.828146667 221.045671667 230.005318333 247.17802 266.594066667 281.709923333
284.203408571 279.632948571 272.09015625 220.069195714 172.90201 167.054627143 181.475017143 213.87894375 261.32115 282.284741429
276.330021667 263.6629 249.44565 236.484318333 228.436985 200.321906667 182.697718333 195.42162 223.01683 227.857875
221.40881 227.430834286 218.689335714 191.412015714 162.970302857 143.959784286 138.268867143 139.110008571 135.768657143 130.368121429
208.68201 208.68201 208.68201 207.967402857 188.483767143 174.901641429 189.136342857 229.074755 271.781932857 284.624344286
285.408798333 289.170257143 294.66465 299.670385 304.664202857 306.002758333 304.502706667 304.70277 306.259285714 299.221993333
295.954725 295.160005 293.531485 291.902975 291.1082675 289.9227 287.0681175 275.218125 255.0622025 232.4857825
213.932076 197.479986 183.137143333 162.948082 150.484856 146.257652 149.078846 161.532366667 178.587034 192.629516
207.86166875 207.788975714 205.0607325 203.22648375 201.392235 196.629144286 183.91736625 184.87301875 204.709977143 233.8425675
237.215923333 233.80387 230.211711667 227.079813333 218.389115 187.716026667 173.004366667 174.90729 188.531501667 204.463465
215.491783333 221.87443 236.46629 254.834795 271.549115 289.719855 297.223726667 299.229055714 303.299473333 299.889685
280.64328 250.14475 218.32118 186.497608 154.67403 126.8284025 99.12081 78.317832 82.310144 154.253756
168.978635714 78.58677 143.81549 194.965462857 207.173038571 195.736738571 168.194057143 156.661167143 151.9849 162.050757143
