219.14464 227.54602 223.404748333 216.909172 213.46812 216.073271667 227.160806 247.497798333 276.384466 294.522115
301.160387143 297.777414286 283.015987143 254.732647143 220.808968571 202.440841429 202.311261429 220.485998571 245.681874286 243.633955714
234.101206 236.93114 238.788974 233.84824 212.714665 189.356884 182.682482 183.31478 193.36545 206.926054
233.699721429 261.975797143 280.652378571 283.31264 266.5894925 233.937044286 210.529071429 193.723028571 187.031951429 191.345727143
197.246885 222.899918571 255.133333333 286.59079 304.192815 307.910783333 306.857328571 306.842326667 307.166752857 304.06579
307.592488333 320.793072 322.830081667 320.026946 318.698978333 316.930134 315.889973333 315.86576 316.241963333 312.23559
308.568408 310.7321925 315.64154 323.714035 332.575426 333.8736575 324.534374 307.1061325 288.808272 268.74482
241.43997 230.443214444 257.524383 275.90181 259.807902222 225.474123333 197.700578889 185.591382 188.923842222 203.06067
225.566471667 250.925473333 275.21431 299.584446667 311.321626667 311.099854 309.926661667 313.669941667 319.022975 313.642308333
288.532346667 255.0243 228.083985 182.794767143 149.258878333 145.9319 150.432897143 164.640305 182.222065714 200.33938
212.965161429 244.878493333 276.746521429 284.664925 282.413665714 278.702223333 278.115342857 279.392485 279.812261429 272.554096667
263.34613 267.98814 274.097426667 279.50961 280.99272625 282.44303625 280.86642375 277.981965556 275.21069 250.3329075
260.923343333 266.233791667 260.0568 242.729865 222.577315 204.280748333 184.020215 166.794386667 161.423195 167.746818333
175.980832857 178.4575 180.66508 182.868272857 183.97074125 175.942978571 165.108302857 162.60689 168.362387143 188.319848571
196.974791667 207.264806 236.299438333 267.053096 281.399256667 282.834638 283.94187 285.410246 284.777643333 275.258182
277.775888 296.360925 301.450796 291.54865 269.55104 245.059808 215.86381 186.645356 168.60991 163.763154
172.43701125 210.384508571 249.27374125 256.212737143 237.9402875 199.617575714 152.4143975 120.414628571 116.00570375 95.7616971429
