334.777544 358.656776 383.853888 390.749134 384.531548 374.051955 359.600556 343.682154 327.154918 311.594366
299.551133333 307.36957875 319.130832222 331.781724444 349.161361111 338.26213 303.946313333 267.830871111 242.147675 213.765303333
198.847233333 205.179216667 213.299476 214.603686667 207.44186 182.767275 159.119573333 146.929136 150.973425 164.9129
191.45774 210.424697143 221.41219375 232.399701429 241.133355 240.5034275 238.018482857 238.2236375 241.12668 237.64631625
204.18024 196.07253 214.030318 252.26544 274.325186 284.3361575 288.386614 284.074958 267.7167825 243.692698
225.181783333 221.416255 218.19491 213.852033333 197.676841667 182.630893333 182.60154 197.441217143 221.78631 239.330243333
237.98660875 237.95398125 239.66228375 231.52802875 189.238318889 157.32743125 149.3456925 149.779775 147.18525 141.25910125
108.860662857 108.822483333 171.500428571 249.610262857 290.910135714 296.138428333 290.732812857 265.112337143 237.871321667 222.24164
216.717098889 229.954268889 250.681813333 271.42337 291.966361111 304.25436 309.501732222 309.387113333 281.447994444 244.048243333
226.277 197.632472 171.539914 160.212934 158.902141667 162.179444 172.957874 188.338022 199.411486 211.889208
218.189364 232.159888333 257.25671 279.612608 291.452468333 294.179372 297.123608 298.640326 281.129863333 250.40255
246.0039075 242.21392 228.2459075 205.622503333 180.916295 165.791863333 156.391315 149.41906 147.18238 147.378106667
158.2841925 179.537438571 201.06079625 224.23979 247.41879 269.382337143 290.66255125 299.4538 309.845908571 314.62446
285.42762875 243.19740875 211.080291429 169.83662625 149.50156875 136.1409725 133.26242375 136.270308571 111.0812825 56.34610875
