394.892015 394.89203 394.89203 394.89203 394.828746667 388.750954 372.690975 342.607458333 290.88502 275.424971667
279.69476 285.0286 290.362464286 301.836675714 326.940844286 321.136296667 315.367217143 316.284042857 319.02123 320.323994286
314.555228571 302.996695 268.917055714 241.107845 221.251481429 204.893615 192.814848571 193.723775 207.088998571 219.0864
241.4693375 273.7154275 279.8062325 283.8375025 295.548985 296.641164286 296.19205125 296.284715 302.26202 308.04266
289.141998889 274.059945 263.289 252.51806375 241.747128889 232.03932375 208.883493333 170.96370875 155.244921111 150.7130725
148.72149 148.331557143 143.15702 140.50964 143.72525 148.465397143 157.0957075 176.121842857 206.18756 225.811984286
221.707623333 221.591921667 224.63566 227.363518333 227.737001429 227.901995 239.523628333 268.961751667 310.329203333 335.961295
335.702421667 318.615461667 296.158445 274.279288333 259.51908 227.832291667 183.847918333 154.8658 139.916406667 138.20226
156.69797 178.840178333 187.82525 182.692298333 232.732672857 273.365875 279.96998 289.287628333 293.600963333 286.277741667
262.46891 245.232512 228.189611667 210.780481667 187.03453 165.577706 147.97032 141.384431667 146.855984 151.319163333
165.739471111 185.32092625 204.863931111 224.851385556 231.567921111 229.76387 228.084531111 228.485628889 232.12234625 234.036397778
247.567015 247.56702 247.56702 247.416482857 233.9902875 217.608921429 222.43573125 253.561981429 294.12131125 308.013855714
303.79079 300.871683333 289.83569 238.977086667 176.986045 137.051588333 130.425931667 144.968418571 145.822171667 148.238795
164.602012 193.65971 228.480178333 250.542702 257.671354 260.488972 266.21513 274.002853333 280.363378 281.101448
257.865097 215.362538889 183.758978 156.305907778 147.215595 147.664869 149.329758889 157.776713 183.12173 202.685156
