343.596635 350.312216 358.007486667 360.00718 353.528448333 332.126088333 302.640344 262.30105 233.842806 218.36776
209.574843333 212.90492 220.751998333 228.212682 229.229163333 215.469356667 199.11087 196.391945 199.889034 208.48568
210.644282 207.261545 198.88835 192.642245 188.969646 186.707665 186.598234 188.9270375 195.28302 198.780605
208.017255 226.236665 219.60254875 201.76682625 185.79468 181.9121275 181.55616 181.05823625 195.6512025 209.69054625
252.05236 260.7003225 276.85844 289.9985875 302.301396 319.1062925 329.469812 332.0905175 328.644464 313.699275
293.155991667 270.421486 245.776155 210.171132 185.558391667 172.287156667 172.495986 180.07592 188.862972 198.736096667
208.28345 213.757268 223.426898333 243.56012 274.37835 308.726092 314.561706667 323.682942 325.551661667 307.879992
280.368694 268.613806 258.59386 239.427122 206.208706 186.525288 176.502754 174.5318775 182.665238 199.504352
208.837935556 215.01962375 223.955337778 233.554003333 241.66905 233.67393125 217.531063333 201.70022 197.1862125 190.053592222
350.50601 350.50601 350.31903 345.047234 336.137646 326.514185 311.722808 287.380196 246.6398325 217.156978
207.654703333 205.538593333 203.144566667 196.89956 190.161313333 179.460176667 165.423063333 154.308143333 149.782643333 147.012216667
141.201 141.883428571 156.133596667 192.238257143 236.931675 261.028203333 262.715591429 255.194683333 234.155355714 208.662968333
200.257706667 209.98453 227.21568 244.601922 260.968598333 267.356134 255.670701667 221.878304 198.80602 181.733772
180.418868 190.199054 191.849655 191.05027 188.853422 184.241344 180.259174 178.572835 178.69602 180.804846
182.560661429 182.1591825 177.237445714 169.138954286 155.3109625 140.07133125 132.433102857 109.239974286 62.73671875 61.9087528571
189.344298 189.131512 188.489798 187.522192 185.977238 185.7068125 186.92592 192.15962 200.603854 208.23929
220.061565714 246.167697143 253.271854286 217.101678571 183.0378175 162.170498571 149.14378 149.694234286 178.859374286 217.363857143
243.7686825 253.997124 255.0639625 249.555474 241.6471725 230.223185 204.977286 178.3993475 164.070462 161.6706725
160.348363 156.837122 153.060672 149.509393 145.56088 139.887994444 142.060228 154.180336 169.321413 173.913264
