300.198017143 300.19803 300.19803 300.038076667 297.502641429 293.941262857 291.936405 292.11377 296.441096667 295.087178571
282.3722475 273.015313333 263.75551375 242.719955 206.87573 186.7972075 182.82769625 188.14435875 192.94618 204.0018375
217.434865 244.319617143 277.13985875 309.955474286 332.94555875 336.12212375 335.348715714 333.18033625 333.896892857 322.6233475
228.27002 228.27002 226.892153 198.799696 168.06637 155.263449 154.857258 166.084005 183.395803 204.028914
230.37889 231.397524 231.7778175 232.3652925 237.470812 248.6556125 261.494775 275.1755675 287.140642 293.0481775
301.392045 319.372865 340.334377143 360.978276667 370.432118333 363.127248333 347.381103333 322.084902857 288.795623333 254.770893333
220.585418333 208.010613333 208.341518 208.83661 203.305198333 187.421945 176.49078 174.406766 174.374495 182.492118333
194.765685714 192.458745714 188.637224286 176.019275714 158.507895714 148.856478571 143.033651429 143.004891429 150.54464 165.23966
190.9996 218.59565 252.644805714 286.294225 302.19268 303.494666667 307.011278571 313.642186667 318.04064 315.114885
292.075702 272.4436125 255.96484 234.745606 208.601852 189.6795475 173.710922 165.909318 167.0205975 178.210552
212.004616667 224.146665556 205.138688889 198.209643333 186.819757778 169.780065 164.135611111 172.786382222 193.326208889 217.934914444
219.918148571 223.410272857 248.81788 271.58031 243.06908 190.561155714 183.672568571 185.765835714 202.407087143 213.185584286
219.22009 235.310235 265.431146667 296.86812 322.178454286 327.151656667 331.078701667 335.032268333 336.362576667 330.614751667
302.5900875 289.530936667 284.0194775 274.950575 262.4328275 239.187886667 213.6958925 196.2136075 183.805503333 180.2822475
182.892752857 192.65139 209.627845714 220.098193333 215.408275714 197.513002857 171.387955 159.739384286 162.360028333 168.902702857
172.487905 152.06517125 123.62142625 96.300715 84.13243125 75.7132314286 66.35544875 66.62642 115.2749375 196.5565575
271.130328 282.540028 290.01625 294.62169 295.528308 297.237608 303.370458 305.578498 301.936554 273.241144
239.944226667 237.0589775 235.370816667 234.09866 228.967963333 220.13739 201.242545 185.82228 179.46528 178.35224
179.447967143 181.479628333 183.46777 185.554882857 184.814438571 167.848628333 161.929061429 182.285805714 190.209791667 189.102075714
192.82201125 209.126354286 228.4756325 240.54600125 232.4589625 208.583424286 179.49963875 114.0021425 67.8339185714 65.66155
