399.659 399.659 399.659 399.200545 396.81588 392.39376 384.0559475 368.30819 353.47215 338.8407
306.452852 271.82075 248.12284 239.115675 227.874038 213.675038 212.5584375 224.2414 247.642355 258.868844
261.51852 254.419281429 243.921817143 233.412042857 219.417735 192.913335714 169.450444286 152.753218571 158.83149 160.752727143
167.5980375 184.539154444 201.33075125 218.122335556 233.07152125 231.53262 211.647356667 194.90036 193.524115556 201.926445
199.97049125 201.630165714 206.37305125 211.53751875 215.58700625 205.353985714 187.3945575 158.17761875 144.341954286 151.92630375
177.69896 202.049904 229.44472 255.988346 271.287894 275.821002 273.12268 257.190525 234.795776 209.914648
184.691192 181.4690175 181.34318 181.3198 181.019726 179.23312 178.470936 180.60296 185.0672275 190.43269
195.200618333 198.70903 204.079903333 209.07218 213.624687143 206.4068 191.989133333 193.051211667 205.414244286 208.061856667
203.760906 203.1452 203.025768 202.886526 202.746692 202.6243525 199.505994 181.15086 170.152662 167.098136
167.597523333 170.7795 175.441443333 177.643143333 177.862 177.62231 176.348703333 174.524256667 173.373443333 173.08527
185.53263875 197.020622222 201.00389375 204.68842 201.317652222 169.51268625 159.28149875 166.3414175 176.712846667 205.687785
244.243545 266.382537143 302.0352875 304.9259025 274.40840625 236.46276 197.9226775 146.90400875 133.298825714 216.604215
214.32592 207.774416667 201.222915714 194.67142 188.119917143 181.568416667 175.056042857 167.757166667 142.769387143 129.241183333
135.098108 147.135166 158.637111667 166.359316 167.738932 161.346132 152.733384 146.750608333 143.122576 147.32884
169.33927 180.175705 189.54221 199.13523 208.28367 213.18194 212.4829025 204.838534 192.27579 176.022794
164.33973 160.6644 155.205496 148.160748333 141.009675 137.871501667 134.609266667 131.056344 134.777473333 149.407351667
167.22581 180.98155 194.773366667 208.421153333 219.335353333 223.59128 224.020466667 223.650523333 217.709646667 201.237476667
180.574951667 161.761002857 143.828613333 130.924743333 121.295572857 120.755 120.755 120.755 120.755 120.755
