365.786994286 365.78699 360.387486667 342.631548571 330.89168 320.149267143 306.865934286 296.19488 290.919097143 287.751652857
285.005085 293.373856667 308.475588 323.86226 340.9385 353.340351667 354.23646 345.00299 321.38868 283.5374
272.191996667 269.56903 268.227423333 268.759344286 265.183925 254.21602 241.07679 232.578591667 231.853 229.223553333
218.3768 220.996202857 227.46868375 233.0243825 220.24159875 184.566651429 156.86070125 151.6824425 147.522587143 148.529845
171.920944 198.721154 222.741155 231.85436 231.821928 227.365748 219.480356 206.852778333 196.59344 195.98601
240.62069 251.111926667 258.519835 286.4066325 311.0814975 323.861053333 331.11892 334.1221625 336.02302 337.219315
337.096471429 335.098545714 325.343827143 295.76592 251.229777143 210.986405 181.423014286 169.111312857 167.506114286 171.058298571
172.453206667 172.015923333 171.76705 171.083506667 169.044586667 167.16673 166.447136667 166.37491 166.51139 168.279276667
180.665003333 186.919161429 188.73064 190.374318333 191.444732857 184.18121 166.855176667 163.743266667 173.800285714 195.120558333
208.112148 224.780428 241.19701 253.433436 261.342748333 255.662156 227.466506 203.087 191.165856 182.914132
179.421484286 183.98558875 193.938001429 202.869288571 204.167745 183.56829875 150.261892857 131.908522857 121.26079125 119.894
