209.3 209.3 213.20125 287.32502 393.120808 388.784742 370.500002 350.782525 323.796482 283.368162
231.077237143 224.367638333 225.906108571 216.232213333 197.046468571 182.050725 177.53324 184.513545 204.976432857 224.668206667
225.1843825 215.17163 208.27740625 197.57342 182.42321 168.38051125 164.245535 120.1945275 61.803665 69.2619525
142.1116175 174.98975 187.022825 191.9686825 196.9351225 211.2511275 231.86423 250.92926 257.5196825 257.945235
258.120348 260.35097 264.34419 265.294714 256.392445 250.507634 250.729382 255.147338 264.666426 273.935194
280.80907 290.74433 300.583514 305.022186 302.195366667 289.967752 271.239796 246.671602 224.28871 204.67698
173.91667 182.425835 249.707914444 269.3401625 267.509683333 270.13999625 270.752388889 270.41832625 271.774573333 245.01144875
326.969993333 345.077275 361.563338 366.694738333 363.97077 352.832653333 332.941538333 305.36217 276.537771667 252.406208333
242.180688333 249.434872857 260.253556667 271.095707143 281.937866667 290.589685 289.897888571 262.233495 238.587084286 238.842418333
250.126804 267.469824 284.43505 297.289068 304.46856 317.348988 327.291548 331.825295 334.214952 333.29018
324.274215 307.407435 289.901585 272.395745 254.336145 231.302864 192.609415 154.702123333 142.616496667 159.588531667
175.185608 189.381494 204.039506 218.697502 233.3555 245.7853625 254.388222 260.979402 264.979466 259.191308
241.108673333 230.304283333 226.547 222.151943333 213.589976667 202.390256667 190.998006667 183.57806 181.540193333 181.437
177.738912222 127.842147778 104.022615556 205.076095556 217.137836667 191.379295 159.691957778 142.326875556 136.687443333 132.399002222
387.97101 387.97101 387.97101 387.97101 386.063065 374.728595 363.96093 354.353935 338.94194 319.6486825
288.108168 265.64372 257.874772 245.4873425 236.997038 234.09794 236.9615475 245.00921 251.034485 253.850078
257.9611825 264.043215 282.199622 302.2337425 314.620865 316.97631 312.8226325 288.3349 255.1418725 238.9412825
231.39791 219.880683333 207.910761429 192.289406667 177.32866 160.308111667 152.313101429 165.366795 165.804458571 147.61531
118.93000125 118.93 121.437335556 244.52936875 358.2978475 357.26745 325.05210875 266.45517 222.98125375 216.52108875
222.99784 242.466256 268.384386667 290.19455 293.92649 286.64253 270.505163333 246.897272 219.957766667 193.899884
178.48806 172.332003333 167.8649425 161.636863333 155.493835 151.75142 150.4961225 148.917476667 144.6176075 140.195873333
197.144 197.144 194.983316667 180.65957 163.085445 146.881571667 97.0659671429 65.3303616667 65.5609642857 123.983611667
189.525722222 205.785763333 219.77384125 233.761914444 248.57891 254.873558889 230.13362 169.24270875 156.397257778 197.951584444
