339.586 339.58127 339.4725025 339.36374 341.193096 348.7776925 357.25327 365.308775 369.59847 368.6562825
356.657191667 349.679212 350.908278333 353.118708 355.071966667 351.957345 323.035216 288.219336667 256.876418 225.063871667
197.3881 185.774836667 180.9375225 177.12208 169.87859 161.83192 158.69302 158.434416667 160.1488275 164.335616667
176.91915125 194.31758125 197.86907625 194.36371875 177.5703925 159.14587625 160.05838375 167.25977 172.02778125 183.081725
204.21813875 219.05098 222.531777778 218.56762375 213.26122125 191.2565125 172.9836775 172.525195556 189.58188875 211.14115375
220.476353333 239.540293333 283.946476667 316.794838333 320.766135 313.122602 289.915678333 264.70716 242.78953 230.022501667
231.862995714 245.126305714 260.48651 275.816237143 285.500282857 283.89267 280.656794286 280.13468 280.805772857 272.163777143
219.1673875 142.863528571 117.73624 204.224944286 217.32125375 189.2303875 169.407171429 162.7269175 176.314788571 204.6083475
226.394177143 254.720568571 279.965558571 283.603454286 264.489591429 232.835051429 202.678185714 183.453465714 186.352927143 189.459175714
184.998818333 185.968438571 188.422935 190.904334286 192.598745 192.399 188.296532857 186.517598333 190.326321429 198.155765
211.732513333 231.799338 252.450831667 273.102338 293.753835 315.497486667 324.79601 327.142105 329.23468 334.587185
341.57607 337.155012857 320.751286667 299.70166 278.562881667 260.626938333 242.817958571 216.193528333 198.808807143 199.90665
215.581931667 238.876272 253.795225 254.574478 248.120761667 232.193956 215.361965 198.019404 182.991048333 165.845434
150.103296 139.497818 134.60625 136.111178 137.358713333 142.505452 147.03522 152.273016 161.977588 170.127206
184.405105 196.659136667 198.2710325 194.3920625 188.187065 183.069086667 173.9970875 160.74653 154.070363333 155.696665
176.180396 201.148212 213.773 224.831002 237.271255 249.435054 254.96406 252.472076 234.193036 204.957976
189.260888 181.244934 174.135914 161.586706 148.22222 144.774898 146.9453 157.127304 176.719818 197.853448
209.709548571 231.229084286 257.99417 284.759241429 310.806115714 321.766797143 310.450762857 280.886308571 238.550054286 189.129934286
162.81922625 162.9715825 164.25454125 154.68116125 141.917435 127.894772857 93.79334125 87.80409 134.31963125 181.7220225
