361.55301 361.55301 361.18455 353.271721667 346.838417143 349.866306667 355.574301667 358.454258333 352.502425 338.208195
333.641915 331.0647775 326.482195 311.611345 294.9999425 287.96144 286.833205 287.2544775 286.8172375 279.50714
265.543277 235.068538889 194.749528 164.782762222 164.60926 171.145133333 171.796785 185.489138889 205.471861 205.57484
206.143868 207.983915 206.927492 204.8766175 194.995474 180.2498425 165.229306 154.2719125 151.350332 153.2270675
159.713888 173.568206667 203.247196 237.630268333 255.442058 258.41862 254.5811 242.775432 226.33207 208.893966
198.799176364 189.751378333 179.857303636 160.373524167 150.44347 152.803837273 166.245975 199.524937273 236.856515833 266.814921818
220.688003333 220.688 220.688 220.688 220.688 220.877458333 231.041823333 256.163183333 286.837143333 296.64003
293.661406667 289.489576 284.988688333 267.789868 220.138728333 167.581188 112.892401667 83.957646 109.191595 143.17742
195.002313 221.10594 244.741186 255.461009 258.892187 259.114882222 260.211062 266.004721 267.446152 272.921207
296.389722 308.415846 339.39107 362.596912 360.759516 350.323602 334.915868 307.693566667 275.508598 252.985136
249.98962 258.861056 270.3062975 280.106902 283.355132 280.318048 267.184088 246.3544025 224.189432 202.892884
185.07421 185.181251 189.8436 193.464268 183.6846 175.758612727 173.643428 187.573618182 218.751802 224.763304545
203.747132 204.61969 204.80365 201.11391 189.942718 176.710355 162.075548 151.847124 150.230152 149.878084
154.35942 160.099531429 157.616565 144.008755 135.867194286 137.581921667 143.747391667 158.73045 189.748701429 212.540421667
226.236208889 250.341214444 275.67979 297.684764444 300.246951 296.056866667 296.940632222 300.129465556 304.47702 302.091335556
214.703993333 214.70399 214.70399 214.335011667 201.450781667 175.329102 154.422878333 153.037566667 160.771035 167.201635
186.386326667 208.91049 231.62235 254.334202 275.714186667 283.179745 274.057732 260.414325 243.08767 217.216575
192.406968 172.637796 158.494952 148.510572 143.673364 142.00824 143.801386 148.124038 141.143576 111.988624
92.7895566667 87.638358 82.6216288889 78.9555844444 122.817533 164.566678889 164.493008889 165.833165556 174.699028 213.055137778
