218.435 218.435 218.435 218.374958333 209.249611429 198.054548333 204.146825 228.170123333 257.65667 281.437933333
303.444936667 328.53012 332.537498333 327.41709 312.879486667 297.30461 283.424938333 271.43842 265.374185 259.662086
251.570441667 250.410673333 250.513113333 250.621253333 250.723696667 250.10595 240.62411 236.9216 248.918216667 262.112545
270.814306 282.001018333 301.260506 319.064682 339.704851667 359.83065 363.609752 354.82973 332.8747 298.570976
273.60783 265.450578 256.909515 247.368801667 237.828073333 228.995166 209.940506667 179.957725 160.126692 161.441816667
184.211878571 204.734681429 228.070812857 249.030297143 253.483262857 239.022992857 219.687884286 201.491262857 192.630621429 188.82298
183.549304 181.31488 179.89222 175.242818 168.898302 166.99049 166.92257 168.672112 172.740462 174.630788
183.577758571 193.75278 198.266422857 202.262624286 201.6739475 195.78685375 195.88343 216.123211429 256.546205 286.310787143
297.465026667 298.577205 298.147151429 297.664723333 297.249298333 297.942991667 303.379921667 307.630824286 302.600411667 289.709508333
276.022685 262.33588 250.544288 236.236923333 203.106958333 169.716223333 145.966568333 137.79079 149.493388333 159.869956667
163.089425 182.83275625 228.679812222 273.67166625 286.986445 258.230645 204.01202625 153.155317778 118.829055 106.0518825
266.97299 266.97299 266.97299 266.97299 266.44531 256.427441667 251.306718333 248.056384286 245.825473333 236.203713333
223.39 216.143706 207.006052 191.37485 169.243153333 153.915762 155.77576 161.872788 167.540998 179.794552
199.15118875 223.248172857 253.759375 286.617615 318.91204875 334.141775714 322.15914625 274.52268875 236.037745714 210.55014875
198.408188 193.637154 190.081886 183.131954 172.35055 158.5352275 143.570898 136.0994 137.262818 144.27105
154.163986667 159.565646667 164.82788 170.105195 175.369937143 174.516026667 163.330956667 147.069493333 139.998486667 133.761375
136.550598889 148.810942 145.079584444 85.8174788889 73.110468 82.9681877778 145.195444444 161.590086667 187.402627 212.449054444
