291.895285 297.2477725 300.7058325 301.4860225 301.497475 300.3573675 297.0405225 292.5555875 286.2833325 283.4405125
286.847042857 297.484298333 307.093235714 307.511855714 303.634445714 299.927541667 298.464711429 299.656864286 301.38094 291.270081429
262.153231429 254.004617143 246.43835625 237.245545714 221.301367143 198.867708571 165.601571429 141.385085 137.26616 140.444558571
158.653916667 179.54381 205.765001667 233.093312 250.876408333 258.839501667 262.97438 267.114875 272.904396 277.035091667
276.827973333 280.67305 294.177011667 307.7132 318.505261429 318.999116667 317.69427 321.217001667 327.647482857 318.851481667
287.709621429 273.172115 259.682925714 246.193761667 231.475177143 202.51961 163.426705714 141.926705 137.145467143 138.514473333
154.439833333 169.840386667 175.708166667 178.64092 183.506246667 187.388335 192.55183 199.795583333 204.95591 212.24023
222.958846667 227.366493333 218.039796667 198.75676 179.128733333 160.285468 136.383126667 121.674811667 116.480778333 121.081266667
147.298886667 187.240051429 227.2813 269.570084286 308.404921667 314.565051667 306.070068571 280.41394 245.789634286 209.013283333
193.017668333 180.797245 173.460596667 164.315071667 154.389861667 149.801272 145.26656 140.661446667 148.640335 155.629043333
226.13508625 205.257791429 195.6535325 180.6622875 162.071045 144.478581429 133.9825175 132.22759625 132.259414286 135.2425975
141.748505 145.260025 149.10495 152.38004 156.2596525 160.996005 168.24077 181.298848 197.871565 210.9952925
215.175458333 212.89269 203.260238333 185.90396 169.37763 163.5638 163.943541667 170.012621667 179.15445 184.72068
189.740711111 218.932985556 261.97232 273.911777778 280.842951111 281.353948889 283.307825556 280.937914444 281.702361111 280.199754444
