268.86401 268.86401 268.86401 268.86401 268.798205 265.687124 260.054836667 254.71731 257.979708333 265.842376667
281.04489 306.31913 333.0457875 342.3498 350.9224275 353.9709125 352.0038275 343.2784025 326.555155 301.541565
285.157531667 274.414641667 263.775605 253.136566667 242.19622 222.770568 206.559248333 208.19685 223.152931667 236.124483333
259.839118333 284.112788 283.505595 271.551464 257.604656667 246.72431 240.974913333 236.250674 212.642278333 176.914886
132.75096875 168.329045714 204.94068875 206.11531875 192.66593 169.822582857 145.16819125 140.8096775 145.921858571 163.41619375
192.790254 215.553992 233.8947 252.235416 273.17553 289.94762 302.003716 313.6244125 318.196058 317.9763
306.162074444 280.911103 257.102777778 221.469449 181.279262222 156.806485556 144.110762 137.210988889 139.782959 155.71941
176.695645 197.782656667 229.8859575 261.829238889 277.6661 264.16459125 232.442126667 205.927705 195.394405556 196.43422625
189.236228333 187.86837 188.605728 189.389033333 190.259365 190.938703333 189.191781667 181.11216 163.98164 148.05528
146.85915 160.966947778 196.378775556 228.709641111 247.736765556 236.548505 213.336864444 200.380176667 199.669346667 200.097967778
193.916997143 200.2568 210.242182857 219.126211429 217.47082 201.57162375 196.63931 200.261048571 219.68244 244.424635714
249.877372857 246.195547143 232.447297143 217.348138571 205.397618571 188.429965 164.147932857 126.168287143 68.4226985714 64.6899257143
92.219784 157.597015 228.387038 283.058484 300.618982 306.70456 307.679564 307.892114 307.3654725 306.3648
297.949666667 277.441173333 254.102698 211.475641667 172.372835 150.110053333 151.674186667 166.599302 184.330331667 196.607726667
202.9565175 213.2554425 219.2787 218.9635075 214.1484625 208.69202 199.48103 191.37019 183.6233375 181.124205
186.45715 194.7664325 201.601732857 206.5760225 202.708905714 181.315514286 144.9560225 135.68324 183.26589625 191.745031429
192.801121429 206.981504286 235.01943 251.929844286 263.186987143 271.880261429 277.04652 284.52162125 289.493794286 281.933648571
268.148622 265.408035 250.914164 217.0835125 168.727436 128.34377 113.613045 107.765218 106.2396675 104.823972
