377.9888075 384.9173975 388.138725 386.8814975 381.627204 373.2666675 363.92083 347.03338 322.0074 291.6797775
270.886487143 257.29347 243.888542857 232.30765 220.45202 199.532651429 193.862064286 190.03287 190.600485714 205.035712857
228.359474286 235.608353333 232.506697143 214.68422 195.435498571 190.851 200.262925714 232.132513333 275.980088571 305.312031667
302.65344875 287.929552857 271.67866875 254.22027125 228.89721625 182.661825714 156.92824125 143.2921225 148.123734286 169.02587
186.644184 210.490848 231.07634 252.023004 272.532668 283.577392 283.640906 274.960382 258.75079 244.161616
228.265526667 208.857155 188.907725 166.353796667 148.213611667 135.472606 130.261931667 129.887728333 138.818186667 159.47609
176.37197625 178.18161 178.55544375 178.929272857 179.30310125 179.658355 179.797437143 183.1946525 200.178551429 225.7148925
259.880198333 294.084608333 309.526573333 304.401723333 282.503914286 251.339178333 226.004593333 206.531826667 197.053278333 195.306545
194.387941667 193.098807143 190.520055 187.741956667 185.958942857 185.491751667 187.408905 202.171208333 237.63298 270.487345
283.609734 300.686935 328.496644 334.31343 328.00565 313.2928125 292.033966 270.9026875 251.092688 218.4728525
175.011864 181.048798 234.6815975 256.38211 252.073834 238.090406 222.533594 208.660815 191.9778 181.87978
180.77348 178.84438 176.157551 173.96638 175.141315 172.62296 171.030526 173.442971 191.069877 221.436447
208.188 208.188 207.66992875 199.210001429 191.71039625 191.161082857 197.7722725 214.046585714 237.89704 271.562284286
327.220536 337.0585425 341.654786 345.5909275 345.322692 335.96664 320.1321325 300.219568 275.558 244.577166
208.416294 200.4642125 198.462378 196.460545 194.458706 192.391145 189.47379 185.630315 183.957696 185.2828475
189.366741429 202.835281429 220.712238333 227.2595 212.91109 191.288968571 175.54186 169.167215 164.852677143 146.865794286
126.56179 146.6380225 181.234637143 185.99681625 177.09267 169.449964286 178.45981875 221.70234 281.4505725 310.525077143
299.498318 282.777934 265.987586 249.197252 232.406922 216.207536 185.738176 149.312294 132.978134 134.181454
151.301572 176.013 199.988046 211.715238 204.69698 186.7557325 177.002768 163.23517 148.83817 146.97719
161.8303075 146.241268889 118.2881075 92.71044 79.5934944444 73.9384175 66.2842125 61.74295375 72.6731677778 94.33668625
