351.692002 351.69202 351.69202 351.598598 347.660094 336.143342 332.085246 328.514023333 326.058296 317.656726
305.469888571 294.51108 280.326151429 251.35152 205.205682857 169.272665714 148.2992 136.255825714 135.241908571 147.938297143
190.19918 200.69074 199.072862857 193.083562857 191.048825714 188.307586667 186.744852857 188.471578571 196.261233333 211.169858571
219.222642857 241.05154125 278.827157143 313.864167143 334.83671625 336.3237325 336.187871429 339.378488571 343.83088375 334.951821429
320.58915 302.317195 283.783465714 265.249735 248.076265714 213.258652857 186.573001667 191.14043 211.670383333 233.763244286
258.530113333 277.202116667 281.341623333 281.245706667 280.458353333 279.10585 276.847076667 272.302 261.276943333 239.1947
226.526302 231.604834 237.88559 236.629017 187.931763 133.209287778 69.253187 79.794019 59.261113 55.9832
173.50701 173.50702 178.270985 196.496073333 217.720363333 220.25521 215.553263333 220.260275 234.949071667 232.794173333
236.886975 261.7525 298.009315 322.759206667 326.878915 326.087273333 321.5462975 316.19853 306.34842 292.814973333
278.144125714 261.052725714 245.565795 230.078851429 211.955977143 189.175878571 158.516942857 132.049226667 126.241572857 135.788525714
185.533274286 217.084484286 269.88542 298.978114286 300.111272857 286.478827143 252.84861 199.586337143 163.398725714 166.287901429
178.472947143 191.031342857 210.246494286 228.759575714 233.768692857 220.4997 198.910875714 162.38967 140.426592857 155.542905714
170.94885 192.576214 207.170215 208.596268 207.297668 201.591454 191.946794 180.44876 161.01639 137.259166
114.734806 76.815316 75.92812 79.876458 73.093278 64.876178 62.228578 66.7287633333 72.764582 73.8088
