238.220952 238.180035 236.224434 234.306684 236.994414 246.1771475 267.441612 300.62868 326.25827 339.043908
345.874182 350.256788 351.6083775 349.831384 331.411364 280.5227 233.502242 202.74276 184.639318 175.654264
171.815958 169.6515 170.129794 170.35317 170.663238 172.5045425 177.430182 186.529402 200.9166475 218.281942
247.129536 268.462012 271.908922 266.411756 252.746738 236.846258 221.30776 208.330454 201.412024 194.337698
186.182894 190.177895 192.831288 189.06697 182.801251667 179.627232 179.631116 180.922946 185.416755 199.740106
217.187637143 249.592351429 281.900406667 314.208461429 343.424154286 344.788674286 321.354187143 293.410398333 262.0387 216.931414286
187.434803333 180.41465625 169.003891111 152.421168889 150.533463333 156.057065 161.983886667 172.778557778 198.71041375 228.536283333
245.408772 256.454593333 267.758322 274.54833 267.451416 242.710902 214.32101 187.594818 168.281933333 157.90254
162.508954286 168.311581429 167.467177143 166.465824286 165.32401375 161.186261429 159.89993 165.838287143 177.387961429 192.94883
201.185124286 234.845887143 262.585354286 266.588514286 266.396228571 265.036478571 265.137937143 267.289094286 274.12857 274.589615714
273.628111667 277.808416667 283.699511429 289.590606667 295.040766667 302.718985 306.636678333 306.734707143 306.918781667 301.31161
284.717185 271.88801 259.0768875 245.25212 233.3499325 216.873416667 195.85467 173.2773325 153.406886667 143.5237725
132.285924286 136.872238333 162.99873 176.501415714 174.138634286 159.671725 158.805327143 185.786984286 199.9206 197.914392857
