388.23499 388.23499 388.23499 388.23499 388.23499 382.843228 373.899778333 372.816515 372.675516667 376.016753333
385.786433333 388.67982 385.831635 375.481568333 359.012433333 334.205743333 297.321666667 265.911246667 250.334685 242.958843333
237.188948 233.139 229.499498 223.882602 220.150612 219.389556 218.864582 218.680518 219.571374 222.923088
235.861775 262.216205714 291.911168333 317.193645714 347.181686667 356.357371667 348.33035 324.949168333 297.937957143 279.052426667
278.57657 290.512263333 305.139164286 319.766093333 339.352797143 351.992834286 336.20785 311.14589 284.823936667 254.127634286
236.690334 226.9466 217.202872 207.459142 197.715412 187.971676 177.24899 162.629684 138.620798 127.852252
131.07504 152.715426667 181.043428333 209.404181667 233.671866667 239.95982 241.366668333 244.622613333 245.206773333 237.63881
232.994245714 230.2869025 224.486708571 209.463684286 185.9336925 163.12771625 145.439677143 142.501944286 150.8779825 169.62475
194.692888333 222.32434 252.453336667 288.880823333 320.730325 330.482574 336.976913333 343.332596667 349.791734 345.862075
329.673404 330.732812 337.967846 344.214124 344.906238 333.498686 312.514306 295.188318 279.432534 255.368154
230.24824875 209.970183333 187.01965625 156.387585 131.285075556 114.9284925 99.33071 71.99709625 92.7257822222 223.64080375
316.680995 316.681 316.681 316.681 316.126415 304.163685 282.985006667 263.729248 250.480935 243.86366
245.079594 248.899914 249.921384 244.14781 229.893166 220.167135 214.911322 211.777548 208.920756 199.58489
197.31156 215.410257143 227.996388333 222.293292857 212.595702857 203.603805714 196.599072857 196.577131667 199.293847143 200.570352857
200.429791667 212.707832 249.832675 283.216346 292.712076667 296.247196667 298.459264 300.225635 301.481876 298.434275
291.42298 291.360063333 292.83421 294.533955 296.233686 298.964796 310.893491667 313.495828 311.368581667 310.88238
317.96319 328.656542 343.921226667 348.22254 342.241218333 321.74118 285.013621667 241.780098 202.037761667 182.717482
180.098285714 197.48370875 211.104931429 209.972388571 197.63157125 176.0737825 167.278047143 170.3486 159.9474975 157.578992857
236.135002 236.13501 236.13501 236.13501 230.480324 211.1850025 205.08339 206.145862 201.875766 193.86293
198.8389925 214.787892 233.7482625 250.141925 266.996782 273.9465325 274.45304 273.2010875 267.963426 254.61627
237.794836 220.47436 207.73094 196.6060025 188.674038 189.679158 194.085295 196.647882 199.2184775 206.50319
231.8995675 255.794635 264.08657 263.5762175 254.9941275 245.667355 232.168195 215.6625475 201.49784 196.614445
195.176501429 193.91791 191.021495 188.020672857 185.250667143 181.570921429 164.997494286 142.52165125 112.954378571 126.46131
152.002185 181.526501111 211.05080875 237.7534075 246.990473333 232.3814275 183.6572775 127.55487875 120.94901 120.94900875
