371.793 371.793 371.793 371.793 371.793 370.796186 361.44417 350.007756 335.074653333 309.729602
280.020224286 258.181161429 244.480957143 231.830735714 216.980405714 205.900085714 196.717565714 190.621384286 192.698305714 200.008874286
204.904941667 215.41917 238.056578333 261.734822 285.40184 304.83476 306.683226667 288.527316 253.877285 220.643484
203.338263333 202.556655 203.366756667 205.2237325 205.734563333 204.112666667 200.397485 194.679946667 190.0238775 188.65628
191.32607 197.03854 200.39791 213.670232 228.371068 231.472642 227.57023 215.55549 205.06524 193.407574
187.561662222 183.06644875 174.964235556 169.8836775 171.04151 171.99909 173.863291111 177.24566375 187.142901111 204.50705625
221.377248333 240.891966667 262.895301429 301.416726667 313.857438333 312.742121667 311.894946667 312.170801429 312.944828333 311.67759
304.620398 297.31768 288.777192 278.96872 269.16026 260.577865 251.99546 242.353122 227.8745575 213.892666
202.259691667 199.049944 206.64847 224.997325 249.935086667 259.790974 264.05386 267.613691667 271.505286 271.112816667
258.658082 249.963554 242.519188 235.074828 227.630464 219.28045 198.642602 181.56129 182.019708 187.568418
191.70411 202.487244 217.139015 229.8580825 241.65857 244.6686475 243.1656575 237.54815 229.239554 223.3610025
216.717479091 234.364244 275.826649091 301.618830909 271.89003 218.212245 170.528376364 141.660858182 133.442334 193.782657273
213.696854444 207.532218889 199.55904 191.444938889 188.876811111 190.015478889 190.543001111 194.186502222 194.554338889 185.436485556
208.890005 212.2870725 219.690926667 220.6685925 215.448295 206.58142 196.7838825 189.101443333 185.20117 184.9180475
192.06117 205.221843333 218.555671429 233.101671429 246.406631429 249.73153 244.971205714 244.666465714 247.254396667 246.715991429
236.808157143 221.273838333 204.343001429 185.873001429 168.099702857 160.389371667 160.643298571 161.374035714 161.196355 164.416851429
181.824125 203.42743125 224.59266875 236.4973525 239.000974444 239.1022125 242.10523625 246.49675 245.95316125 231.1520975
