226.285606667 226.307502 226.630836667 227.602152 228.857975 232.730561667 238.344106 246.656943333 255.49696 261.87933
262.005928333 252.231911667 234.634296667 222.080365 213.607306667 210.829458 215.809753333 226.385786667 251.823173333 285.402266667
296.903228 316.653028333 351.447412 362.350493333 360.399316 347.885188 319.570045 285.43144 259.832803333 248.956934
248.7115225 257.303196667 268.716385 279.36903 283.46763 246.26260125 224.918345 213.7648 212.466507778 216.7871875
237.440648333 263.87754 290.059198333 306.36864 308.75086 309.82354 311.684508333 314.625914 317.121536667 313.192364
286.343878333 268.746735 242.895136667 187.786353333 159.883723333 156.60871 158.526956667 162.097888333 183.371441667 211.959006667
235.749475 270.365464444 306.829806 330.769605556 316.620179 267.119546 207.391505556 164.654525 151.072512222 162.389161
225.120758333 229.47501 229.47501 229.47501 229.47501 229.22362 214.783256667 188.680733333 187.524654286 201.938291667
213.126191429 225.425442857 238.338008333 250.048757143 244.717138571 217.079595714 194.507954286 183.642116667 181.219894286 176.4772
169.590963333 171.033825 180.071878 179.532025 171.29172 161.903896667 158.982675 162.817954 184.291255 209.542956667
219.724503333 240.262326 277.177571667 298.966628 297.063965 275.82219 248.974206 222.104618333 201.56463 194.23567
201.05974 226.1527 253.352365 270.981265556 264.8808575 223.73141375 139.965323333 67.59335375 66.8062066667 63.66181875
