343.02802 343.02802 343.156605 349.798396667 358.400847143 359.74518 361.732011667 365.653801667 365.52331 344.587845
318.842596 301.972838 285.17616 269.311124 259.012738 233.3748775 185.947366 156.4955 151.685318 155.877646
166.546505 179.482001667 192.638668333 205.795336667 218.951995 230.537176667 230.9263 220.024446667 210.943443333 208.402128333
215.404755 242.034918333 275.436244286 295.446925 298.277211667 289.727166667 266.137136667 238.245252857 231.267763333 230.14558
217.988465 263.91493875 312.2982975 316.44095 317.9711575 318.065141429 318.7221875 322.88624125 320.05419875 314.59268875
305.88583 292.391215 278.776625 265.16205 250.186011429 235.273696667 223.088601667 203.997143333 182.36419 169.255758333
168.06572 169.719091667 170.32485 167.386865 165.302358333 165.485891667 166.563628333 168.431395 178.862821667 187.438278333
186.26536875 185.983134286 198.51363625 204.269018571 191.49793875 184.18165 190.9164125 219.182432857 267.6310075 307.264021429
307.628072857 289.273267143 270.30751 251.363207143 236.143352857 218.227036667 187.402357143 154.228288571 147.235798571 161.145824286
169.002798333 184.713561667 206.66566 228.763688333 250.861733333 270.891086667 275.758381667 265.647545 243.810171667 225.035983333
216.999502 217.967911667 228.041192 238.114485 235.881906 220.633156 194.769855 176.096416 170.460721667 165.534868
148.548055 105.574488333 97.6535183333 131.501335 137.247173333 133.921432 134.31185 150.158461667 182.66396 220.036486667
237.967554286 236.93833375 231.727367143 226.68028625 218.272714286 185.121884286 131.798135 108.16652 107.46101 107.461008571
