337.137126 361.287536 366.66085 365.581446 361.92557 352.357232 335.681268 316.27111 296.63804 269.228004
236.327436 229.472872 264.205806667 322.073616 326.04302 326.751628 328.640694 330.680695 332.665624 329.49378
326.336311667 328.229395 330.551803333 329.007925 313.04746 289.346706 263.987576667 244.347346667 233.77292 232.495026667
240.281202 254.417004 269.113008 283.809008 295.510668 300.586604 301.389478 302.18074 301.657072 298.2294
294.969695 290.78801 285.153602 281.99611 281.347855 281.36759 282.697465 285.00534 285.80744 285.8491875
281.7320325 265.293925714 238.5697425 185.792055 162.842265 166.968347143 167.30490875 178.74285125 192.081538571 209.96182375
228.12407 265.818015 306.508048333 319.473888333 320.824095714 322.222676667 328.08959 333.193735 327.138728333 246.758983333
200.179765 200.99949 202.5706175 204.21006 206.12274 208.0354425 209.606575 210.4263025 207.97435 193.53317
152.85923 128.791962 149.179761818 206.030661 247.119090909 237.704863 188.468376364 138.707927 97.2643663636 74.439714
252.189356667 265.47601 265.47601 265.47601 263.035845 253.546058 250.525233333 251.511566 253.663586667 248.843704
243.520794286 249.032497143 255.886018333 259.930991429 254.041077143 249.078051429 249.908965714 249.121401667 247.341212857 242.811018571
233.830371429 240.589261667 247.455235714 237.736018571 202.468565714 180.587225 164.665918571 157.160188571 155.403878333 157.715088571
189.508987143 199.038653333 194.788832857 190.021326667 185.25383 180.642836667 176.109252857 148.409931667 114.10959 98.4156116667
97.3085333333 128.06928 163.53719 198.968208333 229.551468333 237.663546667 242.240131667 245.452354 253.234063333 260.88194
260.110167143 249.043654286 253.9233975 265.908352857 277.05849 284.015882857 282.733752857 277.90153125 277.347292857 280.42416
285.53043 296.5349825 294.376911429 266.085564286 211.08264875 165.20703 102.204995714 68.17586 72.8434625 80.1156885714
