238.599006667 238.59901 238.59901 238.338074 226.330711667 210.670465 209.842346 211.453375 214.520854 214.384471667
210.654563333 201.916344 192.133233333 186.362488333 185.374211667 187.022854 189.867805 191.517761667 194.757402 209.775055
229.308066667 251.956711667 283.762264 315.832741667 340.667546667 344.187601667 337.81969 318.719758 289.66385 245.575348333
213.13017 209.434927143 204.842436667 200.10613 191.397221429 170.427728571 155.32745 150.254803333 152.730114286 177.32926
217.865207143 239.772338333 261.398557143 283.024775 305.204014286 318.651855 322.812781429 327.501651667 332.545065714 335.508095
319.493076667 297.388376667 284.438261667 275.87653 270.161808333 248.042978333 196.620373333 165.205095 147.485386667 135.973793333
133.4771675 134.830776667 140.6760825 145.173703333 147.360525 150.771893333 156.0172125 162.549396667 170.1069625 176.547673333
190.737742 205.966716 225.927613333 240.5819 238.013402 220.22726 202.500158 186.694453333 178.030304 174.97486
177.085522857 182.048925 181.030531429 165.719571429 148.31707 127.702928333 117.760427143 110.367417143 105.656258333 170.59766
221.065155 218.26683125 213.28675 208.29925375 202.921081111 193.049175 187.38529875 189.56659875 204.1824675 242.70200625
264.219243333 282.49681 300.302581667 307.448793333 296.907842857 275.953521667 253.269355 242.15416 240.710615714 234.149466667
219.021822857 207.93024 245.633428571 320.823445 341.680162857 336.474172857 310.36254 263.252141429 218.14222 198.712571429
193.410714286 190.508525 184.19554 174.419535 168.599291429 167.278515 170.449595714 180.341075 209.637267143 229.009315
231.178952857 228.018421667 223.924534286 219.458467143 214.99241 209.006498333 190.123875714 153.767655714 130.757498333 128.27017
129.690874286 143.691518571 163.956495 184.184364286 194.830452857 178.112507143 169.802858571 177.52573875 209.871375714 222.690332857
198.450534 191.554648 193.67298 196.920554 198.776212 196.536106 194.342828 194.1721375 193.468108 189.69475
185.746735 177.8925075 169.218916667 158.31799625 135.84354 110.90832625 89.4715225 81.9832122222 81.21267125 185.4022525
