382.041015 382.04102 382.04102 382.04102 382.04102 382.267862 384.072946667 385.247648333 376.823213333 345.860796667
313.171888 293.099956 259.458768 223.970334 199.672618 184.720734 180.894982 184.208572 194.392266 209.66919
224.136536667 229.796354 224.267438333 210.969851667 203.137496667 184.57344 161.400238333 146.086971667 142.222416 143.889168333
155.13715 179.562601667 205.72957 234.275344286 262.066035714 275.565851667 277.950085714 283.790194286 286.37946 277.73373
247.675108 236.412411667 227.126772 218.872872 208.956016667 194.962784 184.979534 178.301022 176.278921667 177.370794
184.70202 188.68245 186.832946667 179.230032 171.145021667 166.668078333 164.096202 164.11752 165.479788 170.190671667
193.36598 214.701685 242.55854 267.155913333 275.818075 281.140346667 285.258345 289.294021667 295.98878 298.630646667
285.517411429 267.539098333 250.758252857 233.977413333 217.196568571 200.321691667 183.622425714 177.953408333 184.258861429 191.342458333
195.120733333 194.879756 188.199783333 177.140338333 165.741595 155.78854 154.252266667 163.748311667 181.758806 201.331448333
207.89711 212.632917143 218.197494286 220.14365 190.350017143 163.952165714 153.964297143 154.735014286 165.366654286 174.477555714
184.766532 188.494278 182.084828333 175.692934 169.326656 163.384436 157.84302 156.9337 171.617668 185.879234
201.797288333 225.133696667 254.282082857 283.430476667 310.062178333 337.809775 348.144765 344.100302857 324.602528333 286.274978333
241.623287143 240.035183333 232.59544 206.370063333 170.568157143 142.762121429 135.360488333 133.288395714 134.167155 150.474174286
179.569108333 205.954252857 232.83453 257.271155 284.15143 310.519336667 321.969338333 317.44692 299.407635714 284.042845
267.762276667 278.66762 291.00852 289.911835 276.73358 249.205573333 215.483055 185.945202 167.0316 165.088275
170.053536667 175.55189 181.487046 187.414908333 191.644406667 184.43401 156.845345 130.510504 121.25904 133.005208333
158.446338333 189.331688333 224.800512857 248.643343333 260.865838333 276.570343333 289.185298333 294.04706 298.885175 297.309755
284.259271429 270.329433333 237.996517143 187.09457 143.018084286 105.558624286 97.0977666667 102.524435714 106.02564 106.03
