395.182015 395.18201 395.18201 395.069835 392.006423333 376.337192 349.721486667 314.12607 283.369698 260.544848333
254.808221667 262.76585 273.289438333 283.813012 295.166846667 313.486678 322.270198333 323.920464 323.677401667 322.82783
322.20538 325.418171667 331.818705 338.512615 352.352431667 358.314235 359.73025 367.579086667 369.516531667 351.21611
322.81568125 290.551937778 258.31709875 235.040772222 202.98506375 164.79633875 144.879424444 132.4856375 116.715314444 73.84436625
228.4730125 228.47301 228.47301 228.47301 227.95461 217.00086 201.293875 196.637734 197.9908075 206.019095
213.690318571 220.33079125 233.402481429 245.6590375 244.190387143 226.772691429 208.95077 198.617882857 195.7537625 195.92017
214.19698 244.366931667 261.395094 257.781376 246.864376667 235.257528 219.32102 198.049376 184.458951667 181.29586
177.4539775 176.568627143 178.624875 180.67326 182.2959325 182.194395714 180.35351125 183.077478571 192.1032575 203.617691429
220.9820075 245.852427143 271.5515675 297.218035714 313.96860375 316.362945 313.8798 312.32511 316.834617143 314.26355625
313.582276667 325.139464 327.733718333 327.381146 324.747588333 321.60786 322.715222 322.538996667 320.653478 318.440303333
321.750896 331.60412 335.399358 333.797652 323.059422 305.55294 283.46594 255.276698 224.309556 198.138162
184.199743333 179.2191375 176.953253333 171.206026667 157.8738175 150.64208 149.14439 148.6505 148.7710325 149.068563333
149.474398333 150.404582 151.46588 152.354212 152.070941667 148.14813 107.448421667 76.840252 72.0944366667 84.25151
116.752997143 160.2236125 195.167257143 198.096457143 184.91967875 164.51443375 133.723414286 113.337752857 95.80933375 81.7032114286
