332.885986 341.9095675 349.407586 351.9996275 355.720402 366.569022 378.903915 381.978988 380.7138675 366.653266
349.988596667 350.849152 354.93892 358.435626 352.385455 324.169938 299.1678 266.017564 242.40073 233.780848
233.398553333 245.219665 262.17978 279.170536667 294.131861667 294.228236 273.555426667 254.590098333 229.786466667 205.283986667
212.08733 238.916914 267.261958 274.299738 275.18036 277.735816 281.386504 282.131744 281.318784 270.500208
257.851978333 255.588794 235.676738333 212.321296 195.289803333 187.357784 186.19636 188.40589 194.940336667 209.77189
224.5659775 256.970256667 291.98238 324.66034625 359.672475556 386.6333875 382.49355 345.6185875 288.952466667 228.1723875
206.08562 209.98661 221.680153333 221.02298 201.622063333 179.85442125 168.448894444 147.51035375 110.681392222 95.5507
216.85601 216.5669525 213.68184 209.2962375 206.09508 203.2292625 199.169495 195.9383825 190.1054225 188.6687275
198.8047 221.82566 231.29563 229.7612 220.593504 210.040684 200.647321667 197.392612 197.28048 195.830622
194.563618571 200.387957143 208.225112857 216.062267143 223.230785714 220.689141667 172.139925714 132.39232 122.946331429 135.994921429
152.864243333 155.047408 155.937098333 156.966718 153.418028333 138.631046 129.470015 134.772384 146.681268333 159.510352
178.775525 220.674232857 258.796615 266.676743333 270.905737143 276.355793333 278.513793333 281.243931667 286.011095714 292.076181667
301.385702857 298.174627143 289.33602625 257.920987143 209.728411429 165.96258 133.854292857 86.85618 88.65122 74.2633142857
