230.015006 231.4348 237.610378 243.187772 262.777335 293.49593 320.706804 341.946154 347.228122 328.835724
312.618887143 313.700496667 292.674552857 248.91419 221.980952857 208.853775 209.514717143 216.257878333 232.348017143 251.143368333
274.78227 300.731544 326.680812 352.630074 376.70995 386.639222 388.516596 383.867938 363.889032 313.700184
267.516488333 254.84857 242.858063333 229.990742 213.125003333 184.555815 157.58142 142.697501667 139.99146 145.077793333
179.086317143 200.223008333 216.741617143 233.260245 249.738904286 260.407683333 261.177275714 259.584368333 259.240231429 256.436701667
256.44839 273.490786667 276.017356667 274.952373333 274.218193333 272.570942 270.437591667 268.592545 264.172365 253.646693333
238.611006 220.536502 206.8541375 198.311114 193.236168 191.455238 190.809866 190.581755 190.939302 193.452728
196.06547 200.311598 221.246444 252.339686 273.181178 275.08894 273.798586 275.222454 278.34869 278.150924
272.865462857 261.01028875 240.438887143 215.1647025 198.624377143 192.389601429 193.24844375 197.393034286 203.1487875 176.350971429
242.383165 261.7219875 292.88367 306.051355 312.48227 317.53898 321.02469 322.670594 321.821495 318.5032625
316.6156375 315.469315 314.3229925 313.2244525 312.5000275 311.50457 308.472545 299.6312925 289.444 276.3749775
273.603972857 281.794311429 292.443757143 296.836452857 282.6667925 250.009548571 213.814974286 193.741382857 192.159441429 194.363742857
195.763134286 201.133892857 210.29455375 218.089415714 208.161181429 180.447055714 175.958467143 186.3602025 217.935955714 235.588158571
235.545201667 238.092615714 242.800318333 246.754374286 234.710195 207.10492 200.372948571 194.770931667 193.372325714 194.778928333
200.766451667 221.550488333 247.513432857 273.476385 297.079045 319.131728333 331.600331667 334.002268571 331.925578333 323.748775
310.583842 312.720505 320.882666 328.134658 330.67035 328.316828 323.482716 321.97696 324.58066 327.250764
320.462163333 314.079333333 324.199388 341.173763333 359.135461667 364.741988333 355.168426667 340.986454 315.795528333 287.24178
271.219202 258.832988 255.343253333 258.075814 257.902466 253.488708 242.384934 227.547635 206.080192 185.116182
180.1755775 179.6770775 178.568518 174.6822675 169.8078525 167.3929 167.7227325 168.793504 171.541675 175.816005
187.110883333 214.319528 248.119625 277.955714 285.916961667 288.394113333 294.75709 302.422395 309.12351 313.082151667
318.279594 325.186072 326.093065 316.58798 293.581304 268.92649 239.535086 209.3546025 180.228202 162.268212
165.1913975 175.745241429 179.246295 161.783295714 149.51788375 138.274941429 134.60472 138.507137143 129.56506875 112.144211429
