336.117 336.117 336.117 336.117 343.647957143 351.2332 348.737298333 346.661646667 341.774963333 339.124151667
343.907684286 352.29582 334.041451429 295.828782857 261.964181429 230.459812857 206.623468571 195.874872857 199.79154 206.883752857
209.194746 214.63897 231.436263333 249.50508 265.164722 273.1953 272.248022 263.719856667 260.190076 260.126552
258.3026 255.21296625 250.820815714 235.0987375 217.784641429 205.112311429 196.83586875 193.953172857 199.67741125 207.40537
211.746625714 229.195027143 252.957931429 276.746062857 302.5165325 328.258587143 339.311351429 341.54777 343.730688571 335.504441429
322.74898 322.299966 322.479055 322.671821667 322.226621667 307.288592 270.465255 236.644125 207.490784 179.760353333
155.599754 152.211038 158.368986 160.093642 154.927796667 147.897502 146.699338 151.495158 160.771966 171.954816
197.277874444 240.776155 340.603345556 357.162872 292.107378889 239.193924444 189.920083 154.959992222 133.742267 122.298435556
195.812878333 197.085766667 196.180216667 193.952473333 189.049556667 189.498261667 201.79466 227.410546667 251.171315 253.771896667
240.57616 238.701825 238.59433 226.07094 200.0307325 180.544545 165.5131925 160.08416 159.7390025 161.92433
172.198 181.114896667 182.7121975 181.99334 177.948565 167.295585 159.10614 153.0838675 150.098496667 150.186685
161.10438125 187.129147143 215.64093625 244.152722857 271.79636125 282.25402375 276.48918 275.7744275 281.7208 284.57012125
279.448274286 275.868107143 272.666857143 240.733785714 189.670737143 123.236203333 74.7306114286 74.2874728571 72.3129428571 71.9601
