329.78 329.78 329.78 330.998291667 333.455196667 330.20423 326.53306 325.066046667 323.09399 319.450266667
316.22921 321.369524 331.409674 334.9255 331.606184 327.04898 325.86863 325.603348 325.499726 323.652716
303.245085714 264.897641429 223.194474286 198.373104286 178.374475714 159.793707143 154.042725714 167.177561429 186.861021429 206.491742857
229.117633333 243.246311111 221.227957778 180.790025556 154.504372222 143.6747625 134.127297778 186.827547778 221.105522222 214.75993
320.29857625 325.98999 325.98999 325.98999 323.74901625 313.19814125 309.12079625 309.290032222 314.1851 303.5729525
231.180042222 223.629147778 221.957103333 202.997181111 173.893997778 149.49432375 141.569591111 140.554442222 135.494178889 96.8458222222
96.77874 129.897951429 163.0590275 183.598101429 184.5406325 184.83755125 195.828025714 227.077065 266.000564286 275.7747275
267.558431429 250.040861429 226.470148571 194.27356 175.06924 168.154887143 171.552542857 192.572607143 219.740904286 225.64749
225.040828 224.919174 224.683601667 224.443844 223.146982 205.953064 175.105604 144.616103333 125.48849 110.97407
98.4090633333 93.70847125 116.009643333 168.524133333 222.364963333 267.19478 278.363125556 286.474897778 294.4664975 283.250336667
223.11265125 219.03542 207.436562857 175.4257225 155.01108875 149.3863725 137.21015625 124.616947143 133.4540475 168.00639625
208.01455 237.453181429 269.096681667 295.329284286 295.91468 283.751261667 280.788418571 281.541443333 282.172445714 281.168146667
273.675211429 279.830541429 294.289197143 303.333924286 297.0884575 287.400282857 286.761355714 289.875954286 294.726007143 293.158202857
286.240966667 289.005065714 296.745585 304.916067143 316.21912 320.366721667 319.044032857 317.429651667 317.374005714 312.198266667
293.96042 275.70309375 257.53162 240.75795 222.5864725 204.384315 173.753014286 149.923692857 138.73548125 135.739945714
146.363042222 129.949847778 134.142102222 208.342461111 248.452414444 314.674542222 328.824513333 305.026586667 240.643178889 200.460714444
192.0485875 187.65851 178.482565 166.26383 150.09814 134.809106667 124.1856525 119.94565 120.31198 122.851903333
129.656776667 140.71159 151.766396667 162.366575714 166.231388333 160.006608333 155.125862857 156.162175 167.283415714 188.20224
201.80318 228.04095 262.904912857 289.10010875 286.97679375 275.67855 275.2934 276.020447143 279.15553625 281.1492375
186.470995 186.417285 184.537415 176.1112475 168.275315 165.930165 165.9524075 167.2758325 169.4717025 179.584495
200.13358 213.14804 214.434464 209.8134575 196.46304 177.386775 154.0838175 143.79247 151.11596 169.0885675
185.011886667 201.843104286 219.915286667 230.902487143 231.38004 230.135636667 229.743484286 230.240273333 233.621068571 233.587286667
231.033686667 232.273691667 234.372104286 234.218601667 224.38578 198.729813333 161.316601667 115.947477143 104.098448333 97.998755
