331.431652 350.389544 352.95365 349.209478 345.63705 339.94068 328.415484 303.960072 279.103266 256.824282
251.399565 262.948031429 256.470043333 239.343253333 226.023455714 217.03325 211.300916667 208.715393333 204.345937143 194.3595
187.045618333 196.299908571 204.970886667 202.07345 187.612674286 171.761693333 158.22418 149.805865 144.664791429 147.712246667
160.091765 180.796011667 211.701457143 242.870951667 271.2246 295.765573333 307.416403333 311.203054286 311.536203333 313.662663333
310.582817143 294.0602325 279.901747143 265.8440525 251.786341429 238.227831429 198.89307875 154.26682 134.57456875 136.975157143
181.06278 221.870212 257.31172 280.421046 286.007318 287.999825 287.463904 280.9385 264.250678 240.051984
215.8156 208.18388 204.1124225 191.1903625 176.819985 169.743006667 168.27478 168.213615 168.89062 170.03568
171.882605 176.245347143 181.1985875 185.43516 171.59043125 149.00943 141.511287143 142.28586 154.595737143 171.9821075
196.750297143 218.545075714 236.8163325 241.937057143 222.177272857 194.470388571 168.580371429 147.6983275 139.562001429 119.530545714
223.787013333 223.78702 223.78702 216.59375 195.518178333 187.675101667 182.906812857 183.938796667 190.415901429 195.551936667
199.457457143 201.240497143 202.71945125 204.467298571 206.019878571 204.959458571 193.598281429 185.44357625 187.967815714 194.776595714
203.0124 223.313022 249.272014 270.31051 273.905876667 265.30385 245.909922 217.408168 195.0388 171.10342
159.275071667 161.314588 167.300198333 185.131202 200.487518333 206.370766667 205.066066 198.40193 191.770682 192.045098333
202.833958333 217.80895 234.308334286 250.55774 258.010455 253.645001667 248.949438333 246.209458571 240.230148333 226.664323333
216.81125 211.557 203.820413333 190.366003333 173.950856667 163.00925 158.450253333 152.311253333 148.528526667 147.99761
159.02348875 185.8635 211.324005714 236.78450125 264.20349875 288.53495375 296.6667175 301.47803 304.80193125 285.97261
263.383737143 236.577474286 209.80783 176.69536 133.922488571 70.11265 62.4539642857 94.0204816667 110.18856 93.5432628571
