247.201 247.201 247.201 246.74715875 231.815865 213.869944286 205.27027125 199.05882625 197.89718625 199.05076125
200.048821667 200.344086 199.999543333 201.651586 205.040388333 207.2616 216.668788 233.493131667 256.478424 270.098118333
274.849628333 289.831671667 310.847505 331.908825 348.637846667 351.043211667 348.878091667 347.000365 345.862406667 337.26803
328.67332 323.220063333 319.011283333 314.659086667 307.8510525 294.71517 283.87497 275.16028 266.700226667 258.089773333
244.29116875 225.24213875 215.874774286 199.52084625 225.03199625 369.8958775 349.11921875 296.58145 251.840485 230.045755
169.971184444 123.98675875 153.601598889 184.610138889 171.644838889 163.22589375 168.345096667 180.81571 207.5877 211.029186667
199.633594 200.610354 206.92622 215.066414 221.762344 222.9204025 216.196646 197.71389 172.719254 147.71399
131.86049 138.119204286 165.43543 192.952884286 222.398365714 248.729576667 259.71884 252.456652857 239.1171 216.355711429
201.670735 196.1482125 191.879605 190.8784175 190.8217175 191.81374 194.0119825 198.485445 208.3854625 219.5236275
226.03568 235.381704 243.177345 256.06124 262.849486 259.74718 246.370034 230.2462175 213.611996 196.422512
194.405618571 194.381285 189.162444286 171.700313333 154.510101429 144.325695 133.750814286 129.274418333 131.475688571 139.843126667
159.07347875 167.987952857 176.2407575 185.097002857 193.68359375 195.87820875 184.34679 180.16256625 195.333837143 229.62886125
261.491775714 266.932228571 254.022944286 220.045902857 177.515155714 151.761138571 146.899318571 150.434985714 169.986774286 194.137644286
208.100722 221.906805 237.646498 251.69096 255.74116 252.816185 236.775352 208.0998175 174.467306 153.5886875
150.243268571 154.60624 160.416268571 166.660808571 170.324345714 159.235283333 121.859285714 109.251067143 197.956048571 244.672385714
