358.478 358.478 358.454556667 355.77766 349.175798 345.578504 347.038808 348.478236667 345.83794 330.599848
312.5962225 301.8247825 287.1456225 262.0641425 233.354504 219.2289875 217.616645 222.39432 234.975175 244.19119
257.932755 286.654014286 283.900571667 258.332186667 234.452111429 209.609516667 185.033601667 169.783155 169.53751 185.58243
198.512701667 206.540793333 229.134491429 255.015513333 278.528443333 296.176048333 297.496516667 296.273778571 297.692458333 297.679063333
290.388842222 257.250542222 209.130934444 173.94967 158.33406 155.54535125 160.345573333 173.145795556 188.993956667 207.045728889
228.3521825 265.277405 275.4525925 269.7425925 266.06452625 265.26730875 263.9450975 266.33244625 271.142765 265.86426875
206.635095 193.813714 196.951438333 201.258651667 202.039265 195.334684 188.952651667 198.236936667 219.540216 227.14883
226.06684875 222.77693125 219.106826667 205.3185425 179.62531375 172.5400375 171.8697275 173.676185556 189.6278975 209.304305
223.254422857 266.634141429 312.93277 324.435032857 323.704917143 318.778768571 317.794552857 319.53766 321.334942857 318.903438571
318.135518571 319.34053 317.571681429 312.910816667 308.791922857 308.098098333 308.61293 307.142531667 306.529731429 296.682846667
280.248576667 267.230336667 252.910245714 230.481418333 204.764206667 181.896335 156.937858333 140.792347143 128.275891667 128.102033333
135.621673333 142.5132 149.449501667 156.385808333 162.754053333 165.530303333 167.056693333 172.166975 176.84713 183.457988333
191.267418333 203.519632 231.236721667 263.667275 292.90486 304.253924 313.359953333 320.256041667 318.0291 310.443735
311.257774 315.838016 320.804004 324.154402 323.060846 310.6037975 286.939208 257.868874 230.030928 196.799158
173.69267 166.6271525 160.818676667 157.074086667 150.993965 146.20882 141.630923333 137.91483 136.145075 135.493723333
137.219135714 143.594608571 150.564765714 157.53492 164.505072857 169.61975 161.727812857 144.521 147.08973 157.184802857
176.68985 218.685835714 231.03857 220.107111667 190.792862857 158.706751667 98.5083083333 60.0476283333 66.4939457143 74.805045
