341.258 340.688206 339.033262 340.284476 342.344616667 342.257782 342.42329 344.341022 345.651662 337.296648
331.212658 331.612012 328.827841667 302.07263 258.025742 220.912648 188.038122 173.95906 174.186498 181.23195
194.353068 221.819346 258.833833333 274.623834 279.624578 284.693108 287.410436 292.817353333 295.825708 295.431756
290.620592857 291.071595 294.554731429 296.74952375 279.935765714 236.539847143 198.29260375 164.479402857 150.43394625 147.041714286
154.98656 163.460503333 167.369385 170.782513333 171.123993333 164.27823 147.270806667 134.283336667 126.294891667 123.1865
125.81233875 138.973997778 151.7906625 152.8622475 152.828877778 155.22882375 149.97710625 154.73996125 171.984041111 198.15392875
218.003597143 249.475288571 280.461848333 310.174067143 322.46991 313.415867143 284.063541429 251.099815 227.382415714 214.336325714
223.394534286 248.679422857 275.246335 282.786825714 277.823264286 274.401277143 275.096694286 277.364415 281.36801 284.25602
292.780111667 308.495031667 322.920442 337.273315 347.457381667 346.51695 332.4353 303.08752 269.003565 226.879386667
202.143421667 193.322121667 191.17628 193.674448333 198.81617 203.233511667 202.435838333 189.336587143 168.206796667 163.314941667
170.212932 186.065668 205.463971667 223.640208 229.602912 229.626276 227.779658 226.195106667 225.996382 229.539638
235.18259 237.029195 233.581548333 219.560621667 200.474781667 175.28396 141.270761667 117.846935 121.40026 127.523193333
137.10875625 151.342201429 165.83460125 180.327001429 189.91964625 176.632535714 155.59559875 156.07599 177.86223375 211.474285714
237.666455 274.401482 297.902655 296.146805 277.045841667 256.240182 228.068015 192.307013333 175.49821 168.398106667
169.18776 166.66039 153.608356 139.685658 125.13367 107.91395 101.980786 104.332494 199.10209 283.688782
268.987 268.987 268.987 268.987 270.008668571 273.760963333 274.564578333 276.531643333 273.951076667 250.38481
259.095251667 260.125 260.125 260.125 263.412195 275.600096 276.85525 272.74483 269.735645 269.067078
270.24613 272.60666 285.314448571 315.333018333 316.664695714 304.04596 267.682518571 214.243251667 171.41194 157.19066
150.1807375 123.91692125 92.316655 64.478325 61.10685125 66.3893671429 66.78139 78.06747625 111.382395 218.194785
