344.894031429 344.89404 344.89404 343.301065 325.642067143 310.577755 308.982805714 313.097408333 318.540518571 317.715808333
303.04155625 289.673745556 279.27846875 268.879574444 246.3269175 220.1122775 203.665788889 194.141065 189.959426667 191.98083
214.41931 241.286658333 269.757803333 311.64058 323.912044286 320.8588 303.838078333 271.534928333 233.74476 205.045095
200.206268 195.446064 189.432593333 184.607324 182.14463 178.515164 177.251868 185.10123 193.82188 196.889946
207.527841429 238.522756667 255.388978571 243.310748571 218.378117143 208.609028333 202.248598571 196.081787143 195.352816667 200.941311429
204.013213333 218.293228333 254.968973333 293.566603333 324.60455 330.331266 321.59431 295.308846667 261.149393333 236.563535
225.94524 216.66126 207.388084286 198.1301425 183.978077143 157.874514286 150.66201 158.555002857 170.80803375 204.943115714
237.69431 258.080802 297.773783333 306.877832 301.508688333 287.181991667 265.66469 239.246975 216.786006 202.199611667
192.57038625 192.1229925 189.38008375 184.7096375 174.38210375 161.552188571 152.849125 120.94645125 64.183635 64.0438
83.8375885714 160.7247975 185.197425714 172.49805 160.61692 160.02268125 177.24051 212.058898571 249.260775 262.190638571
258.25599 238.977666 209.19754 183.741722 173.659332 173.2355775 176.580874 187.144232 200.370694 208.941012
221.482605 256.45532 281.943058333 283.730232 281.436943333 281.138548 285.432076667 288.400182 289.032153333 278.142006
267.3725625 282.93346875 296.009442857 295.30009 292.21235125 287.48593375 286.59858875 285.54585 285.7995375 287.9395525
291.460775714 305.299905 321.993587143 340.204874286 356.86241 361.023756667 350.980847143 328.335257143 300.719706667 262.60502
242.01453 235.591374286 233.395556667 260.00116 301.149824286 305.770698333 292.676131667 262.964481667 213.163701429 164.342043333
149.14627 146.55181 140.068143333 130.426063333 116.207315 111.606556667 111.929416667 116.256056667 123.199096667 127.91859
137.729466667 152.873055 169.55314 186.233231667 201.396933333 213.632913333 213.894478333 204.012917143 204.67948 207.070463333
206.8182125 200.2266675 169.237467143 133.762325 121.519335 111.70957375 102.11133 116.469708571 147.91792625 171.72507125
