351.399995 351.39999 351.698946667 355.879844 361.069706667 362.38528 364.240738333 360.399768 337.678755 324.83946
306.393458571 283.85855 261.323645714 238.788732857 217.594141429 197.29632 191.606684286 202.031898571 219.070314286 229.021684286
220.207258571 207.57071 202.187811429 204.433708571 182.173708571 154.383816667 142.530421429 135.743931429 134.283808333 149.001365714
184.083953333 217.603302857 247.515333333 274.661976667 295.004584286 297.445736667 285.597296667 263.659556667 246.185864286 235.553101667
234.778385 263.64661 295.428873333 302.556786 304.401026667 305.94539 309.15008 313.141936667 320.840388 327.493953333
328.6195675 324.174434 319.0914 310.487038 294.065475 276.6654425 256.88125 240.3377075 221.962854 202.663335
193.422126 189.741608333 183.017864 175.042492 169.674371667 165.992132 165.829274 167.99684 175.645171667 186.340206
195.142963333 223.885581667 281.423391667 319.470021667 320.871933333 316.282756 305.260135 284.111006667 255.212635 221.039596667
203.67799 197.982792 192.524594 185.384014 178.128368 170.872736 163.617098 156.361448 149.968388 147.431394
148.1967325 179.993158889 179.80618125 164.045647778 176.38603375 175.27595375 164.685283333 151.92208625 142.694401111 135.23594875
360.186005714 360.186 360.186 360.186 359.560684286 349.83693 331.84879 311.725265 268.462588571 220.116878571
195.709756667 186.55986 177.331336667 168.365066667 159.424621667 150.991874 149.000116667 152.98786 165.868901667 186.703385
194.884473333 205.139446 224.524738333 246.377073333 261.578538333 264.12995 265.352238333 270.21197 274.424676 273.511351667
260.34078375 231.922287143 194.39381125 151.063452857 138.3863375 96.84960625 65.0562628571 63.68567125 60.9962385714 60.236
