308.673004286 307.805025 302.647227143 298.832418571 298.678255 300.56106875 299.142625714 296.971714286 296.7010125 298.183178571
305.712434 327.002154 343.369798 346.595702 347.67615 349.387188 353.128826 355.582244 360.119824 360.924932
359.37361 353.064018 348.584895 345.892022 342.5919975 332.00531 312.250444 292.54519 276.380868 263.9694225
249.23804 250.634891667 270.061327143 293.835332857 317.609321429 336.220455 338.853241429 322.047442857 293.057053333 260.762488571
232.869064 218.5405425 205.68437 195.481385 190.159588 186.96596 183.879716 180.9267975 180.754092 185.59842
194.807193333 210.419925 240.201714286 256.250325 251.215445 231.730343333 209.259836667 186.846272857 175.706795 173.056045
183.318678571 212.998461667 221.373291429 215.922575714 201.005001429 183.836101667 168.911432857 165.533802857 177.717256667 192.376888571
203.167973333 237.796853333 284.72121 323.396496667 334.576132857 326.36352 302.506846667 270.32413 241.655731667 213.659871667
211.81667 238.748065 270.383382857 285.815547143 273.83548 250.209955 230.408031429 212.620195714 206.918871667 214.193405714
223.069907143 236.342941667 254.82941 273.361105 291.892805714 310.22134 321.290088571 327.944035 329.537035714 318.588171667
296.120596667 268.983107143 241.818048333 219.502858333 193.071881429 153.866598333 119.21727 102.090003333 112.130801429 131.465955
152.8363825 175.987668571 198.98484875 212.456207143 210.2946275 188.1072125 161.298771429 145.06979625 110.582532857 97.1453075
