236.459978 239.1467425 241.979948 244.25165 249.842388 262.376532 274.9341425 279.138988 282.5927525 288.244602
308.88507 330.67231 343.978744 345.52106 341.218846 329.189012 313.359885 296.764178 281.5340275 264.1722
262.27551 281.541245714 284.439131429 272.371691429 252.542684286 235.439015 222.98853 212.723931429 209.587222857 208.629901429
194.578864286 194.97621 202.591005714 211.750644286 216.06367 213.959433333 206.128778571 179.271754286 154.145646667 138.77567
138.362421667 150.03411 176.330143333 202.641314286 231.281396667 249.458863333 263.644902857 262.624635 248.897634286 226.91875
212.18064 210.14141 208.960795 208.636866667 207.38008 204.22619 201.21203 199.7945275 198.252546667 193.8761475
191.730307143 220.45347 291.5050325 333.855857143 334.898758571 319.912321429 279.578085714 226.72696125 192.323177143 183.71407
184.819388889 192.332545556 200.209636667 193.26653 169.999545556 112.391113333 104.349757778 146.016083333 184.314901111 222.014932222
217.0841375 217.666508 217.54513 217.5097475 218.165638 222.165545 227.35342 227.780065 223.659848 224.3892625
237.921666 260.457291667 272.502332 268.10565 253.548768 233.551586 210.582625 199.939536 199.29201 199.118404
199.739776667 220.242584286 243.767318333 236.422538333 220.466012857 207.815158333 199.239516667 192.1706 186.856525714 185.328708333
192.6975575 207.9159475 232.37220875 266.2435575 300.13835875 329.5228375 335.22327625 333.36367125 330.12523625 328.6630325
314.004133333 286.946385 256.707608571 228.635065 213.414816667 201.685883333 188.800193333 190.317208571 201.427808333 200.669555
194.337698333 194.265331667 194.533927143 194.811048333 194.502846667 186.863368333 180.77836 195.005698571 227.378858333 238.889493333
247.855522857 257.78365 245.586918571 216.597748333 176.885734286 142.954216667 134.642898571 138.708001667 142.410294286 143.514833333
149.896384 152.99775 155.501784 156.286206 156.445456 157.0840425 158.911678 160.961314 162.3161 164.591454
168.92003875 171.8471675 174.6347675 177.422375 179.940802222 178.09894 176.3148525 181.795955 203.79252 235.554125
243.838165 258.433563333 285.82172 308.261076667 311.813026667 311.023971667 310.245985 309.681245714 309.323405 300.685031667
283.72003875 269.250645 254.875065 240.943665 206.1001025 156.6702525 126.25136875 114.715495 111.9487725 124.41805875
