305.259987143 298.1340225 285.282797143 275.310655714 263.26886 253.82048125 245.686905714 237.4482 234.1349025 232.817531429
223.895463333 223.733061667 224.991541667 226.271356667 227.438422857 222.039833333 207.971341667 206.14301 206.461808333 201.423958333
224.90446125 274.93672875 279.6851075 277.12069625 272.7258 270.33284 269.6430525 269.15332125 270.563755 274.72172125
281.072188333 297.18451 315.596388333 334.168924286 339.12583 340.06411 340.450565714 347.383576667 354.718651429 348.896958333
354.154431667 377.345195714 372.783066667 347.203003333 308.13985 265.91957 239.89621 218.858923333 200.49429 181.97081
171.59525 160.880908571 159.902751429 162.652111429 165.8578575 171.425988571 182.694824286 208.93364 234.611244286 237.108381429
223.011917143 236.501403333 246.57342 232.48632 200.037464286 174.402058333 145.017857143 130.319608333 132.599301429 142.664605
154.625757143 172.190225 192.938 211.049647143 213.81864 195.159945 176.538037143 167.073824286 166.8777975 183.4638
190.290593333 189.790895 189.131595 188.447605 187.831998333 187.282478 184.359193333 180.520681667 180.699321667 184.452416667
191.758687143 215.706291429 244.641038571 272.485008571 280.086948571 267.727261429 264.299918571 260.385622857 160.029865714 68.5289757143
300.050312 346.536444 354.4782875 355.858278 356.467636 350.830754 327.849012 297.832085 263.49087 233.593766
213.095397143 206.12261625 218.517054286 239.341747143 239.997085 219.73305 193.891965714 174.903942857 158.023385 147.853585714
144.803346 143.06051 138.18372 128.264054 113.715704 103.8875675 94.377214 108.11005 234.652336 307.655058
250.905 250.905 250.905 247.6408925 226.8703225 199.443968571 181.35124 173.273965 171.54559 171.879125
172.143624286 170.977063333 173.830705714 175.874736667 172.088818571 168.874397143 170.952218333 192.159514286 232.816173333 253.249112857
251.500688333 253.81626 253.452055714 237.588351667 211.945128333 170.663721667 136.91153 130.47678 143.164933333 156.212435
154.917388333 151.453406 150.557375 151.904838 154.78003 162.471903333 174.63788 196.975208333 214.309968 209.707356667
206.836926667 209.333491429 211.358613333 199.28513 173.140941429 145.39425 121.163206667 105.050346667 132.145024286 212.756093333
