233.843012 232.951431667 225.223956 212.052011667 204.051694 198.759342 192.13764 188.00303 190.425735 198.399544
204.018405 223.775906667 253.100791667 282.531215 313.91225 331.359356667 337.535548333 344.665193333 348.422668333 345.720548333
333.048348333 316.822496667 320.260978333 337.868576667 346.969543333 347.864238333 347.104441667 344.763368333 335.82929 330.97609
343.225555 345.40874 328.07228 295.765918 257.64213 227.321558 209.5136 202.025066 196.908893333 192.86897
193.828006667 193.978573333 185.909488571 174.902605 163.85001 159.702193333 160.098851667 164.294834286 162.454236667 149.582483333
159.078826 180.00051 199.408498 202.831996 198.306008 190.9991575 183.608594 173.619732 166.252484 161.304282
156.432778571 156.387568333 159.456235714 157.471758333 151.868752857 154.649495714 169.062558333 185.577027143 206.310023333 225.670905714
232.391053333 269.11629 304.359913333 304.774555 298.252837143 290.99178 287.880278333 290.296555 295.619145714 288.860086667
278.582915 281.138664444 284.37534 289.238663333 291.0861425 288.4209625 287.209727778 287.4608325 291.087993333 296.53906125
287.18139125 275.15101375 271.70778375 268.22287 260.18749 224.563985 184.870655 167.782565 162.72392875 152.91824625
200.723947143 203.86002 203.86002 203.86002 198.114281429 176.607495 172.257655714 181.008428571 205.282691429 227.242052857
209.754841667 184.662678 159.695631667 164.763786667 277.58967 302.493598 300.049455 302.691783333 303.770708 296.3356
280.175803333 271.168012 262.307505 253.447014 244.750586667 239.464008 236.653148333 233.756432 231.567708333 222.47945
208.146384 210.160946667 217.529266 224.486906 231.802118333 234.30081 223.699236 200.332866 172.933726667 156.731482
140.723276667 132.682488 130.43683 129.6026 124.082685 110.612658 107.52701 107.52701 107.52701 107.527008333
