350.813538 359.244872 375.334716 380.102154 375.777053333 361.218754 343.730822 320.460552 293.54115 267.476558
245.960131667 238.307768 233.030856667 227.734542 222.445216667 216.91122 207.029112 186.26853 170.592734 166.86412
174.649786667 185.168036667 193.980476667 200.650746667 208.546256667 213.512225 222.778393333 236.31533 249.519556667 255.81854
257.03285625 257.79803125 258.96955125 261.22354125 235.0922475 187.20927625 163.17569 150.38525875 144.83578125 142.43779
144.61616 151.937809 155.872819 159.393724 164.752397 167.367417778 171.724838 193.86836 233.323269 252.465535
220.02503 215.614308571 210.712498333 197.846771429 171.84143 153.2757 145.109541429 149.625221667 167.226228571 185.606371667
201.895865 228.46428 236.61712 235.956625 228.1954375 216.839085 206.4652575 196.1907725 188.3421475 181.6207575
178.59442 181.060906 187.23841 193.337395 199.361642 200.89749 200.1269175 197.83213 193.888556 184.766935
174.7632 175.56299125 172.76091 153.046335 131.9332225 127.658575714 128.38440875 117.6742175 98.8253475 94.471195
110.48832 153.6462525 198.817538571 240.514115714 285.6854025 325.56199625 349.279278571 356.101968571 336.53616 287.228298571
233.19475625 203.662094286 203.158095 206.243482857 209.5572275 212.3982725 207.453501429 182.357145 148.124654286 136.11924125
139.38559 141.93359 145.094996667 148.73027 155.09227 159.65108 163.452193333 167.609366667 168.867786667 169.943423333
174.385926667 183.925607143 195.368823333 206.921941429 218.475055 228.802846667 233.757962857 218.59844 182.120798571 164.008408333
163.056885 164.486094444 166.033774 166.762768889 152.113369 132.00137 138.100836 153.778526667 181.733372 236.09445
