231.911001667 231.911 231.911 231.911 231.82543 227.654335 225.697396667 232.522757143 252.855158333 266.333873333
287.146872857 319.966003333 350.640577143 361.055138333 351.128047143 322.915603333 280.298815714 238.166003333 214.751015714 202.002806667
200.594775 205.927648 202.537766 177.89021 168.798528 170.084381111 172.669174 177.827807 203.544329 234.96968
321.42001 321.42001 319.904348889 283.54480875 252.617153333 229.4959375 211.766832222 204.4779525 204.787937778 202.60650375
200.012046 219.312756667 256.597288 289.903112 309.07692 314.82447 317.018956 316.231438 314.807231667 313.611816
313.760415714 319.36349 323.353052857 319.850974286 316.17788 313.205675714 312.327955714 313.660247143 315.707098571 310.946331429
310.160047143 318.410945 328.10774 339.291317143 349.223682857 350.695013333 347.92266 342.221282857 326.706311667 298.487481429
276.334186 256.623668333 225.081764 197.63709 170.893851667 146.291972 137.280148 138.562152 154.578881667 170.624418
196.601322857 231.161714286 265.722111429 300.282487143 332.72551 345.906351667 334.844102857 300.704337143 264.806661429 219.700345714
198.069801 199.892771818 203.122475 199.384371818 168.868658 143.392525 148.100733636 144.576237 79.8122 110.316925
297.09401 297.09402 297.092332222 293.5783325 271.623426667 235.28033125 207.541712222 189.1952825 173.532212222 165.89854
238.912574 288.46546 306.667088 305.5105275 299.79864 286.571508 263.4379525 238.23286 223.2921575 213.257188
205.424828333 237.278546667 281.604875 288.997351667 291.708195714 299.277858333 306.51657 311.605785 310.115123333 298.209241667
271.330051429 257.621115 219.72819 167.161166667 140.330237143 106.741104286 69.4113483333 71.7406728571 109.925435 120.768008571
