232.623338333 236.732035 233.471543333 227.516333333 227.50349 235.083705 247.77987 267.793875 288.27415 299.810041667
320.840603333 355.195166 361.67532 358.96759 347.311946667 329.985595 315.42482 301.450361667 291.528124 286.25538
284.040098333 288.887791429 302.787953333 322.226201429 353.700246667 364.078261667 356.260088571 333.113896667 300.467001429 261.465686667
225.096632 211.659256 208.40157 196.007422 176.976968 154.30872 142.575096 142.2404275 147.83204 159.72807
172.723118 194.396054 217.899725 245.47525 270.35405 286.61297 297.594006 304.716551667 306.015058 302.789666
292.6807 274.39396 250.49134 211.073916 174.367601667 159.498824 155.699162 153.919598 155.599383333 156.052228
154.6226475 152.811624 152.3087525 152.7242125 155.537662 158.403245 157.896295 155.42519 153.582336 153.3793175
158.69191 192.589277 237.255201818 285.405132 314.64957 287.904394545 223.034178 157.214835455 113.038275 130.281111818
162.53868 188.51792625 214.497162857 232.197305714 229.3469625 209.847255 192.47524 183.377251429 177.6300425 178.688377143
186.068082 194.280882 203.927636667 213.386618 217.897492 217.490942 209.380622 191.197185 164.405936 141.349502
122.22305 103.096604 84.4318275 73.812585 68.962 67.9831675 76.43125 99.5973675 120.544874 142.7474175
170.211087778 193.016236667 215.854068889 224.195844444 206.540456667 200.913416667 200.604645556 201.867818889 205.697184444 209.383327778
