233.764026667 238.31576 233.493957143 224.578455 222.288073333 232.186155 269.865508333 316.305088571 342.651885 338.434098333
305.56195 282.155495714 260.137936667 230.656245714 193.055723333 173.977018333 157.411915714 144.464571667 145.693071429 154.47185
185.72196625 224.520003333 258.161275 276.9203525 288.769352222 292.65845 293.77560125 296.9170725 302.97888 304.77008875
316.088685 345.39671 365.386558333 361.605111667 346.198518571 317.851045 283.700208333 249.461826667 220.715015 207.794638333
198.681178333 202.388096 212.328751667 222.543926 229.156755 228.509026 213.721891667 193.028736 180.9736 179.769624
196.299156667 242.62543 285.792566667 292.303703333 290.175356667 290.015326667 290.81943 297.028831111 300.336867778 302.18378
254.965005714 253.41665625 245.216138571 242.638052857 242.50333375 242.4817575 242.68216 244.633975714 249.01366875 251.264801429
248.037903333 236.872581667 228.335878 220.07444 210.746128333 201.342996667 187.798681667 178.107684 166.805073333 157.457126667
156.330466667 163.412318333 179.49174 194.165531667 216.902938333 246.292401667 265.77439 273.082388333 275.961003333 280.555213333
280.82217 269.508951111 233.68014 208.976517778 190.284645556 179.483942222 180.357308889 184.351675556 185.30196 183.000504444
179.4429375 190.4062075 209.004767143 210.41003125 201.444275 197.24273375 207.59159375 236.925602857 270.81454625 296.62590625
302.044116 294.889708 281.447698 259.634304 232.139983333 211.090838 193.783344 185.857348 184.492414 187.864768
194.519185 203.429455 210.002003333 211.26363 210.7445675 207.3333275 202.627585 198.829113333 197.15499 198.6877625
207.99659 211.131685 211.653493333 218.64899 286.311903333 323.496883333 330.981013333 333.055703333 334.518005 338.215668333
340.786149091 314.623424545 284.999358182 256.22715 220.70958 163.2189 146.169781818 155.642291818 163.053930909 188.478032727
193.348216667 193.157834 195.975501111 198.793173 198.715224444 184.942815556 180.872162 189.685876667 212.673257 248.556685556
265.86536 286.447718333 309.027587143 331.558238333 344.846288571 334.255237143 301.106516667 266.066555714 231.59519 202.077312857
178.831666 173.1420775 172.645898 172.48909 168.765594 158.819618 155.2019225 157.81093 167.544185 178.35196
188.671025714 190.2097925 189.044384286 191.0008325 282.586965714 333.035478571 337.916165 344.796387143 353.6391325 345.516642857
322.807594286 304.589067143 285.418445714 266.247822857 247.389471429 225.258835 178.166151429 132.487134286 115.520855714 140.18638
175.238642 181.895923333 190.293738 199.774295 209.254856 216.466346 220.348103333 222.373626 222.475646667 213.691654
208.612928 224.558786 242.886898333 245.077904 242.638686 238.794312 233.721246 231.98853 233.477188 235.296706
234.569035 230.464448333 221.683456 208.698615 177.627891667 138.216753333 116.429221667 101.926726 91.1065866667 86.3172983333
