251.491831667 248.94518 237.56533 234.186716 241.641545 259.659262 286.236913333 312.728224 333.001576667 335.683072
323.146414286 317.600765 312.259711429 303.23718 262.095025714 214.005035714 175.81104 153.002224286 137.672158333 137.05021
182.73633 206.129398333 222.681498571 239.053381667 246.554203333 240.738296667 220.573196667 207.039584286 201.349741667 206.71004
218.749677143 232.478026667 254.357335714 276.347141667 298.336967143 322.900507143 337.06873 340.239071429 344.883405 340.949528571
333.545832 332.996704 332.501106 332.094294 331.939418 331.5952475 322.470472 293.694922 264.164692 234.750374
211.010213333 193.73425 185.802505 179.677141667 160.247272857 142.868331667 135.364083333 136.125335 150.184961667 163.23493
180.527746667 193.115837143 207.121585 214.075786667 204.95524 178.915733333 154.054825 120.641683333 107.317521429 107.352071667
310.197008 310.19702 310.19702 309.285022 297.953505 285.777046 282.56026 282.304644 282.157866667 276.903034
270.274774 274.144733333 281.537054 288.656035 291.370088 281.06476 265.972161667 262.658348 263.38023 258.21908
247.586126 240.95875 228.312246 210.427051667 193.358912 183.22598 176.871418333 173.169176 170.298161667 179.416418
190.397071111 192.26179625 195.675005556 199.30501 202.090146667 200.0341325 200.66182 222.65443875 280.324012222 329.476055
325.741791429 307.01893 287.506107143 265.980554286 227.573138571 195.914783333 185.254987143 190.819654286 210.107421429 219.472674286
205.06476 200.680671667 199.022171429 196.340756667 185.716088571 173.281665714 174.603825 186.58285 227.768996667 244.125132857
235.883291667 235.664483333 236.713445 237.0944 216.475645 172.589553333 139.855696667 122.277723333 100.804803333 97.1444066667
