254.867012 254.86702 254.86702 254.943504 259.509526 274.486408 297.238226 318.706158 325.930816 318.92187
304.60215 289.376603333 274.151036 260.617196 245.915575 231.411178 211.368556 192.952356 182.978445 184.613204
191.1958475 203.93152375 219.18288375 234.43152875 245.181645 239.796925714 226.821925 218.7563925 215.2988525 216.70099
233.578187143 268.375118333 304.659084286 344.241581429 379.127477143 388.880538333 382.283194286 347.946135714 303.851416667 263.77592
239.206936667 240.513364 255.090183333 273.992188 274.962476667 264.595715 239.163634 209.142593333 187.70398 179.081823333
185.417186667 206.839988 231.49617 253.085156667 257.768133333 258.923206 261.605056667 258.826971667 252.139414 249.465121667
245.195606667 242.319095 237.603673333 233.48991 227.868586667 219.51393 211.589613333 203.76595 195.942053333 187.829425
177.6816725 163.320656 155.809895 153.213238 149.883755 143.9683125 140.39125 138.8130825 137.429034 137.565085
146.995968571 170.49786 186.065 187.921018571 174.18934125 158.082874286 143.133868571 168.672817143 183.913425714 180.446072857
226.946002 225.493238333 221.01997 215.188706667 209.712992 205.330488 201.889263333 201.02953 201.55038 200.739628
195.496575 201.511334 226.239781667 257.88801 289.712011667 326.052772 352.4098 359.738874 349.364756667 323.162096
291.448238 255.408198 219.306606 189.53975 169.769561667 152.378066 147.518286 156.482388 177.585102 188.673754
192.927988571 210.729202857 237.77629 241.636448571 229.133732857 200.936567143 165.877842857 112.852694286 86.2433242857 95.2724142857
126.295773333 165.156068333 204.051996667 242.947928333 277.119233333 285.214282 278.903583333 275.126301667 275.670243333 272.467511667
262.790186667 263.809338 267.407016667 271.086456 274.697775 276.728266 274.875743333 271.167158 267.459808333 247.675466
236.318768 231.362625 225.92666 220.4522 203.96053 173.079946 145.4258625 123.611002 120.553 121.5347
176.728072222 179.45502 185.221224 202.978788889 220.659363333 233.950095556 217.674493333 167.792136 136.563415556 136.18001
