314.35101 314.35101 314.35101 316.21886 337.251608571 344.003866667 343.976486667 342.570368333 339.223307143 336.091636667
336.467778333 341.316474 345.372446667 347.158098 347.77507 346.186813333 344.088648 343.371511667 339.457966 327.099565
313.894876667 301.903342 278.042276667 250.066584 232.671323333 220.632728 212.412481667 207.117572 206.037345 203.79549
194.569011429 196.016031667 209.78561 220.281915714 211.11537 203.19346 203.615064286 229.905075714 276.251011667 301.189962857
301.2812 295.833985 291.202434 286.574706667 278.875018 272.115926 268.641678333 271.88092 282.541083333 288.103608
286.437146 279.802186 272.174888 264.54758 256.920262 249.292936 241.66562 234.03831 216.527388 182.60388
158.791784444 148.00208875 148.457743333 167.82386375 188.628618889 193.45599375 176.908593333 162.953985 160.840583333 170.67901125
351.67003 351.67004 351.67004 350.439842 345.912233333 344.349768 342.98535 342.82259 344.054793333 343.94523
343.70021 342.17214 337.4679175 326.09063 310.2672575 299.9267975 286.8056725 276.0662075 262.032875 245.02002
231.02845 226.5056075 223.272033333 220.0819225 217.59267 214.89317 211.1876525 206.820973333 202.250225 199.26725
196.817204 191.523464 184.273292 179.188304 177.649818 179.538585 189.12844 197.90822 199.800544 195.696416
245.568736667 249.007 249.007 248.999654286 243.765128333 228.532901667 217.07893 211.999841667 212.197531429 214.016003333
225.062246 243.422998 264.462748333 285.502498 304.204492 322.906488 340.35343 349.173345 348.849174 341.43764
317.735287143 299.306966667 284.934348571 261.992022857 192.170978571 155.289281667 144.3578 128.362851429 86.9280366667 141.638811429
184.897765714 215.078583333 256.883571429 291.404886667 297.191522857 291.392581429 271.975478333 238.073445714 207.17656 192.787728571
186.267711429 173.71483375 181.704794286 193.312425714 191.34474125 169.99769875 140.408735714 127.563294286 137.62463375 145.594254286
214.723015 214.72302 214.72302 211.567741429 204.411728333 202.801003333 201.319005714 203.86264 215.527737143 233.997845
242.92487 257.11602 272.988255 288.860503333 306.319977143 324.011775 348.757335 363.175536667 364.778101667 349.754635
323.228614286 295.151205714 264.9711575 237.61529 195.465991429 172.918841429 172.78526 194.347365 223.657147143 229.596215714
210.533488333 205.886672 202.418885 199.284738 196.953461667 184.95295 159.998528333 133.686236 116.264441667 97.690312
96.9289766667 142.296185 201.857525 256.311753333 272.595101429 264.955495 249.657346667 233.223093333 211.18018 193.952838333
179.802473333 170.726063333 163.13518 159.001183333 158.274615 158.30053 158.46433 158.759216667 159.260853333 160.959246667
172.253044286 180.612722857 185.927175714 191.241615714 196.94358 200.952224286 204.308757143 218.227388571 249.148035714 271.434544286
277.64025 272.102925714 248.282435 213.165822857 163.57735 156.765008333 166.783321429 138.729365 131.194 131.194
