372.53129 372.60546 372.5938275 370.220324 359.38359 343.40123 320.015498 294.5362 269.556404 231.392405
212.690348571 212.103664286 211.85411 211.613962857 211.468098571 204.679147143 170.200177143 148.547021429 141.333954286 132.274518571
127.29763 132.262923333 147.7368625 157.490246667 160.95645 164.705506667 169.371113333 174.15409 179.65127 183.265353333
185.565153333 186.494283333 187.975933333 190.23941 192.309238571 191.800761667 185.55679 185.204873333 192.04791 208.08459
230.077783333 228.888968889 197.131347778 170.850317778 156.729873333 153.7284175 151.99678 160.090216667 178.109056667 194.98675
274.99301 274.99301 274.54462 265.92191 254.448076667 252.51515 255.183402 256.868628 239.221232 221.442706
224.7716125 239.833596 261.1334525 263.161976 252.5149725 234.0369275 213.219922 199.936255 189.395854 181.870255
175.136486 171.297033333 171.470678 168.114146 162.8886 160.785672 160.593284 161.405666 164.61435 169.10525
174.17455625 179.61397125 181.81848875 180.7787975 178.180385556 174.8802125 176.1782075 186.365095 217.471025 251.03421125
262.391025714 281.96057 307.783881429 327.029411429 319.55721 306.150888333 305.086768571 304.689065714 303.841451667 300.453682857
301.0031275 302.86710375 303.43436375 305.06763375 286.20531 251.011851429 225.54563 213.60495 217.0368875 241.54435875
269.41007 290.91457 312.362526 316.897808 312.853591667 295.595046 269.262054 238.780522 213.79905 209.806472
226.894878333 250.107088333 261.34362 260.264456667 249.366955 231.027556 213.833016667 199.096593333 190.210715 187.201606667
187.253071429 189.77438875 193.30479 190.376191429 170.57130125 154.117545 147.736542857 144.622404286 146.95351625 151.080227143
165.611367143 195.198046667 227.748092857 262.540055714 284.502554286 296.678313333 302.383851429 305.200508571 298.880721667 286.183837143
285.798616 287.58911 289.13858 289.754996 284.668912 260.373116 228.066904 195.9080875 165.261814 150.838048
151.69623 156.1775 160.909996667 165.51761875 161.271287778 142.092742222 122.60037875 94.1320344444 120.69346125 211.240737778
