228.04347 236.786 232.91617 212.463438333 199.173806667 197.266258 198.78366 206.414353333 221.334494 226.554191667
224.2141625 224.860548 228.7315 232.9037875 236.774754 237.56569 227.683005 199.88693 171.79877 161.6648425
161.7994625 163.721245 166.4155075 169.015565 170.415932 170.8616775 171.474675 171.8651625 173.73652 179.5188775
188.408352857 192.2914 210.282398571 212.761681429 204.999194286 195.461796667 180.284371429 170.118947143 170.099473333 174.362745714
180.444822857 186.260271667 131.668725714 57.4458742857 57.1330071429 98.3123633333 188.570395714 212.704527143 221.14649 234.87383
237.288445 234.79668 231.7305875 226.14338 214.4043 192.4628625 178.8229 162.90582 153.1624225 148.7313
141.932991667 114.356531667 99.215435 104.139233333 148.450821667 171.746405 176.46967 180.948868333 189.747583333 193.582205
202.828883333 245.735426 279.04417 271.825718 269.081717778 269.204501111 269.775122 269.682432222 228.298968 202.108676667
284.88334 295.159815714 309.922443333 320.54401 320.855132857 320.92161 320.915028333 324.153261667 328.204745714 324.591228333
321.506528571 322.088144286 313.316953333 276.102627143 231.65522 184.950502857 153.033442857 135.336736667 136.367908571 151.406442857
172.186083333 180.275595714 188.21414 195.430988333 202.012067143 195.032318333 175.86019 180.29735 188.028534286 189.298493333
190.6597 193.501772 196.4491075 198.97538 201.305178 201.748175 195.651505 182.4372675 170.066316 163.765475
173.707865 198.87644 223.94986625 232.873002857 220.37354875 186.432955714 147.94165875 115.357531429 94.4013975 87.4961014286
