205.00501 205.00502 205.00502 205.00502 205.00502 205.00502 204.309233333 195.278115 177.36232 158.616081667
158.508082857 174.528412857 192.822634286 210.913714286 220.14072 210.242116667 192.255391429 194.757235714 221.896941429 234.428448571
231.742421429 227.725313333 223.699487143 219.67368 215.961542857 209.409101429 183.196338333 150.66522 134.136915 129.55761
261.02719125 357.47253 302.31172875 270.500985 262.2004 222.321115 184.26193 162.49715375 155.84042125 161.4732125
200.915735 225.56986625 245.93226 266.29465375 288.111508889 305.26576875 310.44000125 316.027435 317.56548 301.6689225
280.784935 259.727172 237.24198 220.74619 194.6437 172.620375 158.9224625 154.571935 154.40008 157.0601225
187.458116667 217.401861429 226.18229 234.894477143 243.606668333 251.526831667 258.146271429 254.859703333 226.363832857 198.651235
196.138378333 193.912418333 191.090843333 190.25202 189.378923333 172.22444 152.267641667 153.540165 172.020478333 187.96231
195.369753333 200.47567 202.224563333 202.365003333 201.643673333 200.146345 197.996336667 195.163033333 193.54171 193.05128
202.46135 206.9727325 204.20947 201.3640075 198.3729875 176.30043125 147.35673125 150.512327143 172.2813925 202.7116625
223.753518571 244.3186 258.836244286 255.362805 223.847705714 192.768945714 167.958543333 147.061874286 138.178546667 141.803865714
161.828858333 181.880953333 203.813971667 225.799188333 247.139711667 260.729313333 267.127511667 267.956075 266.171528333 246.971121667
243.144415 284.421158889 286.13548875 283.465246667 284.81996125 285.55603625 285.291256667 284.9489925 286.614973333 292.31982625
