240.137891667 250.811914 266.43379 290.105964 318.896906667 350.363825 369.938844 369.728505 336.566198 318.480683333
312.62528 305.201104 282.081145 248.608616 212.449608 190.073538 176.21306 170.430425 169.481744 167.151286
163.46685 160.986472 159.32981 160.39965 163.315116 165.627182 173.576268 197.73173 230.66491 254.020642
257.212404286 244.571638571 237.340865714 209.97807 168.130558571 142.88646 140.692272857 142.629107143 147.890998571 168.602441429
194.92699 227.810481667 272.586474286 317.031593333 339.133702857 338.733384286 324.449278333 297.416642857 265.955658333 237.468437143
214.666768333 201.147613333 194.796005 181.354668333 159.876181667 143.39155 142.28764 150.341473333 167.674063333 193.727406667
211.668534286 224.209498571 256.09085 297.43083 335.266484286 344.283701429 329.05521 296.442927143 259.882722857 215.173204286
193.25098625 190.93762 179.61598375 164.95960375 153.129573333 141.8448625 143.6082175 162.00014375 186.37659375 208.830825
224.600672 233.647338 243.824835 254.002328 263.048982 270.474788 270.031476 251.412715 242.340084 239.8789
233.222787143 226.680908333 215.567668571 196.000072857 186.312487143 181.99735 179.401334286 180.980802857 186.665093333 198.37916
209.256256667 228.737467143 253.15406 275.560943333 300.381041429 327.839113333 339.408371667 336.449708333 332.88782 326.819433333
318.85319 307.99674 291.808246667 276.84095 261.3393525 240.367843333 227.178873333 220.98271 218.8615275 218.599673333
223.733062857 252.305028571 287.370501429 307.96367 309.348064286 294.143173333 261.570682857 228.651965714 203.588445714 184.940461429
177.020212 175.379904 171.937632 161.171704 145.413218 137.5719225 133.594386 128.733016 123.120588 113.693004
107.999441429 145.5481 175.815864286 177.291138333 160.01948 141.021271429 112.235376667 107.252055714 120.162626667 152.07267
190.213538333 200.41305 210.845352857 221.504566667 231.194755 239.809556667 242.55901 244.430928571 248.681725 253.25441
265.7974 295.62879 318.038558 321.696196 320.0227 310.960632 294.295098 268.326196 232.133418333 198.2515
172.873204286 152.245803333 112.72186 67.428695 64.9949328571 64.4195828571 66.2717133333 67.8073485714 62.997535 60.1504657143
