218.151328571 217.43244 214.988544286 213.889172857 212.138465 212.233965714 214.452715714 219.29286 231.293368571 232.51047
201.103586667 195.820701667 241.755086667 311.533891667 354.036727143 356.175721667 345.595901667 318.540125 284.439193333 246.13939
219.024384 216.813596667 216.2024 215.51519 212.584838333 188.778728 171.553722 165.366704 162.016541667 168.214106
188.961378333 197.7252 217.470615 252.830783333 280.945825714 281.301371667 267.708576667 240.879176667 210.287603333 196.713436667
199.32675 232.62914 274.47814 288.616791429 291.035135 293.8948925 298.860702857 306.73450375 309.500275714 316.74941375
321.11131375 309.351942857 293.72465125 278.095811429 262.45418625 233.82961875 199.214664286 161.59666875 145.599844286 144.50736125
149.211625 153.797161429 153.803013333 150.105068333 148.023655714 148.675083333 154.282205 165.006965 177.381195714 190.273485
200.088661429 212.535795 229.307325714 246.101488333 262.895647143 279.746246667 296.256884286 305.62971 312.378874286 317.891353333
319.399332857 317.612251667 312.012861429 295.92163 267.682165714 232.84054 200.744503333 186.14775 185.568945 188.308644286
195.69333 217.09356 243.643095714 270.29309 296.922961429 313.986728333 322.368867143 332.746276667 341.673377143 341.435681667
339.020593333 343.981408 341.701556667 322.747472 291.523116667 258.69748 216.723831667 186.066606 175.147378333 172.239002
172.900144286 172.157722857 160.349348333 147.09225 140.493122857 136.218752857 85.1809885714 56.7674983333 60.1028942857 66.1712485714
68.9079214286 85.0381483333 131.186997143 180.606618333 230.026231429 283.938541429 333.13733 361.104688571 357.795558333 321.070147143
288.16883 273.600134 259.042512 244.484894 229.927254 217.1893275 203.519842 177.27121 162.05122 180.021028
194.518978571 192.521495 189.498502857 209.58656 255.090874286 255.309791429 231.63978125 204.879337143 176.25132 166.916508571
181.73232 198.1199 215.177453333 234.142964 237.175333333 229.344371667 216.10472 190.459656667 165.902134 155.480935
156.352205 162.569638 169.5006375 173.67079 173.7937575 167.6791525 151.944274 139.5748 138.87649 146.60927
162.601885 184.162686 205.808631667 224.634152 229.751928333 230.298665 230.46355 235.157323333 247.711194 254.826296667
247.01237375 243.37660375 242.551942857 241.727285 238.90056 204.55805625 157.34159875 147.452452857 160.760955 210.26483625
