283.167002 283.16702 283.16702 279.41196 258.974744 244.525346 238.301054 237.220372 237.747058 233.375804
235.430558 282.511244 333.576502 353.548778 362.378001667 358.017298 339.51795 314.477794 289.248626 269.826588
255.177082 240.815812 228.249705 215.683594 203.292036 188.95343 172.672482 164.395405 165.138008 166.126754
157.57899 157.57899 157.57899 157.57899 157.57899 157.815301429 167.3724 178.685784286 197.857115 219.694081429
238.93540875 285.649006667 328.4890825 331.503387778 304.45709625 267.1557825 219.295413333 177.32759875 171.670998889 182.8736675
247.039992857 247.03999 247.03999 247.03999 243.922335714 230.201134286 213.4059725 204.80565 202.02259 200.519838571
198.71722 197.101138333 195.857213333 190.190193333 186.83385 187.332064 194.796975 214.888706667 235.279475 242.728895
241.198901667 229.243028571 208.043575 192.750531667 185.141664286 182.356818333 184.728248333 190.389403333 203.804127143 213.09621
216.678226667 223.619516 237.844886667 252.393562 266.67282 274.366351667 268.332886 262.117086667 260.068834 242.000458333
223.605438 227.165373333 233.996192 240.955895 246.807202 243.511572 213.87294 194.69152 180.882328333 169.712194
169.202553333 169.720995 170.268326667 170.815676667 171.36301 171.820942 171.91197 166.131101667 147.70113 142.970693333
158.776486 187.423006 214.971942 231.244572 243.228586 245.897966 238.332442 224.269584 214.565106 206.41493
206.961473333 219.852178333 236.698136667 253.522523333 264.464228333 259.894585 236.447795 216.117498333 201.65097 191.63197
186.60185 186.479764 183.768458 179.048288 173.384806667 168.908638 168.162434 166.92098 163.22577 148.798504
142.259858571 157.516915 181.348452857 198.62888875 201.048038571 183.147244286 157.19958125 137.82584 132.55790375 151.045484286
166.312695714 195.244844286 234.259113333 265.420032857 288.201168571 294.850377143 278.327405714 245.406361667 210.586524286 186.235924286
203.20293 195.385613 179.051596364 155.675160909 134.714000909 138.551717 146.778113636 146.462434545 166.47376 191.503012727
