316.843996 316.84399 316.84399 316.833485 315.135284 300.648202 281.0508975 265.00168 258.19552 247.10094
226.130684 212.5951875 207.850538 205.1842775 201.909188 200.462315 200.548294 201.7116325 204.338424 207.637605
216.712175 232.79772125 249.58257 261.20281625 250.56329875 223.41768 208.15354 201.265377143 200.65375125 203.80326375
203.16572 205.940676 220.282604 246.09772 281.37417 292.92329 290.40565 276.575128 256.51272 238.923902
231.603358 231.033254 230.698188333 230.36312 230.06529 229.418484 221.322886 204.524493333 193.79573 196.057976
203.62236 206.448672 212.1891275 228.26492 243.6733825 247.5510625 245.29637 235.04215 224.494398 214.2069175
198.49986625 193.5260975 204.42382 234.30202875 255.39479 239.484407143 200.996705 168.5680675 152.43730125 154.97551125
170.91718 183.6517675 177.1057 163.88980625 152.655337778 143.84577 140.69058125 140.9077575 141.5622375 142.71436875
271.73658 280.671544 282.853453333 283.713934 284.279125 287.196583333 289.111714 276.617865 234.308186 230.15052
245.971756 285.392738 294.705794 293.39057 291.193304 289.854006 290.007208 289.889112 287.377274 281.818408
274.68924 256.3564425 236.062968571 215.76948375 198.395104286 195.869425714 203.27390625 226.38691 244.0243675 240.15989
229.922867143 214.40848375 198.99667 187.020065714 164.422525 149.88124375 143.255054286 143.701231429 151.83862 174.362854286
283.829854 282.729771667 276.89789 268.574703333 258.54395 250.76152 245.162921667 242.334168 234.419678333 195.48275
206.455784286 209.021 209.021 209.021 208.937058571 196.824153333 167.661205714 153.039545 146.44305 135.902766667
136.812882 146.92557 169.905718 199.559133333 220.869416 223.597106 219.974395 217.594056 218.20082 212.390998
213.070636667 240.178094 277.131535 314.137554 324.620361667 318.728713333 298.806054 270.730218333 231.18529 212.621435
200.63884 193.703558333 186.058175714 178.412795 170.76741 162.825672857 158.925548333 159.84727 169.779813333 185.340921429
192.093126667 198.588743333 206.13917 213.999326667 220.771526667 222.492896667 222.565676667 222.49855 221.54533 217.71561
203.838224286 193.847751429 188.97957 183.85651 178.314645 174.080884286 171.238262857 170.67152 195.499555714 232.862704286
235.443275 229.131246667 219.9147 210.643845 197.807443333 162.805235 121.69068 92.5986642857 71.4153133333 62.4986916667
61.6478125 62.6416925 64.08671 64.49408 64.51729 69.2116725 111.006835 142.6616325 150.7520825 158.5215275
167.352906667 180.227692 184.285496667 174.851964 161.338861667 148.77936 137.1672 126.971366667 125.29401 125.294005
