360.87201 360.87201 359.578106 357.254278 356.80609 355.837158 354.769462 354.72198 353.454552 342.184944
336.955604 345.371923333 356.032848 355.980834 348.090895 343.056066 342.40898 342.846424 343.435346667 341.011534
330.62191 326.811273333 327.419502 328.447433333 329.479218 330.3734 330.437383333 327.125916 325.404413333 326.374858
323.006432222 321.411096667 289.024927778 243.552298889 201.428546 178.569502222 173.638916667 174.168497778 181.285534444 191.787251111
207.323174286 232.426572857 267.790888571 304.592717143 328.68974 331.076432857 330.098954286 332.77533 339.285645714 333.498074286
330.718174286 334.105708571 336.527835714 322.34982 280.389545714 245.276465714 218.884861429 204.173124286 200.481484286 204.317565714
187.601581 143.324875 169.675106 195.11459 188.523640909 190.54504 198.681363 222.739098 240.972782 209.650522
194.350695 203.249356667 201.954756667 184.914458333 168.44187 158.97339 157.849991667 155.77494 155.448375 158.999476667
163.1873 166.063381429 170.364895 172.77095 173.255241667 173.678831667 176.51105 186.54929 206.14736 233.509695
246.668748333 261.719065 287.884998333 312.564611667 320.997101667 319.972076667 308.65064 285.652366667 267.370163333 254.908166667
250.496246667 255.064728333 267.945495 281.54396 295.262925714 299.316585 285.08103 259.66856 239.443438333 215.289531667
198.2949525 197.95642 197.3973675 191.20237 176.6187375 163.778875 158.44566 153.617835 151.252956667 153.4072775
179.299357143 211.853948333 245.652898571 278.131331667 291.05242 293.437831667 294.708951429 297.840326667 303.117631429 295.527536667
268.74606 248.56225625 191.453544286 148.576154286 143.285995 141.76687875 140.38755 139.920734286 133.69852625 117.98572
