363.7736225 368.88101 368.88101 368.88101 368.88101 368.88101 368.88101 368.88101 363.797289333 318.606600625
274.09786 274.5445 291.246613333 298.343018 293.266545 277.140335 261.451138 248.896935 242.600858 235.362671667
233.78048 263.213004286 300.903991667 320.281281429 326.743378333 330.245498333 330.783258571 334.023421667 334.511784286 321.852543333
308.44471 306.502246667 294.466688 249.903683333 205.616516 181.265016 165.673493333 148.514322 138.126425 136.166414
155.604836667 169.531341111 179.852318 188.037053333 180.903666667 171.515687778 172.486356667 174.61332 183.806337778 176.85922
99.0489175 128.502444286 198.54751 212.7082625 201.06686625 198.92102 214.118005 253.62243375 292.92562 308.77434125
220.503706 127.964498 152.31908 233.902002 243.353288 223.055425 194.348208 170.985004 158.311402 153.212714
152.321952 157.043806667 163.794994 169.286738 171.600751667 173.3718 178.447384 185.427064 193.544766667 198.86459
198.531324 209.417755 247.598924 281.375276 294.75619 303.14093 309.767932 317.095294 320.661705 316.704394
292.409522857 274.111306667 259.012815714 242.491614286 220.380187143 193.264821667 181.60441 180.050557143 187.862196667 207.66408
212.041871429 217.610897143 230.822631429 223.780954286 192.3180525 159.261662857 144.627987143 137.977461429 143.97605 166.251322857
185.409515714 207.852081429 233.945388571 260.03869 289.257817143 301.607357143 285.729082857 261.181662857 236.036781429 218.42499
211.201193333 209.351976667 208.652013333 208.281993333 208.10749 208.05902 208.215986667 209.246816667 210.488476667 210.534036667
183.87874 114.08182 131.1943525 231.350796 277.741632 282.755822 280.213286 271.0906825 255.482402 236.173734
225.308856364 216.337034 207.339862727 190.087987 161.383602727 142.780971818 139.766728 141.787470909 111.03054 77.7379163636
176.355265714 192.278407143 193.676056667 191.185222857 190.245317143 204.724242857 244.63877 286.10998 316.825205714 318.175905714
297.745048 295.546484 293.350432 279.272564 240.463074 203.5678675 178.048002 163.150862 159.12222 157.154052
150.258337778 145.577159 147.387623333 145.442419 148.15022 142.558374444 150.380719 175.896786667 207.273035 215.885223333
