330.9526325 340.10182 346.6083775 346.70572 344.609016 337.9138275 327.4422225 313.25065 300.1180725 282.05732
265.110396 271.127304 294.398681667 314.046712 317.745814 318.493798 318.98125 319.842261667 322.77289 324.773922
319.084965 312.3234975 306.208012857 300.21291625 284.59456625 255.26420875 237.94004875 230.276475714 227.4759825 220.83104875
216.671621667 247.755986 288.706456667 318.854671667 323.595443333 327.386452 329.732645 334.278075 338.335176 334.69629
323.6926275 321.500262 314.4000225 304.386785 288.244182 260.469255 230.9231525 211.1034225 199.115712 198.4627
203.96478375 220.3071025 249.562645 279.311825 309.06099 338.80219 351.99525125 326.38640625 270.0860575 221.06184625
189.347866 182.957455 179.839918 176.277004 172.714088 169.59655 166.902616 164.588074 162.59652 159.683822
157.6995175 158.928196667 162.968135 164.686223333 164.83681 164.4222375 163.61711 163.2035725 163.14797 163.89367
170.336975 180.801441667 192.631727143 204.486503333 215.263575 223.675686667 223.202618333 201.582645714 165.761326667 145.527913333
148.497821667 160.709041429 173.535671667 185.16849 183.367745 158.014093333 137.298522857 128.324391667 132.696144286 132.550721667
129.340436 128.101218 125.638696 118.013468 112.857836 114.86969 126.967818 147.188002 166.11358 172.793194
