342.13764 345.521263333 350.060245 353.399263333 354.364105 353.895255 351.861816667 345.9455875 337.744193333 331.309465
331.01399 336.70993 345.70066 354.20135 358.479384 360.34695 361.76316 361.98001 361.042504 356.829315
356.49173 363.969342 369.687926667 365.137488 348.375524 329.302584 305.72242 277.81788 253.389632 231.391502
205.77944375 205.693947143 204.7637225 182.63853 173.60832375 175.004441429 182.59735125 190.945312857 203.42695375 220.887641429
220.91582125 219.04953875 217.50420125 216.24475875 209.59456375 197.03646875 196.64351375 197.93673 206.35384625 218.48571125
210.034411667 207.115943333 205.980528333 205.151885 204.764015 203.708552 203.416615 210.607448333 237.394833333 268.030813333
288.988642 306.28006 323.561242 340.557642 350.435136 350.21455 342.88722 326.297852 306.34853 272.929634
249.161865 240.028748333 231.079175 223.024563333 207.49064 178.561028333 156.206893333 140.065393333 127.032543333 124.624721667
136.77971 157.8971675 179.061124286 194.46933875 196.562042857 194.373055714 198.3859 203.227147143 208.82327125 207.397705714
316.99701 316.99701 314.4559925 294.593095 276.871386667 264.27156125 255.25481375 249.830715 252.558874444 267.53437125
285.607586 306.436498 327.50149 348.59657 363.222555 365.891316 359.628266 342.110926 316.07836 282.450562
240.21636375 219.6278125 214.97884 196.99327375 184.05947875 185.512095 199.6445625 220.97009 252.57981 257.9731475
224.1741625 241.758495714 252.03393625 235.033725 209.5509725 174.751392857 144.69910125 117.93446875 68.2195371429 69.9834975
83.959066 101.919274 117.869805 133.820344 152.049518 169.035478 176.675524 183.381835 198.325614 222.556444
249.860978333 263.912938333 280.822063333 325.689413333 357.638128333 354.459931667 336.363606667 301.348468333 269.018308333 235.742803333
199.413154 193.145654 197.027195 201.891958 201.565876 193.715106 190.579122 192.1910825 194.421824 195.70055
200.857891429 219.809584286 233.247933333 226.952008571 209.388045714 190.591734286 169.747741429 148.731886667 107.844011429 73.5709928571
70.0569457143 83.497505 115.807124286 147.850415714 184.764544286 201.295038333 190.139042857 191.520664286 209.936153333 226.823444286
219.751082857 211.386921667 203.510002857 195.650141429 192.342518571 187.580261667 180.03959 180.391852857 186.18189 189.2371
187.6566075 185.11881 181.53467 178.443335 174.9860025 168.8471675 158.6906075 142.41613 133.3165425 128.62956
88.94837 147.811735714 180.410218571 180.561828571 175.606701429 173.982285714 189.515428571 232.225127143 275.285377143 293.127162857
286.05029 265.678061429 247.349957143 206.382061429 158.962687143 126.815035 114.820824286 132.506007143 175.489442857 218.673225714
252.74713 267.018236 269.58738 263.853882 244.91435 218.144302 173.375114 95.5242175 68.55281 69.94683
81.4177528571 103.80494375 126.588155714 149.371365 171.361757143 177.970348571 154.64328625 125.414824286 113.46317125 108.43609
