219.802 219.026836667 216.261282 217.007392 229.44843 257.350386 285.849116 307.648206 331.748861667 339.910896
325.698903333 298.85281375 274.242284444 244.283375556 195.030447778 183.98610375 191.179316667 218.114961111 250.27261625 268.441872222
255.616923333 250.227525 244.443651667 226.141451667 189.649157143 167.882146667 157.042295 146.589151667 147.059545 160.173668333
183.07586 199.476942 230.832465 269.92071 304.718348 334.845026 349.441742 352.228076667 339.061086 317.378704
287.080958333 260.521272 233.766995 206.231686 175.73938 156.107501667 145.013002 142.264496667 146.932298 159.793681667
181.61965 186.417925 190.206412857 193.937491667 194.501244286 181.865128333 174.031558571 178.037615 195.575195714 220.399293333
222.659682222 213.807397778 206.11228 201.815664444 187.962936667 162.598873333 157.85614 159.7219775 167.407588889 189.067698889
199.12341 213.249894286 231.919031667 250.624767143 267.252085 270.769315 269.084487143 271.064153333 273.382257143 271.662011667
267.464435 273.98288 279.188248333 270.440434286 248.83585 217.659703333 188.268764286 172.571081667 167.631445714 163.795938333
159.129275714 154.112105714 159.5430775 172.233464286 168.560498571 164.895741429 177.077168571 214.29647 257.962418571 266.635267143
247.617713 234.318415556 215.449157 175.732541111 155.357046 153.442036 162.784652222 176.652207 194.318976667 156.801991
148.240238182 159.04923 169.866430909 180.683624545 191.500815455 201.777152 212.053492727 222.278643636 235.014684545 250.711257273
267.122188333 292.788514 294.40805 285.835014 273.008731667 262.754405 255.740126 245.447283333 235.7694 228.788356667
202.32915 183.28187375 186.347887143 191.48395875 189.53148125 182.50563875 189.10964625 221.708218571 262.48008875 293.94546875
306.59392 317.937005 329.348988 338.689924 341.048565 328.144226 303.524498 279.562326 256.520153333 243.15856
251.84721 267.58363 283.616948333 299.65028 315.735183333 332.45454 340.560834 346.806666667 350.081386 337.565796667
310.36166 286.455535714 262.387886667 238.320241429 214.252596667 190.845605 162.766152857 160.533535 167.990954286 163.70921
166.338801429 178.489093333 192.994087143 207.499086667 221.81571 229.372958333 225.674174286 220.28819 218.362944286 218.98082
226.4509475 244.25748125 262.64236125 266.52523625 260.85663625 261.39675625 265.79785 269.4968 279.23216625 290.19936875
