392.509 392.509 392.509 392.509 392.158934 381.756716 366.965798333 365.188476 363.238795 355.733862
348.4217 348.5151225 349.310882 347.328925 331.69934 305.296035 284.161504 268.03856 258.230774 255.54042
251.818111429 244.633181429 238.150642857 231.810968571 203.608058571 178.69557 168.624545714 166.41225 169.238155714 182.026132857
199.297496 209.7904275 219.58839 222.5175925 213.639586 204.2636325 204.317492 209.5756275 221.545392 232.7614725
245.547816667 258.42995 267.865363333 270.994338333 274.833533333 280.599012 289.634885 295.573181667 308.018078 322.846278333
336.59857 345.71376 347.9460625 346.280695 340.3291175 329.27279 312.315455 291.8892975 271.647025 247.83796
218.52645125 199.94283 190.74592625 180.49577625 169.6926275 155.141284286 125.94357125 61.97052 64.644575 68.46715375
219.955008 219.95502 219.95502 219.95502 217.14718 198.35725 185.814706 184.349654 190.916488 202.883758
210.577848 210.730676667 204.32985 195.661002 188.955838333 183.8978 180.702658 180.350262 185.268963333 191.414516
190.414658571 167.798805 149.749971429 155.007 186.415888571 193.491821667 183.704728571 179.740361667 187.748434286 217.547223333
235.780791667 250.065078333 268.223495 286.419546667 300.62258 301.799642 287.260031667 269.347895 265.778231667 265.707198333
270.23925 284.568955 294.00533 294.6497 290.365534 276.47425 256.6453475 236.816804 221.57952 207.902052
196.240171667 187.961465714 175.984986667 167.147261667 162.442347143 156.406906667 152.78542 159.209291667 183.845797143 206.597891667
231.05948 262.715018 292.809625 307.259598 305.95848 290.85881 269.526044 244.509025 218.287438 198.525245
183.39619 179.742133333 176.8944 172.441523333 168.8197425 165.2849825 163.871746667 162.7291475 162.184776667 162.9068125
167.353964286 169.23184 168.324874286 167.451352857 166.555091429 163.246114286 166.593848571 199.141262857 240.444248571 256.547044286
265.23288 279.003805 269.803458571 215.269338333 174.283134286 141.932181667 121.268772857 120.207 120.207 120.207
