376.634224 381.970876 385.051375 388.30243 387.343896 378.835988 361.566258 337.73346 311.817982 283.252886
235.341578333 178.289398333 127.65352 97.041385 152.627016667 211.272683333 193.88898 174.557888 161.632396667 156.334943333
166.12184125 179.097098571 192.07235 201.870874286 188.56656 177.95196625 191.870431429 228.5872175 247.194885714 242.62816375
228.0853875 203.216805714 185.673935 170.87701125 163.04974 165.899227143 173.18469625 188.4639 213.720621429 237.3805175
241.41705 239.636604286 236.549993333 233.549121667 225.780331429 207.572136667 207.342568333 219.224005 250.233588571 275.53566
292.738446 308.0514825 323.514154 338.9768525 354.43955 369.949744 374.518345 371.81841 357.3643575 331.035694
300.842055 272.057324 247.5093425 230.9863525 215.049856 205.9056875 199.3181675 196.476365 196.212012 201.4206425
204.950997143 211.99949 227.379487143 243.710771429 244.412274286 230.40598 212.63891 199.045898571 190.640886667 190.200735714
198.340813333 218.784244 256.81804 291.289564 304.180533333 315.422376 324.380941667 329.683428 330.434763333 327.742188
320.41056 316.3890075 311.816862 305.03028 293.463005 274.621775 248.20306 220.888448 205.751465 203.404905
198.98225625 194.64768375 197.3742975 200.6318275 204.122032222 206.5215275 187.03323625 144.79003875 130.9556175 127.637055
128.265666667 133.5394175 139.577356667 143.31916 145.755023333 146.695313333 147.0389525 147.46586 148.54286 150.46969
165.58147 192.7612 220.085205556 249.230803333 282.299492222 292.201045 292.315341111 293.221088889 296.8599125 289.81606
269.141883333 251.272511667 233.42751 213.626668333 193.533511667 216.318986667 268.272013333 287.46932 295.456775 246.304166667
