246.978005 246.97801 246.97801 246.97801 246.97801 246.934593333 241.910671667 236.05369 239.244897143 244.522073333
257.007008 294.99441 331.65044 336.559038333 335.862884 331.70197 316.108293333 295.20542 284.522226667 271.04915
209.256481667 199.913316 251.196971667 327.465496 329.408998333 322.679796 308.580653333 292.359284 286.820998333 261.962208
189.989585 184.046046 253.62815 331.953092 339.402496667 328.22434 307.765382 276.978176667 244.60312 214.97491
181.608737778 179.669968 190.386946667 196.385682222 184.880658 166.87282 164.74709 168.595108889 161.928503 164.657776667
190.608836667 212.906098333 221.350975 220.560383333 211.942611667 203.558668 196.613063333 189.374656667 185.618106667 185.823688333
191.896751667 201.345888333 217.66741 273.273236667 288.646271667 293.145745 293.44616 293.911778571 297.981935 291.749706667
278.025864 280.247534 290.827466 303.444 304.89746 305.051172 304.585066 303.047008 298.623182 289.63717
280.1256375 272.1461925 262.0745225 236.315025 213.64524 203.2865875 186.93033 177.03658 167.183585 156.04855
330.78102875 330.78104 330.78104 330.78104 330.46363 315.54078 272.60482125 199.95559875 162.50735625 156.290595
181.11024375 202.157602857 203.501845 192.152672857 165.0872725 139.80436 126.34906625 110.312051429 84.22356125 70.1846028571
