396.073005 396.073 396.073 396.073 395.932093333 389.02206 371.60082 347.89694 318.966746 279.300741667
241.109622857 227.269556667 212.572264286 204.695904286 203.220588571 209.377741667 217.561828571 226.220315714 237.195948333 241.532297143
217.28358 203.61852 219.095728333 259.134673333 307.586028571 336.598921667 338.275473333 339.760338333 340.717348333 340.773008333
341.408247143 336.961952857 314.35646875 273.554448571 221.710915714 185.157147143 175.081595714 177.6328575 186.817241429 206.695225714
231.52037375 237.051647143 237.5331975 238.4364325 239.36594875 240.104185714 213.46675625 168.53380625 143.241301429 136.27705375
154.620176 199.082737 242.194811 280.728429 294.52576 305.906673 305.365375 272.424792 204.653554 160.931986
162.262366667 167.989723333 173.72454 179.292363333 185.311956667 190.26884 195.09086 200.43311 203.9219 206.94014
211.988755 222.121036667 237.746278571 253.477831667 262.797283333 257.32742 240.738576667 220.159988571 199.53706 181.359006667
170.992075 169.9416425 168.9935225 168.644445 168.1839025 167.4545025 166.9475875 167.286425 165.5430475 142.5256325
103.792004 91.441638 101.214676 152.638812 177.380572 185.0536275 188.595674 194.42608 195.445076 195.583872
198.4540325 209.8658375 224.640765 237.5216925 241.8496825 241.3859425 232.536825 216.8035675 205.042745 195.2547925
194.591912857 220.735418571 253.029427143 274.85977 295.77689 304.551131429 304.33921 310.119177143 319.816481429 316.888314286
289.196362857 251.232234286 218.68322 194.197577143 154.706288571 123.191437143 73.2997 69.6359983333 96.9760028571 108.002
