389.446014286 389.44601 389.44601 389.44601 388.417034286 381.993936667 375.544158571 352.003687143 310.373871667 261.018761429
215.12384 209.7116 210.899804 212.645444 213.826324 213.87357 213.60809 219.078074 238.711864 252.297636
254.350304 249.576008182 236.751953 197.157994545 165.135517 158.674242 162.60629 175.993276 196.790774545 150.002799
92.4807414286 165.440611667 208.462542857 210.251126667 208.644204286 213.140242857 222.28857 233.768692857 248.846876667 256.487428571
253.236407143 241.627235 242.170722857 236.012668333 206.878964286 173.900013333 152.289857143 149.722583333 150.059292857 156.471631667
176.56444 208.698915 215.661375714 241.180201667 277.143376667 287.334045 295.722503333 299.725965714 302.208308333 299.526571667
299.830745 307.82052 312.3948375 312.1807 309.90078 307.2577375 305.037346 305.07707 306.354878 305.448855
298.277008571 298.9534 305.1076 311.502915714 316.13921625 313.343784286 313.675197143 312.890498571 293.384625714 260.028971429
238.756888 225.4367925 200.058288 176.389786 159.739638 153.37081 152.990114 160.844838 169.56732 181.140434
208.846828 247.884598333 263.193878 260.440771667 257.256328 256.998552 258.421213333 263.612416 269.708735 257.696422
233.204851 222.687582 212.992645556 198.395591 162.516398 149.270673 149.908944 150.505486667 154.084804 161.172526
201.491667143 199.931546667 191.491845714 173.379906667 150.45873 136.783492857 132.363576667 134.397421429 137.542018333 138.082428571
138.0322925 137.1621 136.6554725 135.0234875 133.468762 133.9755975 135.93129 139.8797525 147.583008 157.8738825
177.722872 189.591904 189.905954 186.10712 180.224546 175.165435 171.787064 171.45183 175.286078 181.522118
190.63144 220.420635714 265.636012857 307.21054 317.64157 307.806825 280.635825714 238.548342857 194.868501429 181.58045
187.957713333 197.355003333 207.750002857 218.145005 225.521256667 225.427918333 222.320776667 221.586737143 208.054388333 196.153501667
194.430596 192.272736 189.782906667 187.339184 185.5133 180.039766 164.871624 159.853335 163.52352 171.528766
185.74935 195.49622 189.98495125 165.21817 141.59327625 134.2077825 131.441596667 131.57815625 139.279915556 148.5938725
