250.050994 248.513002 246.312742 250.349948 267.352523333 292.511076 322.576342 359.120804 384.227464 387.015872
374.888164 351.17215 327.090572 305.684732 285.000371667 269.08053 234.134766 195.033308 168.640736667 168.321038
184.425786 201.9063 217.75348 235.883786 253.988966 267.8776175 277.284186 291.570588 297.053585 296.405438
287.322792857 267.84325 248.428411429 228.4948 194.853525714 175.973371667 171.130822857 171.597987143 181.479765714 195.803547143
204.68604 220.283782 227.35148 223.95453 212.51144 201.9514 193.826482 187.30436 185.367494 185.799464
191.542678333 211.906997143 242.16166 269.961466667 300.541234286 327.576593333 334.243066667 325.118058333 294.724295714 270.458211667
262.423131667 269.781696 286.617895 303.836732 320.781758333 330.85386 332.559218333 334.34583 338.67604 341.458054
330.031787 324.159245556 322.496309 318.435012222 278.451834 225.451561 182.412895556 157.775803 109.715275556 82.404436
204.879355714 245.4907875 228.086505714 217.211597143 205.552285 195.06231125 187.91244 182.959255714 189.3697575 198.357715714
204.772321667 225.053548 249.684846667 249.305578333 236.50694 220.916162 206.87288 194.95388 184.254066 176.733585
174.247594 170.108562 166.411665 162.77362 157.259054 154.711836 155.02423 158.86655 167.0655 176.71287
191.55997 216.62806 239.726954 262.825851667 285.425696667 290.531783333 279.461036667 260.244002 243.097488333 231.258608333
232.16342 242.32932 253.687511429 265.045715714 273.513295714 272.747678571 272.082662857 273.886552857 277.107257143 274.560314286
270.11972 278.747801429 291.473455 304.946315714 324.384133333 328.091665 327.205088571 329.02124 332.877414286 335.138628333
339.108005 335.115285714 327.55386375 320.316544286 317.2154075 303.23559 260.247621429 199.08077375 163.671327143 160.2476575
165.617533333 167.448382 165.98323 164.240526 162.497833333 160.755128 159.437348333 160.244284 167.427355 177.256966
191.641787143 199.41085 210.0276 220.854908333 231.541582857 237.389686667 227.940131429 197.540896667 153.450281429 122.94281
120.545307143 143.737954286 167.029922857 180.630275714 197.997371429 213.944338333 228.638277143 232.101331429 216.12514 190.340048571
165.521916667 162.361706667 175.756728571 196.511631667 215.502875 231.830766667 239.435726667 242.629987143 247.00454 249.117561667
242.07424 229.258265714 196.34852875 229.22941375 249.31590125 220.425435714 178.4393525 123.7910025 101.367167143 101.218
