339.444 339.444 339.444 339.577275 346.26948 356.560364 358.128966667 350.448896667 347.762635 345.268373333
345.735438 348.592915 351.666706 355.804656 364.129623333 365.467114 362.334058 349.778414 334.129826667 322.14522
318.306496667 316.857145 315.357056667 311.526806667 300.48683 288.219715 281.257876667 268.32371 257.29814 247.899673333
216.058065556 200.959787 200.193194444 199.44088 198.96711 191.658164444 168.609419 141.336132222 137.826441 151.527701111
177.16244 184.063851667 189.808612 194.990672 200.820486667 206.650308 211.832376 216.992842 220.541106667 219.773602
209.517656667 189.058086 172.624008333 160.396598333 152.513835 145.251084 142.184378333 142.396421667 152.948032 177.695253333
205.622397143 232.977882857 253.740798571 273.702737143 281.7284425 278.850151429 276.303491429 280.598335714 285.149801429 276.565285714
253.784658333 244.998178333 218.685313333 176.725266667 149.48756 126.9767 119.239213333 113.492488333 106.264946667 105.786
239.7318425 244.1989775 247.6387075 247.9699225 248.315005 248.71845 248.82385 249.49469 250.3261425 250.957375
253.26093375 254.667971111 258.96391125 267.253862222 272.37452125 262.23467625 253.953057778 250.34847875 255.626294444 255.25281625
249.11004 257.426584 273.670654 290.287776 303.341284 308.393096 311.545654 313.79196 314.133202 313.74078
304.914001429 296.67457 307.43075 311.36785 284.187521429 235.898558333 196.018125714 165.445922857 152.473286667 148.531301429
153.601223333 160.118278 157.440026667 147.993456667 143.012671667 140.336034 139.125668333 134.549665 117.92521 118.782876667
136.3975 156.617211667 177.649458571 182.810147143 177.52487 166.474681667 160.249662857 162.842317143 173.503488333 205.211497143
221.32632 228.192388333 234.38935 240.586318333 247.452705 251.87018 247.220501667 216.212306 173.046823333 153.684355
158.120462857 174.062541667 194.863101429 217.540568571 232.202375714 232.11308 228.971374286 230.82768 232.603445 229.619922857
204.942222222 214.669783333 227.462474 248.501044444 250.815104444 249.20667 248.712057778 249.179782 254.789565556 259.657131111
