276.259574286 279.227718333 282.366508571 287.560628333 288.189197143 286.666626667 286.432285714 288.484618333 290.650011429 290.400676667
285.581541667 274.470571667 258.165285714 238.829468333 220.886833333 189.00053 166.547958333 147.323582857 142.170788333 145.21621
154.058016667 177.692485 199.769434 220.002235 222.250613333 214.77821 200.914873333 191.9365 190.223203333 194.999101667
209.006096667 225.167122 241.483183333 257.799252 271.949895 275.174201667 261.394334 238.35229 226.19628 215.434128333
194.03049625 186.237595 179.49741125 174.52824125 173.115541111 171.20052625 170.9291075 175.06105 194.45654375 213.178875
221.183954286 243.344557143 266.92413 290.503691429 316.226861429 341.158367143 351.406337143 343.861343333 310.765407143 252.490117143
247.667468 254.433974 259.1384975 257.035734 247.764606 234.415586 217.16401 204.0025475 199.621204 198.229128
199.746633333 212.698323333 241.776841429 270.33021 280.70822 282.266923333 284.696411667 288.964601429 291.90594 282.508871667
270.638556667 266.794482 263.827438333 254.9356 232.059965 212.730078333 202.736756 198.791321667 194.85676 194.042371667
201.416983333 217.560838333 239.512342857 261.481505 281.45349 301.42545 319.374888333 327.657004286 332.682488333 334.69322
317.600516667 289.84668375 266.735921111 240.97677 191.486441111 150.0748675 136.645946667 131.798085556 130.63276625 133.497642222
171.727368 182.314386 171.476178333 163.438118 168.187218 175.000298 177.12772 179.564766667 188.182954 201.342828
209.876698571 223.166058571 246.523925714 270.202287143 295.6071775 309.352308571 308.679795714 309.408277143 315.242191429 309.290902857
292.140546 275.643426 256.778985 237.914562 219.856962 189.027828 167.747786 161.017516667 169.113222 178.898248
179.341435 172.452233333 165.419602 159.560791667 153.502076667 149.767373333 152.093598333 155.864508 165.615898333 195.055206667
208.20952875 209.815671429 211.83946625 210.281981429 173.876995 134.078605714 139.37282 163.406222857 188.15467625 204.492848571
