322.06799 322.06799 322.128874 324.860784 328.009381667 327.52699 325.12174 322.990074 320.634918 315.17807
314.727693333 314.905497143 303.313165 283.392058333 262.521247143 244.261311667 232.606146667 225.34281 224.243005714 222.072958333
217.517883333 226.47401 241.248473333 257.725558333 274.20264 293.567378 319.601083333 333.959 338.13355 334.179485
323.945406 325.5919 335.696598333 344.696106 345.11566 336.00499 319.401604 301.17719 280.165912 261.624916
242.977038 220.899523333 199.510904 189.264711667 181.281776 169.813638 165.59182 164.435344 156.244413333 147.22408
146.780052857 147.428365 148.009054286 148.148753333 152.078304286 158.019878571 168.875211667 185.091217143 205.489155 213.173775714
200.110724286 200.884748333 205.730275714 210.575811667 211.235975714 197.766367143 181.811111667 163.544248571 147.886773333 140.734478571
139.339974 136.405806 134.806796 134.998776 139.539742 147.607216 153.032234 171.21575 187.015554 197.70481
202.799093333 209.784673333 219.4836725 222.414266667 222.082176667 219.239086667 213.540806667 204.3687525 193.532406667 186.772076667
179.5436 170.869261429 167.291668333 164.267301667 155.780854286 150.393855 152.295768333 167.86001 210.662278571 247.711223333
250.315427778 233.53615375 213.654241111 193.5136575 156.130563333 136.59991375 88.1791777778 63.3985375 72.2300877778 75.3105
