233.887077143 231.58059875 228.305702857 224.91771125 221.490877143 220.12193 219.45752875 219.931918571 221.56571625 229.695164286
253.632956667 279.932538 306.876266667 333.43728 348.77202 355.037263333 348.949288 327.141341667 295.361004 259.953533333
232.435543333 226.782915714 222.06257 218.250296667 209.59803 186.49968 164.539306667 141.080861667 139.34032 151.8397
165.367069 170.909565556 175.038503 179.167428889 183.444468 185.421365556 183.470524 185.760373333 201.581276 220.54011
218.89693 217.045355714 215.332915714 213.620488571 211.76536 209.646068571 204.660328571 204.961265714 214.096795714 222.844224286
221.922741429 247.50171 285.300557143 298.7633525 294.140994286 293.664982857 295.02302125 296.903912857 298.5361425 298.979647143
296.970271667 302.930891667 317.611175714 332.619033333 341.102465 338.252841667 334.167251667 334.298605714 334.995635 332.295236667
318.0065 306.237473333 293.184998 279.874006667 266.602288 253.328054 236.254848333 234.560532 233.721428333 227.184308
224.408802 230.78703 260.804912 293.43854 311.582176 328.886096 339.444696 345.393816 346.144906 344.712412
337.584486667 317.744173333 291.037115 275.092596667 253.032606667 215.256385 184.23693 154.195278333 147.30063 147.58623
153.163663333 160.401275 162.405223333 161.606453333 158.43684 156.46793 156.37978 156.681716667 159.27573 163.033963333
170.08131875 176.23879875 181.363398571 186.43872875 188.69995 177.92626125 173.8736875 179.591402857 199.09842875 219.98887625
228.073741429 248.689235 268.073124286 262.343065 229.881758571 186.404347143 158.917166667 151.394891429 154.439328333 158.900335714
219.662012 219.66202 219.66202 219.66202 217.816956667 213.070824 211.332682 214.44034 222.245036667 221.263608
218.10654 220.773148571 217.176771667 200.720463333 193.673788571 191.115958333 189.728833333 192.830518333 202.97247 207.492115
207.848534444 209.42218875 211.43505 211.1393925 189.954198889 162.9548275 145.690104444 139.83938875 146.600523333 163.57014125
200.036346667 243.37756 291.956283333 314.083154286 315.600816667 304.226633333 275.000265714 237.455903333 210.067744286 202.961891667
206.241055 232.442372857 265.45932 285.152925714 280.856636667 258.044281667 229.335725714 200.432713333 177.33622 175.094293333
181.691118333 192.75983 205.697435 218.635025 231.536678333 239.84881 234.541186667 211.231113333 188.969171667 165.667236667
159.163663333 159.300806667 159.916923333 160.664426667 161.384895 162.511216667 164.382756667 166.373916667 169.79727 174.785806667
197.697301667 239.375352857 268.035953333 268.47101 251.71901 231.165828333 205.847982857 179.243645 168.353015714 167.987308333
178.24004375 206.442478889 236.19543375 253.99270875 265.566064444 266.61284125 265.96285375 267.81952625 271.148678889 284.22763125
