267.30801 267.30801 267.30801 264.175547143 246.031432857 253.601257143 296.053738571 330.117825 353.897452857 348.204345714
327.491942857 304.389873333 280.953651429 247.689398333 208.616792857 185.453388333 174.147822857 169.218265 163.390701429 158.989
257.53601 260.1830125 276.98256 297.3853325 309.62278 316.144095 321.34458 326.3559325 328.043805 323.32852
308.350646 295.0714975 282.251002 267.599004 253.60488 241.088815 226.0008 222.868046 225.042725 234.18894
246.4705225 259.808758 272.6109 275.879875 276.913984 278.3510275 282.4322525 288.5327325 292.31888 291.9231925
290.796348333 297.373062 311.384275 318.231726667 313.262756667 291.470984 260.868031667 234.500003333 211.369254 194.84601
193.42025 201.809451429 188.553291667 167.39684 163.920254286 169.776255 180.230378333 194.590545 205.403864286 197.634803333
321.54199 321.54199 321.54199 321.54199 321.54199 321.6326725 323.790778 327.719392 327.485432 323.612554
318.099108 316.424438333 315.073138 313.902026 313.117108333 311.8911 300.140424 276.262682 254.518423333 231.46907
217.847915 231.478025556 266.1321925 277.6104825 254.838402222 208.63904 158.51269 104.3909125 94.4441577778 94.4235
199.7590025 199.759 199.759 199.2522975 182.62101 169.55458 180.95725 193.66771375 219.242081429 262.03088875
280.50135 285.2622075 298.79539 314.6137725 319.7718275 318.77577 311.2030575 299.589773333 284.9101475 264.3148625
237.006378333 201.232281667 176.854804 168.894026667 162.870475 159.537718333 158.466701667 153.490424 127.200475 103.5085
113.064294444 129.46155 144.85179125 155.719223333 151.967672222 147.777645556 156.615024444 171.24621 187.011454444 195.628554444
