256.909 256.909 256.780698 250.314834 235.860943333 236.056104 243.117014 250.797268 250.326798 248.694286
260.18956125 281.666085714 303.01470375 313.6715 307.56422375 303.090842857 302.53272625 304.24986 304.665215 267.436542857
256.167145 253.986727143 251.82379 249.146047143 225.198955 195.194212857 195.24836 220.88079 283.2227625 310.316548571
300.508685714 286.107688571 278.531497143 259.342698571 206.1101675 173.141405714 157.08278 151.74537 156.375965714 178.765561429
197.797364286 198.563243333 198.434142857 198.28621 198.13828 197.058475 189.418548571 195.36666 227.624615 251.792698571
254.88535 265.066245 291.9529 319.233773333 332.894308571 316.449003333 279.8677 242.58812 203.380206667 181.428205
169.80546 164.095946667 158.9855025 154.254496667 153.233696667 153.51119 155.4477 158.3705025 159.791783333 160.743063333
182.38265 216.857651 214.973461818 190.005978 156.967140909 138.329674545 139.227284 139.905351818 158.880093 187.032486364
306.491 306.491 303.792265 280.025988889 264.317433333 245.543217778 230.431422222 224.29509 225.607723333 227.644395556
231.494141429 269.539537143 346.66962375 365.692268571 357.341712857 329.31743 279.798715714 225.82973625 207.540584286 198.58043
191.102716667 191.285561667 191.956044 191.711621667 187.692333333 179.746241667 174.706035 175.793316 185.233486667 200.694381667
203.74036 200.50092 195.827537143 191.69862875 189.426585714 182.336584286 176.83345875 182.944004286 199.9676475 211.109348571
218.778223333 250.169618333 261.99118 261.27714 260.34589 260.282514 260.997918333 262.431035 264.158716667 260.618003333
250.145052 257.583668 280.981702 305.09129 317.36037 318.552694 318.188392 319.351916 322.139452 324.402948
324.335792 321.457862 312.597816 298.416384 280.855454 260.5051875 234.95755 202.882772 182.532274 176.673152
182.724908571 206.276248571 233.143103333 260.037584286 283.416935714 290.240055714 293.59519 295.573161667 295.748422857 283.137701429
260.900053333 254.1888075 248.581316667 240.780725 223.881963333 201.6374 178.870235 165.465136667 159.3818325 156.194466667
157.205068333 173.57305 200.246905 227.6221 251.154023333 256.081784 258.882698333 262.401784 267.892466667 274.331524
277.25853125 275.854533333 257.775455 235.10098875 210.953314444 186.78474 161.4602425 161.87186125 166.715553333 185.48014
