229.6170025 229.617 229.349415 216.235635 203.8118875 201.722501429 204.13226 209.11491875 226.39114 237.52379
224.171551429 240.31436 266.414124286 292.55579625 318.697458571 342.804384286 362.305205 367.201291429 360.77723375 350.023668571
346.608173333 342.954163333 330.820245 313.957583333 299.583546667 286.961346667 276.900413333 259.8337525 242.28361 228.954466667
223.410795 222.91759 216.55567 193.300154444 166.555013 154.002579 147.798921111 135.315921 132.248812222 161.556198
205.252491667 226.551604 248.147565 267.04076 270.57282 261.488688333 255.753338 255.749083333 256.414736 250.332141667
230.53010125 234.97653 249.834547143 264.69255875 272.62435 267.7570925 266.16876625 267.093235714 267.8007225 255.4587425
241.465905 252.035253333 268.396328333 284.87361 302.999197143 317.30345 325.07724 327.932805 326.64178 315.713333333
312.305334 316.940392 323.77852 330.645256 336.968143333 340.703182 341.826532 340.054426 326.059156 305.042212
295.35043 287.859525 274.120826667 255.878193333 235.2139225 215.003333333 199.452893333 191.31342 189.52008 190.37682
203.969888571 232.659674286 269.49941375 305.524535714 313.051531429 298.853102857 267.482434286 218.67598125 177.60019 177.979584286
193.894783333 229.642334444 269.967951 296.506123333 277.036116667 232.107683333 139.015634444 62.252318 73.8960133333 78.5780111111
