210.826271667 206.803408333 203.077786667 195.93825 188.058878333 179.764868 175.486656667 172.961461667 171.321758333 169.430051667
180.739871667 193.986182 193.183773333 190.755866 190.573805 192.593254 202.473395 226.288794 263.024331667 296.748908
314.922686 324.344324 327.145194 320.548218 300.38675 278.492578 254.981616 226.845248 210.579794 205.002476
199.486222857 194.272008571 196.708462857 200.0081 203.5827 206.6401 206.805725714 208.327601429 225.827697143 249.389664286
248.288524286 239.149675 229.681341429 218.73742 187.08093375 166.71754 151.4514 126.761705714 104.09488875 121.753054286
168.58076 178.986291429 183.851905 188.717514286 194.025462857 199.270215714 202.161007143 203.26241 206.535011429 216.51604
234.1186075 245.548891111 234.33258375 200.133663333 155.52311375 127.77640625 116.958106667 108.37067125 156.533227778 217.5624575
368.645011429 368.64502 368.64502 368.64502 361.575394286 343.184832857 331.491158333 305.643054286 275.43838 247.021214286
222.925958333 215.827002 209.257005 202.803434 198.064306667 188.850453333 172.845488 170.736166667 174.637184 189.987321667
210.56156 232.021205714 250.825278333 269.768952857 290.39712 303.578598571 296.556472857 267.800881667 240.06241 212.215442857
208.229384444 240.9249825 272.197902222 270.534375 239.829304444 205.9466575 176.676827778 159.42664875 91.6301811111 87.48027375
118.054685714 170.987197143 221.248186667 271.458898571 309.971995714 317.737771429 320.070137143 321.132436667 324.657514286 332.156142857
336.598847143 340.379032857 333.575451429 305.923872857 265.733175714 222.444088333 183.311812857 141.017081429 138.802724286 139.530342857
90.3809028571 94.6323585714 122.031155 168.857171429 203.904671429 203.693955714 182.431871429 158.22394375 142.051952857 135.606954286
150.744516667 178.645296 207.490521667 235.694746 248.564138333 246.4694 240.458018333 238.908036 240.683816667 244.605448
250.347248 254.747902 252.197112 243.044836 242.04933 238.512016 218.430156 194.600838 171.418424 148.134706
142.725017778 150.580131111 176.8277575 193.323308889 200.717953333 201.374087778 201.116895556 207.7232 218.359787778 236.699813333
