244.220993333 244.22099 244.22099 244.22099 244.22099 243.944926667 243.298705714 253.74801 278.645311429 298.992045
316.055205 346.844122 376.354508333 371.778614 353.806293333 333.760736 309.018441667 283.112988 249.432951667 215.609508
219.602254 220.338 220.338 220.338 220.338 220.245934 212.684734 191.248714 172.696126 165.629974
167.465336 169.566568 169.652474 169.74114 170.695352 174.002636 182.726752 198.04247 215.197634 227.063362
242.634494286 269.858917143 297.754354286 325.649797143 347.59870625 345.80555 322.29432 288.768132857 258.341751429 243.604154286
241.531845 249.119543333 258.840446667 268.485631667 275.561445714 281.428745 285.518528333 286.544343333 283.627933333 272.047495
266.945096 263.516506 257.490108 238.782926 222.309868 210.581784 204.26399 201.91536 201.397846 200.061598
199.609361667 204.714911667 212.161173333 213.024553333 205.195561667 207.526831667 216.677411667 221.909086667 234.832436667 258.814216667
277.005164 291.440841667 304.2952 310.96678 314.201346667 316.795484 321.610564 327.564284 331.856283333 341.489654
348.25723 331.369595714 292.85239 251.78008 208.252182857 175.533128571 155.549715714 149.5504275 126.957991429 97.7714528571
103.943414444 146.5878 196.761197778 246.934598889 295.864883333 314.94097625 311.088203333 310.89416 314.777425556 311.130742222
308.365508333 313.05923 312.05949 305.752783333 301.332411667 301.027088 303.028228333 304.254403333 303.626592 297.539125
284.089423333 264.400572857 244.662645 224.924714286 204.746881667 186.049983333 180.850318571 195.02207 231.145578571 253.978291667
251.8037375 244.51900125 236.9403525 209.34822625 128.563636667 80.240255 69.13758875 61.21200125 61.2031 61.2031
