345.84601 345.84601 345.84601 345.84601 342.475313333 332.679436 322.27315 299.770606 262.53428 226.526536
198.696544444 198.92469125 223.921302222 245.14109625 256.806095556 262.07045 263.788918889 265.1867825 264.967916667 244.64434875
338.974004286 338.974 338.995971667 340.083821429 334.701211429 306.408644286 264.808094286 214.389336667 185.227215714 180.332218571
199.140264444 250.113262222 283.395065556 275.314265556 234.395174444 194.3912425 162.358106667 125.798587778 60.6833977778 59.3767
250.203078 266.644343333 276.000159 288.805728889 301.611291 311.646449 299.745178889 256.46606 199.179533333 172.482998
186.890086667 231.905295556 260.95109 265.859773333 268.035106 268.126958889 268.946934444 269.99169 255.099198889 258.411184444
338.815021429 338.81503 338.81503 338.7876 329.566122857 313.131916667 278.201517143 227.805242857 185.823493333 168.26282
179.855251111 204.022536667 228.317466667 251.672635556 257.16757 225.302727778 174.794422222 129.428872222 70.2524944444 61.6098266667
179.037994 191.877305 297.082968 339.9224 340.382733333 339.982014 341.198114 345.389824 348.532246667 347.491462
338.023554 319.02577 299.365032 274.290514 219.493833333 180.890684 163.150284 146.146966 125.800268333 112.47839
100.48797125 113.40883625 155.60915875 199.4603725 243.31158875 274.559305714 267.6112475 228.1385775 184.44357375 156.398335
149.365074444 148.89185 143.411372222 136.294931111 136.195106 143.148853333 155.809955556 172.227942222 199.539893 264.564965556
268.272608571 272.724597143 280.874545 289.35489 298.606174286 307.98565 321.864548571 317.783176667 288.554241429 237.670715714
228.601033333 244.528284 265.052261667 286.147261667 296.901468333 305.669202 308.226798333 307.601446667 307.554956 308.592356667
303.5244825 286.054985 274.62756375 263.2781475 251.92873875 232.609334286 190.70018875 155.20917875 128.53991 138.67805625
155.220702 157.636098333 159.687578 161.90319 164.118794 166.088218 168.402171667 175.2978 185.370948333 199.423532
215.654945 241.935578 269.803503333 275.952222 266.951636667 242.790596667 207.194854 163.928318333 137.02435 126.307903333
108.396703636 128.107552727 152.83099 152.325562727 137.638546667 144.305450909 146.674895455 150.02909 184.02542 218.220286364
