219.1089925 219.10899 218.99751 204.33480875 195.068958889 197.08639875 200.70523 210.79525 225.37379 234.9692175
215.236383333 209.224933333 210.801975 203.477198333 204.54335 220.377125 250.331668333 288.49451 317.689833333 318.161346667
305.427996 293.120002 279.273508333 265.870624 252.370156 210.543402 168.539406 147.477441667 145.851086 158.059196
180.951154444 214.039661111 232.809141 210.26684 184.519662222 169.670937778 164.863195556 161.509176 160.430585556 174.20797
187.916041667 195.087012 202.233563333 209.755108333 211.315776667 206.75396 206.369785 212.927338333 215.214876 213.918383333
234.015612 276.87964 299.442466 299.686022 298.686568333 298.750602 300.38485 302.443146 303.648825 301.497302
290.379663333 270.172338333 251.396956667 235.177895 205.906195 182.62584 167.012111667 154.035823333 150.986205 148.734066667
149.658568 160.386652 179.001731667 194.763674 194.200542 182.7852 183.900868 198.227628333 222.146438 224.452888
215.40283 212.876974 211.230916667 208.634454 206.282942 203.931428 201.579916 198.934455 192.14553 170.20402
155.567418571 153.748185714 156.044836667 163.47455 181.935394286 200.57161 194.560587143 178.447323333 161.201384286 156.507968571
167.718285 170.585505 162.985586 149.24979 140.412335 138.0481475 138.1759175 139.741602 143.347715 155.1735575
183.08438 207.588733333 229.386978333 250.475015 259.909381667 255.831748 235.249558333 208.718165 189.473683333 183.281101667
199.716621667 223.83972 243.557208333 257.049411667 263.694891667 265.595556 269.59029 277.85934 285.476645 291.959748333
293.978815 290.311395 274.143676667 238.30253 185.993507143 157.331026667 130.897261667 111.586918333 110.854971667 110.857
