285.985457143 293.032476667 286.143224286 270.195194286 259.480887143 250.77872 243.168941429 237.628087143 235.915213333 225.415057143
201.00308 202.317978 207.915775 214.213302 219.386208 223.396274 230.818598 243.836756667 257.570196 270.21082
293.373708333 332.0576 356.912851667 362.8012 357.554893333 340.933124 315.12877 277.999481667 252.56991 241.596445
236.583825 237.611516 234.270263333 213.249016667 183.38263 161.239114 146.93008 142.539341667 146.189702 156.870898333
179.202435 215.50296375 252.946878889 255.16137625 230.0907 211.1447075 194.49796125 187.482781111 189.76511625 191.00972875
194.692827143 198.715211667 198.953404286 190.544911429 172.160058571 164.85867 161.02898 153.143711429 154.200898333 171.543554286
200.895244 219.933006 236.697196 241.331478 239.152443333 233.210748 223.332854 210.864936 208.616032 211.534322
212.718016667 217.902313333 229.592442 242.29967 256.41881 268.851506667 271.154965 268.706586 268.362 267.23638
265.519087143 268.809 274.314391429 277.199596667 273.527777143 272.420785714 274.470996667 275.674767143 272.177586667 259.626712857
248.121184 240.005698333 226.905068 212.867263333 201.2345 195.80719 194.493001667 195.255856 200.284115 206.310636
216.696474286 247.551798333 289.089884286 319.726113333 326.078107143 328.84877 329.946137143 331.95956 334.300807143 328.939456667
325.828328 325.96379 325.861866 322.437215 299.685754 269.228955 232.979668 197.9320825 174.86143 166.0410175
169.422197143 175.735775714 176.36416 176.904934286 177.48983625 177.832275714 175.500777143 172.984481429 187.137448571 230.204931429
243.698417778 236.270652222 226.973418 217.213021111 187.557821111 169.437902222 168.409126667 173.62537 186.640747778 207.128647778
211.185268571 215.596598571 221.406762857 225.41511 206.975 188.126725 180.592811429 181.41796 188.088034286 198.692618571
212.77573 224.631125714 244.170645714 264.306414286 286.2557075 312.579978571 318.777631429 324.283011429 331.25419 327.46803
309.8939 286.05365 264.266584 242.479506667 218.271651667 198.10651 186.287425 183.698196 187.454388333 192.798423333
194.751248333 195.668851429 196.983261667 198.30051 199.474715 192.91051 148.410438571 126.543021667 138.707022857 161.681225
172.510577143 193.619938571 211.118578571 208.952467143 194.35348625 170.048811429 141.644664286 102.404412857 73.3559742857 66.4368257143
