232.058248 232.90274 228.968662 219.764456 210.652796 205.7624225 202.46419 200.36623 200.2145625 203.313352
205.3924075 205.643552 205.8281 207.599438 212.5927925 221.5859875 237.693158 259.0929175 273.50218 281.5229725
294.8713325 312.313955714 329.75876125 347.363772857 359.29639375 338.28800125 299.816374286 266.4400875 240.38091 215.794395
226.202785 249.5007125 262.0946575 263.2332675 263.027794 262.6439075 262.49447 262.5690175 262.5492725 258.49473
251.548423333 250.775358 250.598645 250.409371667 248.961376667 229.866768 206.13324 189.93017 182.941134 183.189225
193.345335 195.301018333 194.706156667 194.012848333 188.081522857 177.12107 164.57456 150.218743333 136.088463333 122.334583333
108.984852222 140.03971875 180.726443333 221.41316875 255.008032222 264.1328575 264.445925556 266.94622375 274.83094 273.64313375
250.362282857 248.817224286 243.399093333 209.844124286 183.403331429 167.593071429 154.776908571 145.848805 145.2793 149.974834286
173.077155714 204.94683 234.989251667 264.826042857 283.925075714 287.551774286 294.174202857 304.06689 310.7467 304.946045714
284.94602 261.9285 238.911016 218.451008 195.729688333 180.10395 167.079652 158.257036 153.686668333 154.048248
162.22288 172.830666 184.717858 193.369676 194.381354 188.485516 180.093944 174.704586 169.482516 163.19135
157.898704286 157.368315 157.666824286 154.676267143 147.314678571 141.97569 142.3863 145.163197143 153.031888333 179.440304286
207.801284286 227.06283375 231.374851429 222.03255875 199.709454286 179.866538571 158.73138125 141.558275714 135.09058625 167.443407143
207.460431429 220.06992875 236.215331429 253.41667125 275.626221429 289.350697143 289.4421225 292.329084286 298.3546 299.249428571
286.4063725 265.8028825 243.37313125 220.94338375 198.131317778 165.29032625 134.5909375 121.269855 113.87374125 153.86592875
181.845503333 215.873355714 250.739281667 279.849565 288.176764286 275.51527 255.856608333 231.10051 204.764142857 178.518265
156.170496 144.051533 138.184591 134.062007 133.094792 136.428874444 141.331675 155.687221 181.662065 213.233295
