359.45599 358.686754 353.028275 345.0538025 340.399038 332.0136025 323.607515 318.937205 318.30995 318.8411025
321.53071 330.23136 343.395268 352.39006 359.206074 368.5162975 372.248652 370.303915 350.510326 333.9152675
334.220773333 335.624503333 335.9726225 327.83618 314.32271 292.219146667 268.210143333 245.9144675 230.018403333 212.75206
199.14048 203.33651 221.24931 220.94682 201.175035 179.146153333 160.78314 131.688142857 76.09168 75.86996
84.92876375 148.84088625 215.72070625 210.25523375 195.24387125 180.880618571 169.79978875 155.83871125 150.041 150.041
337.795025 337.79504 337.79504 337.79504 337.79504 337.79504 321.196595 286.119958 263.587928333 244.89603
235.1761225 224.210811111 211.85136375 201.0927675 189.500612222 184.29923625 185.2936325 193.4435325 221.122144444 252.29147375
247.199782857 235.827792857 224.38507 212.942342857 201.55464 193.399448333 179.052101429 173.770052857 191.47645 228.29047
263.6651625 272.61929 269.23530625 261.440332857 224.344435 170.36170375 140.743488571 126.534385 123.274967143 125.66020875
131.293686 139.499062 145.8412 147.654468 149.009264 152.061495 156.082618 159.76405 164.633352 170.04575
189.422197778 203.055967 213.077941111 222.510388889 226.838941 188.591145556 171.989678889 195.243377778 249.242818 283.537143333
280.450658 273.16867 265.24447 257.32025 242.936802 204.2242975 179.897122 168.698618 166.338868 167.616576
173.172993333 181.2767325 189.47654 194.889335 196.185883333 195.776446667 193.577355 191.02803 189.301815 185.69955
182.979 182.10981 182.120063333 183.76645 189.991783333 197.395733333 200.23273 201.190513333 200.433483333 197.19133
187.653321667 171.993226667 161.951084 153.241061667 147.74684 142.828276667 131.875975 74.832508 57.8564533333 57.30161
215.614452 243.55202 243.55202 243.55202 243.394575 236.83455 217.4848 209.131126 207.521638 201.239938
198.0105125 229.3438475 240.314161429 224.28508125 219.264065 220.16719 223.22605875 226.796085714 232.72394625 240.6348725
