208.4910025 208.4111075 207.897134 206.305125 202.5144175 195.7098325 186.3451025 171.880034 158.2971875 154.62334
166.99362 218.985002 273.3350025 314.123084 325.917574 328.367786 332.668524 336.1686625 337.005462 334.375532
320.075937143 297.35490125 273.361141429 249.220535 207.834248571 167.40859 154.22325 141.17622 135.166 130.910255714
133.74696 160.912364286 191.386866667 221.86137 252.335876667 280.421076667 309.310091429 324.93426 337.121728571 337.796003333
322.220918333 301.794026 279.67742 255.103406667 227.05454 193.234234 165.623125 140.393246667 134.47548 152.133876667
183.150226 212.935374 238.155433333 237.238752 220.524932 207.067006 192.291684 180.745295 178.86401 186.45144
196.194502222 205.834328889 222.810426 232.208518889 216.909014444 204.073371111 196.47062 187.251112 183.87979 188.097685556
203.877555714 243.0794 287.606042857 318.566958571 333.79479625 339.096575714 339.143747143 338.330377143 343.357644286 336.644512857
327.980311667 332.144663333 324.963893333 297.207435 261.563726667 230.936208333 205.072775 188.416498333 178.57117 182.734341667
199.428184286 209.34204 219.135302857 228.928568333 235.928411429 225.314368571 192.270963333 158.914262857 146.62232 143.670128571
148.049566 154.604206 161.206602 167.809006 173.935892 177.18185 179.009284 179.93152 181.216806 185.966092
191.67105 205.686451667 244.58092 288.213033333 320.807173333 331.529878333 334.199393333 335.870844 339.72907 334.910186667
309.664987778 276.626363333 245.64811 219.375142222 195.02652 155.263171111 131.014595556 126.24837625 153.894697778 215.18812
313.19901 312.75178 309.0882975 306.195404 301.360176 286.160352 260.55665 235.8668425 210.232152 195.17721
192.251314 190.752364 186.459912 180.127208 174.907366 174.368406 180.703758 192.141688 204.852842 210.639336
221.559334286 225.44892 217.019898571 205.218887143 183.821384286 164.206116667 146.301257143 123.815368571 103.027302857 93.8089328571
119.11284 159.698406667 197.77759625 242.795478889 279.685932222 277.153293333 278.096943333 282.615145 285.130671111 289.184122222
