225.291671429 225.720577143 224.54253 223.226637143 227.23624125 241.92475 265.641851429 287.672761429 297.591725714 295.51535
282.818171667 260.814914 227.370453333 206.622966 196.283858333 193.271918333 198.784346 216.058421667 240.706242 262.45156
283.437825 301.066638 329.783383333 346.740126 342.710836667 321.376811667 289.650884 254.473095 229.717438 213.588126667
201.02534 191.71733 178.08423 174.553241667 182.338692 183.549186 173.877675 164.308798 155.511095 156.729386
184.037548 235.992183333 268.373854 271.62293 271.92962 268.200136 250.033128333 225.745742 215.466993333 212.298146
208.79501 201.043527778 192.52884875 183.892946667 167.135165 145.912445 134.259761111 130.26561375 125.833521111 118.765095
111.55453 110.206255 120.67199 186.13341 238.77463 253.1063 260.087433333 259.264364 247.929701667 229.531063333
208.090107143 188.546954286 178.379637143 175.599965714 170.334072857 164.31479 163.364255714 166.489671429 182.094221429 191.436135714
194.342505 207.508778571 228.79305 250.32915 271.865265 291.169418333 304.058471429 311.455725 316.900418571 311.69423
292.659882 273.92829 255.56134 237.194376 218.82741 200.460446 183.337424 176.830522 179.09665 192.110466
198.932273333 201.652425 203.829563333 206.00671 208.183858333 209.831224 208.771435 196.298191667 186.3572 189.487591667
197.199464286 210.279326667 230.492458571 252.633428571 274.774395714 294.835086667 306.438727143 311.032044286 310.547078333 296.0835
277.21413 261.95589 243.102552 208.617208 180.217928 154.848638 131.705632 120.626602 116.670102 121.171758
133.518004 148.957978333 159.988112 160.852756667 159.286982 158.936812 160.395958333 163.095924 164.452336667 156.800796
119.334603333 114.933072857 214.479165 262.081131429 277.845446667 277.766636667 254.494161429 227.293323333 196.57704 175.48218
170.602842 168.380254 166.43388 164.4875 162.263068 160.03864 157.974066 156.8844775 155.682106 155.227432
167.010941111 196.183364444 227.103758889 241.86153 239.097354444 236.860601111 237.209557778 238.734786667 242.129044444 251.477608889
