296.612 296.612 296.612 296.612 296.32836 293.170404286 290.384594286 289.285745 288.391682857 285.327211429
271.936845 240.474212857 210.403646667 187.37974 164.940485 150.716533333 143.902405714 143.806378333 145.707087143 155.75228
179.182805714 197.5505625 216.974725714 234.977295714 253.13613375 257.23521875 242.60248 225.621467143 211.967285 205.716768571
201.995552 208.493736 219.6684475 236.16206 249.903018 249.161412 242.599372 238.3350475 233.718322 231.980894
238.27848 249.16064 260.1752925 268.012528 269.7167725 269.760375 269.79895 270.1047375 269.8166 266.29341
266.049824286 281.613172857 302.454284286 322.993604286 333.03602 330.075782857 327.048458571 327.480301429 328.691331429 320.903024286
304.123974286 289.7220075 262.751814286 210.58587375 170.845934286 153.699772857 137.331885 126.925635714 124.22084 149.673382857
203.472013333 203.47202 203.47202 203.47202 203.47202 199.163935 186.84553 185.524568333 194.667346667 204.62736
214.627223333 226.079655 230.176963333 227.281846667 210.508365 197.42042 188.930696667 179.496613333 174.2780075 174.140603333
182.803331429 200.882152857 219.227268571 237.572378571 258.658244286 275.336456667 279.081115714 280.872022857 278.913267143 268.553454286
250.7407025 263.887554444 282.07072375 287.30529375 281.605024444 279.04212 277.75755 280.02814625 264.241364444 246.058
294.321028 294.32104 294.32104 294.311556 281.25032 243.036872 217.218636 201.009836 195.320634 192.926568
192.1962275 194.475142 203.649005 215.027734 222.8298425 223.7675025 221.840196 219.77952 224.012936 230.749255
236.780446667 248.2765 258.818211667 259.579 241.527661667 211.014726667 179.870491667 155.889526667 151.051205 159.931833333
181.85381 193.89925 204.705847778 213.716226667 210.616901111 207.22308875 206.840911111 208.287785556 211.982285 193.54233
184.934661429 213.709044286 259.164037143 284.62832 292.54322 293.260981667 290.07485 287.575342857 287.642738571 283.811911429
274.468001667 266.8066 266.786763333 273.580056667 274.785055 270.82781 264.615643333 260.58939 256.686306667 252.07254
246.59984 247.025082857 248.07408625 249.134745714 249.97954375 243.97433 229.845655714 224.16012875 224.33857 228.072565
224.14444375 224.270007143 223.3121825 208.768492857 178.318065 141.17314125 111.84687 90.16414125 76.4676028571 66.47270125
