389.889028 389.88904 377.71947 355.559235 352.073816 352.529224 353.76637 355.43399 354.678426667 349.10238
344.895238571 341.903818333 338.797381429 330.685147143 303.313257143 272.129866667 247.020712857 226.86606 209.983315 183.293422857
136.824876667 136.909448333 169.66852 181.341933333 184.983036667 184.821361667 182.711788333 186.458544 208.233115 233.102196667
252.234765 255.9721 247.333178333 225.454922857 204.531381667 192.498196667 193.873931429 208.64326 229.205612857 236.593105
234.359676 239.6365175 259.220536 284.4563 308.563136 319.5757925 321.421538 318.561426 308.0303175 302.983058
305.778508333 311.517075 316.655856667 317.448903333 316.325685 316.352052 317.039546667 318.828808333 320.311035 321.995665
321.928665 315.1148525 287.05919375 260.7749125 242.2326725 213.5132425 171.14578625 134.66834625 124.21218 144.54514875
164.666488333 188.930361667 218.268348333 247.926615 262.612758333 264.176493333 252.379186667 232.256305 217.715608333 203.300653333
188.425833333 185.373783333 179.72444 169.947246667 161.950806667 156.294116667 155.254776667 155.240415 155.21812 155.21201
315.11499 315.11499 315.11499 315.11499 319.496338571 334.793568571 316.709654286 269.44216 219.926625714 185.658667143
169.866208571 168.735623333 183.20881 189.008541667 178.1712 157.628853333 150.685547143 135.456023333 110.305525714 88.9605066667
