244.284 244.284 244.284 244.284 242.018137143 223.813765714 204.59927 192.03669 186.884175714 187.8179
188.821731667 189.476126 190.712076667 192.106831667 194.065015 197.936588 204.291868333 216.425975 232.421718 245.580868333
259.44845 283.381408571 295.241568571 282.696088571 261.897085714 239.536516667 224.163514286 210.406447143 205.169127143 206.64509
224.95135 247.083403333 260.081861429 263.474355 258.988844286 245.411614286 229.781035 217.572364286 212.96189 210.410188571
193.695415714 191.553075 200.767361429 206.85325 202.65763125 190.76018125 188.1967 210.41784 251.8244925 262.637032857
251.617706667 251.361896667 250.46598 232.260993333 179.806717143 145.196921667 139.039251667 135.81501 101.039276667 69.2616683333
81.8793 122.139611667 163.619356 180.93621 180.594115 177.075004 175.05502 174.053738 175.011223333 180.633156
191.428621429 211.339693333 232.610868571 255.815782857 279.020695714 300.29186 321.479728571 337.68749 340.933258333 343.184578571
344.62319625 328.070005714 293.6473925 252.14644125 211.4340275 177.578241429 153.50832875 162.37416875 175.36718 196.43818
212.483433333 230.115211667 251.851471429 273.587736667 295.207513333 308.414063333 294.44545 262.8719 229.872006667 201.338585
178.852937143 170.100061667 168.41543 152.08979 130.946844286 125.335903333 127.589294286 134.822558333 155.177357143 173.761383333
187.194728333 195.406128 190.688606667 182.887668 174.577973333 169.209384 168.530461667 168.685102 173.592208333 182.83535
329.519994286 329.51999 329.51999 329.749037143 343.10624375 341.66172875 314.371058571 278.86006 241.45076125 219.067184286
218.323944 222.0122325 232.64581 252.151248 266.053776 271.1103725 274.622934 277.935608 279.316375 278.150098
270.805188 266.2973 275.926408 296.13747 300.592388 301.36306 301.771874 302.088862 300.681456 283.91012
261.2979225 255.612333333 250.4575425 245.302756667 237.357955 223.084813333 207.0554025 195.625143333 182.14283 171.390893333
170.207755714 171.153744286 172.275575714 173.397414286 174.51925 175.342443333 173.310862857 151.626494286 81.2885614286 59.63834
69.0384825 130.210801111 193.0959675 214.15843 208.660724444 181.14243625 136.59321125 130.572535 177.885744444 217.02407375
