289.496 289.496 289.496 289.452434 287.316602 277.84099 273.05409 273.611498 276.720084 278.702216
279.835156 282.809746667 289.065798 295.28527 297.04026 281.92965 253.89609 225.057486 203.827351667 187.756856
178.546181667 167.906081429 152.875546667 145.242675714 139.404961667 137.77137 138.881132857 142.94439 151.355767143 171.823615
186.887714286 214.710954286 249.416068571 254.987974286 252.69618375 249.473325714 247.244802857 249.643915714 256.079597143 258.76454
265.607513333 283.031403333 303.60359 323.998281667 334.7716 332.718086667 316.675036667 281.453645714 243.87695 226.476635
223.2764 234.237564 250.60451 255.042256 248.20928 226.57399 201.339508 178.5118575 167.550404 166.729744
168.383301667 170.844228 173.323291667 175.802358 178.281421667 180.365672 175.500098333 162.799648 161.202113333 168.51652
186.897598571 228.495005714 250.716472857 245.167881429 233.280011429 222.25151 206.271337143 167.254955714 134.671652857 132.186261429
137.36604 146.384735 155.8034 165.222071667 174.483756667 178.996628333 173.723068333 168.700351667 177.065563333 196.823391667
214.864912222 208.886106 196.06871 164.861453 140.860215556 138.874574444 138.205127 142.155232222 152.643525 140.13785
351.787994286 351.78799 351.78799 351.78799 340.48337 322.047068571 323.334277143 327.783172857 332.460784286 322.965185714
290.744493333 269.994337143 249.969746667 232.859805 193.386038571 156.121823333 151.839423333 161.937601667 183.617512857 210.868398333
226.409058571 223.910568571 217.729107143 211.473171429 204.6959 197.719435714 180.78199 146.73792 106.151301429 93.4305142857
170.889616667 181.97401 181.97401 181.97401 178.62516 155.526836667 147.303263333 146.441038333 164.053774286 194.27634
204.794813333 222.963843333 242.914196667 248.37835 248.407075 247.750463333 245.599726667 242.439183333 237.569283333 227.209556667
222.009863333 249.23379 292.469585 312.332775 302.553298571 267.161546667 227.33371 189.12282 150.742052857 137.267238333
139.356107143 145.87308 152.764514286 156.354245 150.844462857 136.465803333 111.721278571 92.0818616667 88.1729785714 88.1552
