342.837098 360.237274 368.2805225 366.071466 356.216692 338.963848 320.006936 303.56955 287.317988 269.57166
257.44967 250.0194 242.601388333 235.066298 221.24863 180.944566667 147.618016 134.001571667 127.863774 136.256753333
154.547333333 161.022073333 166.776316667 174.007463333 179.86863 184.66942 187.391453333 188.2704 189.21358 191.739526667
202.728698333 233.952168333 263.442086667 291.487998333 300.177568333 296.584456667 277.897445 247.298678333 219.845333333 196.433838333
188.74155 190.275932857 180.324168571 168.140132857 151.16585 141.234738571 130.40061 120.435624286 165.911965714 215.98283
309.816014286 309.81601 309.81601 309.81601 298.50066375 282.4904175 270.69074 262.498311429 256.8023725 255.427445714
256.502488333 257.89267 262.077343333 274.502996667 314.910982857 331.427346667 329.207628333 315.262665 291.94247 266.733843333
240.2832175 230.999063333 222.21896 212.61765 202.72746 189.7055425 180.136586667 177.92729 177.384806667 177.6816975
205.294665 291.754601667 271.212113333 195.434246667 176.319986667 158.550636 143.72918 129.518966667 126.011251667 145.762763333
178.11515375 202.294511429 226.24419125 246.728617143 237.86897375 209.75444375 196.066157143 190.2639225 188.744634286 198.42533875
205.05842875 206.984337143 210.54891375 210.683641429 188.88682125 174.3889075 175.462552857 188.10366375 212.140694286 237.57479875
254.81606375 283.81450625 314.36996125 325.3112825 305.25724125 263.87903875 223.47786 194.93653125 182.78588 183.40857
192.46953875 205.152507143 220.20921375 233.30722125 215.40068 191.16781 187.6529375 190.26580125 200.463502857 224.30742875
233.537962857 234.533071429 235.7535025 236.973947143 237.699482857 238.641814286 250.208962857 284.59635125 313.536725714 316.555562857
301.997985714 283.301644286 265.991606667 251.016182857 231.607312857 193.465032857 173.58582 165.386446667 163.269872857 158.517741429
151.75041 155.237718333 165.55073 175.190115 179.91932 182.359618 192.296306667 217.66153 250.164471667 275.275476667
281.400401667 276.00949 264.254197143 252.083371667 241.469748333 231.779526667 203.480415 157.014521429 127.055698333 125.7788
130.72764 133.82375 136.578643333 138.47263 138.931776667 138.86375 137.78553 136.66089 135.121663333 132.986665
128.597295714 103.588071429 74.7936171429 126.392881429 202.413117143 261.014815 278.269435714 284.753514286 292.062258571 290.600008571
275.674751111 255.425612222 235.03275 208.397708889 157.097783 125.165076667 123.531298889 149.078961111 148.008502222 146.449997778
