227.902684 229.8630125 229.23403 228.1846775 226.826606 226.840198 231.613375 244.188038 253.3217475 249.60724
243.28199 244.022926 246.636396 249.47456 252.312706 254.92618 255.78434 247.777568 213.850624 186.54964
173.026085 161.817118 158.29859 159.8466325 163.020302 167.734105 170.240545 170.57938 171.3837 173.239335
177.66383 182.084785 182.519764 180.7849375 180.169125 182.019355 189.14733 201.305418 210.447755 220.1417375
231.111048333 242.6414 271.12331 285.860888333 284.230247143 274.354883333 258.939428333 245.82839 234.303676667 213.191921667
206.607896667 201.745512 193.803356667 179.76008 160.32412 148.16082 139.372336667 134.30935 136.273848 155.407125
183.23124125 205.193468571 227.1142775 249.035084286 270.95589 294.72905375 313.58545 323.6922875 332.021437143 320.73084625
287.567654444 283.264835 279.907605556 256.01375875 210.966514444 182.77076 162.81335625 143.834336667 139.36570375 263.819116667
204.411892857 188.536832857 178.208541429 172.009064286 169.534701429 167.40278 168.258897143 172.934291429 184.888257143 194.689667143
204.221338333 224.722752857 250.25689 271.270831667 280.031154286 284.619521667 290.843573333 294.873805 296.116937143 291.476435
272.097292857 247.114788333 199.980147143 154.395976667 141.221002857 156.153605714 162.898828333 161.897475714 163.969886667 177.316462857
201.04177 217.90473 230.39823 241.755955 254.309814286 262.64388 260.7615 259.536118333 261.506547143 258.633041667
250.854004 250.074503 249.495401 262.274041 266.841926 264.642809 262.27753 260.224982 263.424139 278.458765
