252.319003333 252.319 252.319 251.334007143 232.885083333 212.555708333 214.112584286 236.396838333 274.090451429 295.778828333
289.344153 277.195035556 264.982526 245.972528889 209.695541 198.491342222 197.037957 208.31747 239.419476 262.15333
264.234785 261.311158333 247.34889 225.729518333 200.891388333 177.285284 158.491253333 153.412156667 153.344836667 154.567216667
168.130591429 201.95733 237.622282857 255.536254286 266.569875714 280.873565 288.724394286 293.819727143 296.84586 292.62535
275.84606 256.138355 235.000074286 208.687815 183.77025 166.469238333 159.568183333 161.507318571 171.942126667 190.558618333
232.620367 266.428067778 308.546922 328.845178 293.225896 237.37397 184.698364 144.039166 143.175435556 175.269622
279.745 279.11172375 260.789864286 231.014041429 215.2274325 207.0185375 199.982185714 196.299945714 197.74687625 199.03052
194.738328333 208.47573 250.139088333 288.601118333 300.542531667 303.517223333 305.897178333 310.570245 311.556321667 298.621078333
273.88677 258.453242857 246.906915 216.432076667 181.16643 171.883228333 171.456241667 176.88745 190.095525714 194.69074
193.72558125 196.408804286 200.27695125 204.145104286 207.22599625 199.9595925 188.524477143 196.98660625 238.811974286 294.150165
292.425925 282.546503333 283.240211429 270.683113333 233.514188333 197.063858333 170.534728333 164.103128571 166.530985 176.227336667
197.810992857 217.70694 245.706357143 273.810963333 301.915587143 331.245892857 342.029463333 336.567281429 313.399841667 291.171031429
293.4296575 297.5293475 299.616256 295.7484125 287.179785 276.926965 264.0974575 248.77706 233.1507575 212.1478975
194.78072 197.37541875 203.010438571 194.679005 173.534575714 147.217802857 133.05333625 129.757775714 133.16923 142.780015714
162.962531429 174.518715 182.44443 191.090652857 197.833124286 198.113255 195.906925714 206.0802 239.681478333 280.208417143
295.339114286 289.109875714 278.94243625 265.212207143 219.902944286 160.074945714 142.472755714 147.72917875 151.465527143 153.977908571
180.855577143 214.165005714 240.910018571 246.947428571 243.61782 245.7101 250.97636 257.382295714 262.44668 255.042651429
231.084488333 217.997908333 205.567781667 194.604408333 173.08029 160.682683333 155.865868333 156.421226667 161.985763333 173.35632
191.28637125 235.45447 272.072794286 263.49333 225.84364875 167.22140875 131.51519875 124.40736 150.025055 196.52343375
