313.795621429 314.5753825 313.185747143 307.225381429 295.04926375 286.066055 280.173238571 276.873584286 277.66962375 271.773664286
232.48183 245.856378333 294.661115 320.268141667 328.39798 337.988713333 342.1929 347.378631667 350.717215 344.163456667
340.316495 341.9325875 342.9485 338.6831 312.9920275 279.71559 256.67067 241.581275 231.446815 220.2989475
221.91652 239.8357625 260.14222375 277.57189875 279.8412625 277.63100375 276.29593375 279.04270375 282.41064375 257.21558375
243.033984 245.844946 240.40963 220.1786 201.14165 185.543388 183.08459 198.257556 214.577926 234.173394
251.93876 262.668733333 268.989583333 274.201203333 280.5263425 282.57202 282.508096667 280.945116667 277.366056667 270.848316667
254.541624286 223.3635175 207.685782857 200.9651575 178.864155714 153.262668571 135.2310875 131.31843 102.28150875 68.1541842857
89.5341575 148.6123725 209.98902 271.36578 309.7153575 297.874377143 274.46566 244.1590825 207.9091325 196.3923175
196.105258333 199.557 205.007706667 210.48807 216.268571429 214.508041667 192.282273333 176.348881667 176.344265 186.196586667
212.029642 237.3684 261.771368333 277.404408 280.379586 274.699046 260.088164 239.98763 224.632438 217.873876
205.646186 187.098618333 191.651474 227.03454 242.299056667 233.200348 216.118664 202.771352 190.536398333 185.854368
197.082576667 219.609818571 240.852498333 259.548173333 270.922441429 274.976725 278.98918 287.842243333 295.880091429 290.064051667
278.92944 262.976668333 246.717045 230.457421667 216.148303333 194.691506 177.015645 167.949918333 167.709191667 174.305015
187.68561 202.821076 207.01921 206.2115 198.751895 190.421652 184.834622 182.524778 183.682772 190.542028
195.43540375 199.519831111 206.93683 214.650361111 220.8111525 202.11377875 165.233125556 131.79875 128.099982222 133.6213025
154.648612 178.704486 205.790203333 231.962524 246.187768 256.293702 266.646566 274.838348333 278.852196 276.51051
271.604166667 277.889537143 289.806445 301.899145714 311.634023333 313.999408333 311.699175714 313.8738 318.073742857 314.322723333
312.726562 316.782546 322.616144 325.620562 322.001276 299.860476 269.297396 239.702486 215.82118 196.121364
186.7403875 189.536198 194.4188575 194.281065 189.75009 181.6706875 168.9306225 147.64618 116.357998 102.353215
141.794772222 177.14443875 192.064006667 209.06082125 209.987498889 190.28954375 185.414055556 183.56913625 187.123956667 177.88560625
