230.253932 230.504792 226.7725175 222.192316 216.311878 206.1428 194.230816 183.42221 174.930888 172.517138
177.831714 184.786436 190.160185 194.447264 195.884838 196.409984 198.149402 204.85926 217.320808 230.69905
248.975862 274.5786975 305.55606 333.1234975 340.75195 338.83701 332.6503125 317.84447 310.23043 309.695614
307.659957143 298.121395714 288.701298333 271.91139 245.082691429 217.321621429 199.001002857 191.184948333 191.448442857 191.636248571
186.51857875 194.818272222 256.58464125 268.212626667 262.57736875 264.31960625 266.114581111 269.62881125 277.025915556 285.2911125
304.381768 327.815746 351.236536 368.11056 370.94836 364.399182 342.693216 313.24627 287.745698 272.053022
264.79303 263.1721 261.574397143 260.099601429 249.968965 224.166495 205.367007143 192.966108571 191.4758125 191.911781429
200.834456667 239.719918333 279.99817 290.565506667 292.984035 297.063406 300.975408333 305.843138333 310.309948333 307.408296667
300.039241667 301.084228333 297.074783333 258.896973333 206.373613333 173.262752 157.289863333 146.020153333 134.303823333 123.116031667
203.826 203.826 204.537605 209.75582 216.886965 220.252125 220.902765 221.3826725 220.5192825 218.2557125
215.837266 216.981925 221.922056 228.128712 231.241466 224.168515 199.007682 177.868402 172.217125 172.198442
183.255962222 205.709368889 221.4537175 210.594823333 178.991392222 143.10119 131.905333333 134.89347125 99.2865944444 127.775998889
