264.543005 264.543 264.543 265.465073333 273.864986667 290.611974 319.772618333 358.25271 375.14201 370.165395
346.668151667 317.672 288.720001667 262.4 236.205398571 211.368778333 186.960915 177.352098333 176.685587143 188.481461667
204.565651667 214.960943333 226.847815 238.734691667 254.572581429 278.515853333 284.304026667 284.744341667 284.941568333 281.416978333
273.198167143 290.801247143 300.281981429 297.484942857 292.65046 288.424026667 287.484227143 287.434377143 288.278881429 288.676081429
281.421497143 263.720591429 247.125917143 223.898587143 202.998671429 185.131284286 172.948388571 167.380022857 166.222457143 169.715758571
182.01922 187.609396 196.804956 214.446506 232.857506 249.209672 254.046318 248.483684 236.073968 221.639342
211.07516 206.435873333 200.21349 188.486651667 159.087967143 142.003791667 136.49035 134.647861667 138.633988333 148.943005
179.9796425 193.2371425 203.2471975 207.16310625 204.986838889 201.1729325 197.32328625 192.0057225 215.08396 239.85526375
215.99234 208.982216 195.409838333 185.950906 179.898984 175.467876 177.04058 186.80697 206.7228 231.050552
259.633478333 281.976771667 306.656371667 311.115945 303.681245 285.872802 259.9979 239.174066667 234.107653333 243.783225
265.20551 282.696755 299.96858 312.0112325 313.444362 309.97055 295.721022 277.484155 255.650132 226.5863275
208.330633333 194.22025 177.669855 163.25129 149.42564 145.672876667 151.93478 169.858441667 192.304334 205.613296667
214.443756667 219.273453333 220.01003 218.792116667 215.3328975 209.841533333 206.67362 205.03462 203.443533333 200.2297
197.267118333 212.07454 241.457176667 271.463354286 298.056091667 304.224813333 306.76702 314.880101667 322.738647143 324.513093333
315.424654444 288.730457778 245.72317375 195.310694444 147.552944444 128.09765 113.905168889 101.65236375 96.6103 96.6102988889
