238.692231667 237.524162857 228.557628333 218.302431429 208.15318 198.168843333 194.926728571 197.932245 208.962404286 218.978575
231.01758 261.030856 301.80221 342.339096667 360.160933333 366.106898 359.746793333 332.264088333 306.248208 273.98107
257.51763 256.5145 255.4335825 251.180113333 240.740013333 232.93318 230.606143333 230.2711125 230.25101 230.284263333
231.326264286 245.210028571 271.404135714 297.913861429 324.423588571 347.841206667 361.200685714 353.855858571 313.150582857 262.595547143
219.167284167 205.721258333 211.00182 215.736298333 200.99145 188.549328333 191.3626125 216.024067273 245.956451667 274.207894167
253.197011667 253.19701 253.19701 253.190605 245.471568333 216.084383333 182.739861667 156.700068571 150.072998333 152.322573333
163.46058 180.075696 203.483568333 218.381578 220.312624 216.53852 207.088896 197.750968333 187.217522 180.668854
178.83175 178.777193333 178.30417 176.41406 175.621253333 175.407666667 175.27272 175.359205 175.807526667 176.451883333
177.692838 182.290791667 195.657284 217.3677 246.210773333 248.878768 241.20468 226.757468 213.202341667 202.166098
192.896745455 203.678885455 212.851950909 196.878424545 195.516539167 194.736681818 195.674958182 202.028877273 128.893595455 145.489241818
209.076706 208.122645 200.773086 193.363816667 189.726318 188.755796 190.793533333 205.69369 235.998546667 263.670886
283.841781667 293.834706667 296.404904286 289.108113333 266.422848333 229.451928333 195.920698333 164.738778571 144.218926667 144.214908333
158.0637475 137.82800625 122.99847875 195.46332625 284.07855875 329.520034286 329.58415625 328.5333275 333.7903375 334.58498125
316.454441429 293.357573333 268.263432857 240.887994286 215.846775714 187.576548333 155.234207143 156.293431429 167.233268333 174.214262857
178.48076 184.33909 188.954336 188.1913375 182.379968 172.32461 164.887422 163.0599575 167.55608 178.334325
191.18441 210.51673875 243.038747778 275.82166375 308.604593333 341.374658889 340.06927375 293.318026667 226.444765 203.982495556
201.540292 208.53303 212.612222 207.26494 197.06235 183.1839375 161.290166 153.066248 155.54944 163.735036
169.257514 169.069203333 168.537778 168.0565 167.515048333 167.021738 166.239006 157.22398 140.378773333 85.209642
83.215955 166.812341111 201.524941 228.38391 249.906152 241.472905556 207.21702 158.51032 148.81531 148.896007778
