217.869 217.869 217.869 217.869 218.228343333 220.052361667 226.243566667 238.635554 258.512713333 281.691923333
305.487732 327.3318575 349.106208 363.450122 364.157178 357.3302625 341.52994 320.341022 299.6696775 268.48501
243.850566667 248.663608333 248.890924286 237.289041667 223.933805 210.060475 200.755648333 195.618818571 195.031018333 196.144035
193.523561667 186.952365 186.168768333 221.765565 300.045466667 316.61987 318.998493333 324.10966 326.341165 322.782073333
299.011462 262.409248 241.3120025 227.80836 207.77929 188.823864 181.599082 183.26976 195.802002 210.822136
217.381952 226.548576667 236.398156 246.247716667 256.09729 264.633582 268.807876667 262.655464 242.163896667 217.171662
204.063742857 201.398053333 212.30083 218.902327143 209.352397143 199.385938333 187.36449 178.042284286 175.406995 177.47751
188.862681667 205.787815 229.843661667 254.462771667 281.543792857 308.624823333 329.939723333 337.155686667 333.973241667 321.864446667
315.84023 316.177926667 316.934365 317.9069275 318.879455 319.68991 320.500375 322.031005 324.01195 325.317945
322.043176667 312.196517143 294.78266 269.325892857 221.94028 180.391015 145.277865714 124.486168333 111.513378571 100.866566667
103.313043333 111.989722 124.02927 195.253618 252.53502 266.297633333 273.451002 277.666265 280.311616 279.4162
270.026848 254.374934 232.42725 205.737606 175.127536 153.06827 139.10362 130.351052 127.563138 127.434298
131.147412 137.227345 140.29043 140.4423375 140.174978 140.653788 143.1589825 148.226168 154.02141 160.835422
173.704258571 179.587235 185.640024286 191.704543333 197.769054286 204.306125714 207.402686667 205.453805714 207.007506667 209.141757143
215.633066 236.4743125 262.681874 288.484405 303.877674 307.0318625 307.231062 307.15779 304.547736 301.76802
301.436217778 290.66648375 250.714987778 198.422378889 160.302682222 142.14368125 141.001972222 152.940523333 176.29884 191.331428889
201.807075 201.951636667 202.1823525 202.762125 205.3204625 208.908393333 211.291315 207.9135225 199.329283333 196.87771
215.84607 265.096178571 269.190402857 254.062347143 234.66817875 218.332205714 208.974624286 202.79442 204.07867 216.276107143
223.579314 249.723376 289.27568 301.893518 303.507402 302.24381 295.306298 278.8434225 257.895506 232.799432
207.678136667 204.1508525 204.839416667 205.319033333 205.0695325 204.01057 202.06312 200.4709 199.2872325 198.23544
196.857752 198.1104175 211.79553 240.0816825 270.891018 299.701455 311.546528 312.3822275 301.447248 266.688255
226.612615 221.269501429 217.905905 193.66699 163.466308333 130.034545 114.515132857 99.701485 64.6348971429 64.2062966667
76.476156 102.667323 129.461594 154.295916 156.095576364 147.977074 147.539557 157.491713 190.046808 212.643154
