247.410194 247.304864 239.72405 225.7464 216.25261 209.84562 203.125534 197.49155 194.780952 192.898786
194.690132 205.703758333 222.40309 223.971516 219.71283 217.267946 221.777498 238.865384 269.73291 297.671764
320.466998 341.803448 350.454408 351.414326 350.303426667 342.979596 325.62167 303.324004 282.721172 260.66435
239.733165 237.698515 236.84195125 235.9853875 221.9509 194.71924125 180.3076625 176.15400125 174.623835 185.03120875
203.552842 224.284378 245.84551 267.409014 292.053004 312.688484 317.848414 316.5287875 307.888392 284.586336
269.404888 261.841936 255.6046 240.838988 223.838376 216.7603225 217.870292 228.842206 240.030036 239.278774
236.751408 248.007881667 268.179436 288.731573333 309.283714 327.55229 346.008136667 353.845586 339.962265 308.744134
268.392001667 229.619905 210.533303333 191.676266667 180.70681 179.690525 195.052851667 227.006448333 254.705691667 263.673828333
258.935338333 243.486846667 203.27084 163.264783333 136.433001667 128.694493333 116.161486667 112.933278333 147.40829 174.263078333
207.490012 207.49001 207.45966 202.569028 192.22563 188.36009 190.194004 197.968334 209.185938 213.19815
213.805085 221.937173333 239.145468333 257.1331 275.035371667 285.597884 286.818585 283.939621667 282.823088333 284.914631667
288.156035 289.846645 288.062341667 285.74616 290.046108333 297.47313 300.017218333 299.671778333 299.493745 299.782026667
300.87874 300.939416 300.150286667 299.175288 296.62222 287.814698 269.944796 242.647396667 220.497054 204.60494
192.165025714 182.735937143 174.638973333 168.415944286 161.132872857 156.186265714 157.902338571 158.172695 156.226941429 112.358541429
69.8103428571 106.877323333 194.592308571 283.125531667 328.445651429 333.681974286 317.34721 295.912652857 283.171086667 274.750954286
267.810843333 270.8957575 282.192676667 287.48758 287.70599 285.922176667 281.1934875 274.306773333 266.9905925 260.911753333
257.265335 259.993324286 279.837771667 314.566705714 325.350038333 323.965193333 309.653458571 278.418531667 241.353981429 208.472821667
194.887117143 195.758908571 196.140293333 183.68042 151.305452857 127.783914286 78.5740528571 73.3457216667 100.16931 163.480712857
198.37223 216.3065675 234.040545714 250.410364286 267.8046425 277.19990625 279.513808571 281.785885714 285.78023875 277.58977
235.311398889 211.6448725 175.446573333 134.56804125 129.94612 146.2409575 156.172897778 165.11813375 175.583561111 196.30869375
