353.946996 353.94699 353.94699 358.29417 368.1602 359.577266 339.362764 315.850366 305.732532 296.030262
290.269533333 292.301673333 287.776874286 271.451543333 253.91456 240.524098333 230.6211 225.819857143 226.049001667 228.949408333
222.947999 206.788336667 189.272021 171.7557 157.061583 154.231397 164.095186667 199.504497 264.057711111 307.761243
314.9676075 308.438038 294.8236 276.039982 251.289615 225.7241275 199.847524 189.195275 188.2056 188.5255625
193.3469275 223.0043125 271.9799725 287.91698 291.553715556 294.935955 295.78850875 296.21464875 287.63271 251.50067125
247.370472222 249.71970375 252.125363333 254.531025 256.93668 259.34233875 261.313556667 241.893525 187.74908 168.0356025
162.121845 169.374496 180.6895775 192.72045 207.113986 219.4335 241.288915 260.846315 271.254998 278.94252
291.360168333 313.951074 337.52054 355.529226 368.89343 367.368732 348.472416667 321.168408 294.966086667 277.140162
267.816681429 268.4118 271.509404286 274.940612857 278.079062857 270.61325 242.066482857 219.356248571 201.366478333 197.713145714
201.129745 202.13629 201.530742857 198.30749125 182.391545 153.74227 131.7052975 126.095822857 128.85108 139.0591475
159.64945125 185.106167143 203.0413525 211.57400625 201.30548875 185.431764286 175.2098775 171.02924375 168.739035714 169.059105
177.987151429 181.251472857 170.729713333 153.350705714 152.067918571 178.194818571 226.007444286 263.943463333 281.642232857 283.916118571
270.286906667 229.5196 183.588933333 164.600806667 158.351063333 161.22264 174.116921667 191.703833333 213.80797 239.797243333
253.008604286 248.906378571 242.42748 236.391894286 230.35631 224.823695 211.962461429 174.182342857 115.42839 77.4301228571
169.270952222 186.030375556 208.30909 230.615336667 249.348453333 241.810856667 198.210752222 148.204465 103.972156667 214.386496667
