373.985785 368.783346667 364.6127 355.04273 323.835505714 278.835628333 244.040873333 221.091585 201.072543333 184.456125
180.72 180.805 181.28504 182.44441 184.81347 186.30876 186.982175 188.59158 190.64021 193.016555
203.558342 223.107818333 231.31298 230.85886 226.845886 220.419784 216.949475 214.149934 214.621195 222.30639
227.850592222 222.198706 210.011227778 192.923416667 181.95875 172.290997778 155.025181111 154.454404444 161.150335 174.338801111
181.075265556 186.825954 195.240908889 190.420682 172.107035556 171.165834444 175.089043 180.577003333 187.479294 203.832633333
219.856314 235.783586667 254.508574 255.255005 255.660972 257.529964 255.887303333 253.017082 254.70951 255.657894
252.76526 253.965967143 257.505615714 260.116212857 245.44849375 202.5203 172.768968571 155.746907143 153.781052857 167.995414286
202.79156 225.004653333 232.54788125 226.424102222 219.59847625 219.822745 225.22727 229.87146875 233.631406667 245.0402375
257.612371429 269.27159875 280.930815714 292.59004875 303.530162857 307.638441429 305.2533475 299.058804286 303.1182975 300.296538571
292.630386667 293.503975 294.060365 280.1437 245.705253333 218.913516 192.534935 168.485836667 158.706266667 166.98123
199.79811 213.940181667 224.699061429 233.626665 236.065665714 235.576283333 234.459078571 235.51927 234.648878571 225.970985
206.083001429 206.08301 206.08301 206.08301 205.205732857 185.324115 167.172584286 170.140237143 187.805777143 219.368344286
243.307985 262.244128333 281.608078333 302.02388 326.861445714 326.784816667 312.090996667 292.103576667 275.131861667 269.475026667
269.594385714 284.31603875 314.07316 308.26863625 275.002245714 217.319155714 161.24215625 136.218524286 176.69054875 236.374017143
217.651011429 217.65102 217.65102 217.060945714 203.48598375 192.35696875 189.351772857 190.190587143 195.9450175 211.308857143
228.849331429 205.78447875 127.667657143 99.5441528571 207.86586 314.25143625 317.189414286 314.66329 317.09259 314.035504286
296.654825 284.337335 261.231823333 240.299596667 205.079521429 170.314501667 136.738525 115.102738333 121.822845 149.492373333
169.579153333 192.679751667 218.614154286 244.548565 265.15744 273.646546667 276.330661667 279.79169 282.899666667 284.611286667
284.87745625 273.05782 254.991618571 236.83962375 214.99285125 175.70684875 141.33769625 126.62399 110.30746125 95.24441375
