384.647006 384.8062275 386.587428 386.299655 382.207886 366.168248 341.8087775 302.45066 262.4285325 242.321066
233.751736667 222.5235 203.326223333 188.206028333 175.662621429 164.394706667 158.430273333 159.885646667 170.530871667 186.082373333
197.35947 218.21074 248.584248333 282.456751667 312.470613333 321.782374 320.184593333 295.685365 275.212608 280.186486667
292.190925 293.871642 290.75856 284.7367475 273.904152 262.0631325 252.6463375 246.4980675 244.124108 230.797305
224.330875 256.328502857 277.9186825 269.935027143 247.77723125 222.49175875 203.421174286 196.52956875 195.753862857 200.12464875
196.418645 198.0768725 208.410577778 219.0243675 227.76599625 214.3863725 173.93110125 148.730003333 139.3573675 136.19922375
136.414726667 137.526513333 141.65022 146.344141667 148.65254 157.264108333 176.916096667 211.13129 246.875648333 256.355231667
248.93832 237.180895 225.408941111 213.14877 190.075516667 155.8726375 134.740928889 130.20096 122.94354625 168.273892222
349.827004286 349.827 349.827 348.689717143 328.835362857 308.177592857 290.592364286 275.654061667 266.474922857 258.710797143
233.698831429 221.242558333 212.68334 204.12411 195.844175714 186.212445 157.466588571 137.654655 121.331422857 115.066
127.862936 164.648806667 201.479188 223.489236 240.317815 257.023266 266.816014 273.298752 282.921758333 290.875466
294.9923625 300.93266 303.1481975 298.358362 280.4930425 261.2237125 240.800064 219.8130075 203.790984 193.698685
193.88352625 205.3698 222.393991111 239.25396625 246.09678125 244.16014 244.1482625 248.874367778 235.58285375 190.9046825
317.392006 317.392 317.392 315.4262175 307.307332 292.5170525 270.365368 247.6473775 228.379954 213.6139625
198.369 196.52265125 201.136571429 200.719977143 185.937165 176.03915625 176.271512857 182.995125714 204.6979225 227.442818571
228.277988571 228.336528333 228.56283 228.809087143 227.320121429 200.943796667 157.406444286 141.835902857 130.30137 125.937022857
126.621292 127.02752 132.077628 142.059516667 145.792544 146.008526 147.119731667 151.2715 167.055905 187.84937
193.923848 203.840054 238.216771667 274.365712 282.178294 275.729338 254.7634 219.428753333 184.568402 161.780408
157.980777143 166.934081667 184.729591429 203.155121429 209.424 193.681255 161.451295714 120.981952857 115.816166667 117.93881
