344.680622857 343.235681667 338.251871429 326.55243 311.74906 300.199045 290.203325714 286.22377 285.537796667 284.744168571
294.451211667 324.001281429 355.06607 380.960775714 390.406 384.551663333 358.990852857 317.441555 273.217645714 240.637763333
224.798238333 223.049528 218.588831667 209.63947 187.790158333 168.815152 160.571941667 157.187654 153.420488333 153.826382
161.662801429 179.221782857 203.76552 232.19204 263.202791429 287.273564286 288.404012857 286.117793333 294.261888571 297.374887143
291.739798333 292.11687 292.869331667 293.6239 294.210791667 291.089641667 272.828863333 251.12534 235.478923333 226.415033333
212.048537143 224.492088571 244.026705 263.603684286 284.960391429 308.040484286 327.674455714 317.299766667 288.684754286 264.245651429
247.207654 250.64762 258.645828333 263.238494 261.881904 248.791342 230.050466 203.9777 188.498924 188.298786
192.391686 200.81797 210.6572 211.01604 203.74704 188.8724625 170.312852 154.8555625 151.903476 160.0640825
176.3159125 197.528995556 218.799 233.69984125 230.584484444 225.369565 223.80746625 225.47219625 227.635506667 234.2264925
246.896002 246.896 246.896 246.896 246.896 246.853982 244.599392 242.514636667 243.053008 243.431494
243.749321111 244.78922 232.860755556 199.516245556 190.808479 189.912664444 191.135654444 198.434542222 214.980192 238.295285556
250.007252857 276.586945 304.523211429 330.5343975 338.710528571 337.375304286 334.94264625 336.281498571 341.915065 349.111182857
341.01500625 334.7565125 334.2785075 323.4534025 294.25910625 263.206258571 229.43079625 201.9358975 188.28391625 176.21635625
171.247556667 172.49293 181.739238333 184.427775 180.582204286 178.334221667 184.871633333 214.104446667 247.070911667 265.414963333
267.905575556 256.5699575 217.757494444 184.05713875 176.473334444 170.134081111 170.65375 182.152788889 203.949045 223.502488889
226.999192857 248.623611429 281.096011429 313.61417 351.8200925 371.270787143 349.356375714 313.996267143 275.456557143 249.568181429
252.221293333 278.251075 306.40697 317.842466667 319.912765 321.174421667 322.017023333 325.133641667 327.621758333 322.485646667
303.710168333 282.996954286 262.099288333 241.20162 221.934421667 207.866641667 188.815471429 180.675305 180.707888571 193.567446667
226.523381429 247.539323333 250.854962857 245.795236667 229.308781429 210.074211429 202.643801667 202.952194286 211.545085 231.336492857
246.168707778 233.80375125 223.869113333 214.1375925 201.650082222 181.97391625 183.412844444 222.67521375 275.008847778 315.34405625
310.2004 287.466295714 263.723 239.979691429 216.216273333 196.121415 180.811775714 189.220286667 220.146282857 252.386821667
258.22597 258.709886 250.880614 225.662802 198.525598 178.581334 176.050274 180.749742 187.060088 193.111348
199.162622 205.970275 212.77795 218.829208 225.510818333 228.823916 216.392964 193.15141 159.237335 137.85096
152.020746667 168.09335875 181.087226667 194.06305125 203.547123333 208.973957778 211.34485125 210.043072222 213.1052175 229.491503333
