352.572008 352.57202 352.57202 352.57202 354.008704 359.604165 360.5302 352.663136 329.881232 304.201496
268.591525 243.385816 229.660845 210.532 188.983015 173.99078 165.34225 165.344563333 169.255184 176.595456667
200.175256667 230.55141 265.664251667 295.853261667 302.123661667 296.065746 278.056808333 250.572376667 225.381643333 216.019655
226.47598625 226.0838 217.11257875 209.17591 196.32868375 176.56782875 170.16541 176.6849475 200.18876875 217.855895
235.058271667 241.229292 233.839958333 219.407584 203.786561667 194.405913333 193.023106 192.486351667 191.541418 193.121235
208.69146 234.84256 270.913805714 304.651021429 322.18198 319.939882857 301.858485714 266.637232857 235.421358571 216.818187143
215.471414444 236.216395556 262.710965556 288.80743 299.403535556 281.60733875 243.916753333 191.236884444 167.844756667 163.351893333
172.325714286 203.473668571 256.892527143 300.40278 311.113328571 309.922267143 295.045675714 263.32853 228.089077143 209.003964286
209.2482325 213.393854286 230.541595 268.330918571 279.4285425 256.98834125 215.689798571 183.1257725 163.060237143 167.7431625
190.97787 223.82869 266.09122 297.651351667 306.050545 301.656615 284.129845 251.958592857 218.205503333 195.921071667
178.232602857 173.394491429 170.125455 166.856417143 162.741862857 140.806352857 130.222978571 127.75218 137.220035714 168.968025714
202.889451429 225.62764 246.177601429 266.651154286 284.981937143 288.361138333 263.155645714 228.079117143 197.159664286 168.275668571
151.313461667 135.239027143 130.935 131.017458333 130.739805714 126.316368333 79.8867216667 59.37143 62.2269142857 66.392925
