379.329996 376.758266 359.549434 343.065332 328.434552 307.448176 283.94334 263.908142 252.167 246.54424
243.70133 260.117395 285.436115 309.13 320.537728333 325.429884 326.047738333 325.694885 326.686781667 325.813146667
315.163184 293.80016 270.212678 235.158095 199.915206 167.659286 144.356373333 132.73483 132.245566667 145.352448
152.66642 173.711075 192.6740825 202.74129 196.60648 181.520881429 158.30128625 134.4250275 136.19378 281.50230875
228.649015 228.64902 228.64902 228.64902 221.68802375 188.227847143 161.45635625 143.090065 133.911481429 147.12925375
175.318466 197.141272 249.920833333 291.52948 302.628782 305.635158 301.095294 278.911128333 248.840738 221.395228
199.968532 196.986088 195.263626667 191.728294 188.129318 177.553096 154.900654 143.908925 148.664106 150.21474
153.156158571 172.602524286 181.52958 184.090765714 181.040437143 164.00667 149.894381429 127.5450075 96.9862871429 93.9588071429
204.30299 204.30299 204.30299 204.441503333 206.733526 208.418278 212.063288333 226.985934 245.631501667 257.50554
270.398021667 311.473032857 319.869658333 315.182648333 307.05415 301.746405 301.918508333 303.21611 304.26989 307.477821667
313.125068 323.314094 339.12705 354.95133 364.859166 366.006534 359.69181 334.457435 296.699854 259.10576
206.865888 183.027202 176.60465 164.286804 154.884058 157.560434 165.224622 180.63229 189.177432 190.140422
187.970266 188.431196 190.12595 190.90369 186.929066 165.203942 146.047842 142.61892 140.8076 134.911876
138.532507143 156.02949625 178.000022857 187.873345 180.461268571 159.954948571 142.58086625 114.948501429 111.8960025 116.923145714
195.835668 195.034174 192.598905 191.009054 183.241738 167.560468 159.751218 157.0865525 155.60012 155.773066
179.164624286 231.838723333 279.03989 289.177071667 278.704802857 257.462205714 234.858876667 205.987962857 176.806516667 163.623475714
167.886535 181.652428 196.840248333 212.028072 227.189386667 240.08321 242.861904 240.217088333 235.347202 217.837458333
218.047015 223.353658333 215.641788333 184.841 143.864872857 120.056835 132.020645 159.062343333 150.719481667 112.059655
152.9371675 184.816485 193.23661 194.88842 194.323682 190.21782 180.3983775 169.288415 157.6427825 145.3982925
139.286071111 139.121825556 142.09332125 152.454305556 84.0211566667 85.8124344444 109.880434444 99.3973075 95.8841455556 93.8548044444
