241.082998 241.08301 241.08301 240.813942 230.995425 216.840488 208.18965 203.782044 201.87525 198.020144
203.8480475 234.23030125 268.47737375 302.154335 317.66302625 319.57966375 324.75436375 329.08279875 334.26732625 332.48619
312.206702 285.076796 268.306106667 255.026364 239.153766 213.415366 186.70444 175.6532 173.569604 172.420178
153.594706667 107.24523 128.270248333 194.59021 252.925008333 264.656754 258.805896667 250.66411 244.019516 239.545466667
235.891936667 252.103571111 279.87681875 295.53698 300.59475 301.745474444 300.852984444 285.6758575 223.32092 204.023151111
200.247994 195.531648 181.314388333 161.94797 153.987312 140.660842 129.74452 127.420891667 127.2548 132.575364
144.885255 160.537756667 176.147275 186.878001667 192.474091667 194.8573 197.15978 200.760411667 206.3616 205.93292
192.92981 197.550951667 212.34691 226.318184 241.972791667 252.99039 252.265662 246.722586 248.458675 251.603202
247.768064 242.645768 242.96187 256.369642 272.98445 280.643428 285.188696 287.153945 286.119738 275.382824
259.182736 242.88316 225.225276667 209.773752 183.957218 156.979174 134.541934 124.696088333 124.10107 130.259984
156.047255 175.157248 184.326266667 194.514063333 204.16417 206.744084 194.552483333 181.536806667 183.794116 188.118988333
188.722581429 188.500662857 188.26051 188.02036 187.813545714 184.485387143 178.988871429 182.19103 199.319208571 245.793918571
279.942433636 257.337688182 225.180920909 178.487388182 143.120433636 140.657723 155.495047273 177.1383 211.435402727 200.703456364
187.149995 187.14999 188.21961 191.168466667 193.41452 195.233883333 200.781775 213.024536667 230.3470275 238.779826667
237.4765 227.260948333 216.668192 206.322168333 195.97615 186.779686 176.737073333 156.57573 132.968596667 140.081142
168.447128333 202.773371667 239.263722857 257.526136667 258.153513333 246.644218333 223.421931667 198.668014286 174.84087 168.698526667
174.989472 187.154416 195.61021 191.86241 171.353801667 144.531304 134.976438 137.475214 147.704752 162.075218
183.552741667 203.799128 224.058971667 250.26206 281.66921 285.949762 271.797445 246.277098 218.128303333 191.89419
164.17455 133.675094444 123.747804444 112.591271111 113.329734 121.544565556 130.369586667 137.571852222 162.038272222 186.091985556
