314.45801 312.2454475 265.771584286 230.143111429 214.1014025 201.95128625 190.231181429 187.043605714 190.06598125 198.190991429
207.011352 230.372533333 259.2279 288.123453333 317.501034 332.81195 333.528078333 320.768164 296.412355 279.965084
277.923411667 286.637953333 298.41601 310.204406667 322.78931 338.580633333 336.773585 309.106326667 274.49947 231.86747
195.848074 191.191706 189.75404 184.191588 182.017568 180.554764 178.512334 178.721613333 181.732156 185.781724
196.696401429 215.862241429 237.516923333 259.227974286 282.912762857 304.816464286 314.430262857 317.823626667 318.393644286 306.325072857
300.61779 298.860888 296.843994 294.821326 285.768232 240.92865 206.535432 188.388208 184.158958 192.267168
206.802436 227.158004 248.036678 268.035862 280.39762 286.814025 289.956464 290.977124 291.496856 291.63224
296.06678625 301.36325375 282.946715556 242.815465 199.87796625 160.73962625 138.78888 135.762507778 181.3800925 216.79735
215.638 215.638 215.638 215.638 215.607881429 211.012464286 203.38306 205.785191429 234.105461429 258.467667143
274.31893 302.106616 335.5705625 344.178254 349.136765 352.291365 356.934356 357.4495775 355.276562 350.730705
340.244056 315.287316 280.65439 250.66702 220.801748333 182.707296 165.603428 165.259248 173.190534 183.856286
193.649322857 207.7201575 211.437185714 188.62779625 159.58411 131.272514286 111.87717625 104.80269 131.5987375 196.610534286
261.441187143 269.00601 268.919547143 269.64102625 269.808092857 267.544712857 261.96068375 261.416047143 264.3333675 269.16492
275.933355 299.91568 325.809644 344.929636667 347.128181667 335.930115 304.735426667 270.338274 233.355106667 197.420041667
177.151372857 172.405474286 171.359082857 170.328331429 169.047765714 159.595421429 146.63884 150.806927143 177.207978571 210.62623
220.739001429 223.614001429 225.837008571 228.033544286 223.18423625 185.431528571 148.891858571 122.714884286 126.943867143 149.239795714
172.16898 189.267501111 211.572608889 231.630626667 236.284337778 235.157587778 233.600635556 234.947411111 241.309897778 254.280177778
