235.172176667 244.188 244.188 244.188 242.713583333 228.591945 217.049926 220.18916 233.260438 246.833625
246.871624 243.54067 239.93841 237.406284 235.337253333 223.200418 197.635004 190.906414 195.41434 203.47263
212.641001667 213.713275 208.99836 197.518161667 180.876296667 161.50464 141.536183333 134.70545 133.620118333 131.017375
191.82588 194.463 189.29751 174.896318333 173.584692857 172.57311 172.000721429 173.940695 177.596071429 190.067703333
205.3572 235.326411667 267.550588333 300.528051667 324.770733333 329.265456667 318.133703333 290.650508333 265.160715 241.961465
228.146123333 245.186724286 248.71163 236.142065714 223.157976667 207.490358333 198.360645714 189.149453333 181.612432857 183.521278333
196.715451667 223.006762857 250.330581667 277.654388571 303.584816667 310.528623333 291.529862857 255.764411667 215.398582857 200.41663
199.807015 218.317595556 247.241997 275.953963333 290.541785 291.758397 292.137236667 294.390945 289.781392222 260.122597
183.8583 193.978853333 199.002012857 192.045044286 182.984942857 179.351626667 179.996292857 191.439335714 213.574318333 240.287467143
251.2126475 259.206778571 277.15200875 296.574008571 313.63726625 316.2842975 313.054091429 316.6281825 323.614884286 318.8264225
304.880065 291.611635714 277.753375 263.149828571 230.9890675 186.488405 168.255531429 179.5931975 217.383072857 236.13848625
225.80679375 216.989001111 208.72823625 202.55613 166.956251111 130.43198 129.23807125 132.432385 124.428767778 85.1367
173.2793 239.622255 269.230223333 300.942205 306.819688333 306.02876 292.942695 266.19725 235.529143333 207.21589
184.242442857 166.587478571 146.12057 125.614854286 105.109142857 88.219835 76.4199228571 75.0553442857 96.7404371429 140.239535714
170.768986667 184.483341667 194.322796 199.96931 195.626581667 178.0071 155.570155 149.137502 153.323798333 164.180446667
