393.0560075 393.05603 393.05603 393.05603 392.862265 389.7199575 380.0052725 368.3082975 359.393555 344.3977975
309.133701429 257.459795 237.099701429 227.935105 210.151825714 186.06842 181.947925 182.153851429 183.621013333 186.212998571
192.051343333 213.873272857 242.993283333 269.508655 298.675544286 324.902321667 332.547906667 324.283045 298.009877143 276.14577
256.731533333 254.528307778 254.0655575 252.352791111 225.706166667 211.299647778 209.742871111 216.732005 231.284187778 243.109508889
239.963951429 241.249138571 243.429408571 245.61401 247.20387 239.383863333 202.224674286 167.322627143 157.470358571 158.841441429
209.143016 209.14302 209.14302 209.14302 209.086252 206.6695975 198.0802 200.791104 225.0089 241.697416
252.182571667 261.798682 271.283183333 279.257186 279.486695 266.032618 249.053191667 243.487168 243.45218 246.130922
259.821293333 281.65213 305.79647 323.434681667 323.309925 316.88197 316.383026667 320.82084 324.597778333 315.912108333
279.131437143 272.485695 262.65614 221.1688475 181.198877143 153.498727143 137.3219875 79.5427328571 62.4550675 61.5531814286
74.4484514286 100.49166125 118.590167143 146.345275 176.309764286 199.633781429 198.47468125 187.502884286 189.75011625 200.916464286
205.483944 201.892072 194.2362325 187.041966 182.73105 181.439906 181.718584 183.1364575 187.036936 189.667444
188.741268 193.463774 209.1891575 231.424896 256.989332 281.391194 294.827102 301.123565 305.48051 307.520916
311.234127778 307.72167625 287.289507778 250.56729125 204.901488889 153.322158889 127.84815125 138.306398889 158.9919725 175.600891111
185.337498 191.216623333 190.43472 183.29678 174.655288 166.230846 158.158585 158.403416 174.122923333 177.037032
175.265011667 172.945084 171.638801667 178.67538 187.044558333 190.717444 194.50345 205.750503333 210.628428 216.03875
231.58728 255.251592 274.7033525 278.956052 276.793505 268.92051 251.982696 234.1537375 223.659508 218.31213
217.153136667 222.487955 246.802198333 276.867273333 300.495508571 301.027716667 287.802768333 262.159891667 230.736208333 195.440551667
178.308308571 179.97034125 175.645895714 155.645424286 136.015025 83.50445 71.8834157143 74.4069171429 67.65875125 67.6417
