248.781011429 248.78101 248.78101 248.426925714 230.70352 211.303242857 200.323491429 189.834325714 185.371387143 185.410444286
321.65652 329.638 329.638 329.884774286 344.43158 347.330982857 333.793814286 309.704524286 279.815277143 249.82555
232.420215 227.016668571 221.422908333 216.493736667 211.958752857 206.380581667 205.977111667 213.765776667 235.69362 244.244698333
213.182831429 213.97423 276.990401667 304.0913 304.174742857 305.016925714 306.794001429 309.710471667 311.76455 309.90033
305.46395 311.451188333 319.774635714 328.098083333 336.421548571 346.441555 360.911548571 364.211025 353.407222857 321.675226667
309.100205 296.464394 278.60743 239.282238 193.600543333 166.977961667 165.458386 182.896546667 212.124868 226.145361667
200.817121667 188.863591429 196.077636667 204.779695714 213.064243333 215.00662 185.518924286 136.151808333 95.9022342857 80.63552
88.539595 111.5707625 140.12193875 168.68161 199.013675556 212.99364125 189.88328125 175.92686375 167.8965625 167.36323375
202.386998 202.38701 202.38701 202.38701 202.38701 202.38701 195.553403333 175.489098 167.12533 165.8147
179.719488571 205.444447143 230.194314286 237.284154286 229.604615714 218.130731429 208.704327143 205.046057143 209.903985714 223.40757
242.532433333 274.3196 310.735415714 336.55928 341.812946667 339.47201 321.686565 290.691704286 258.397853333 233.329958333
238.96280875 260.31875875 276.119105 271.63018 256.89904125 233.2570175 211.47514375 193.5876975 186.1115125 186.6188275
192.371827143 190.831386667 188.592495714 186.955823333 185.283692857 171.374905 147.48289 139.480096667 121.48862 141.983966667
168.749246667 187.297305 205.84536 224.393415 242.941468333 261.489521667 279.05865 285.353546667 274.786411667 234.500185
203.111916667 194.777993333 182.578076667 172.530213333 163.29792 149.259723333 137.848726667 129.295356667 127.624996667 132.796503333
162.326935 176.068076 185.490756667 194.349428 194.754083333 191.205211667 190.8392 192.231515 194.918958 199.414445
200.678927143 200.002373333 200.441592857 200.990261667 201.53181 200.700507143 184.941278333 160.247561429 154.535111667 158.873191429
