227.147068 230.244598333 229.921998 225.197603333 217.407734 212.0439 208.686438333 206.142738 204.008578333 199.554896
196.643593333 199.420221667 205.573182857 211.820793333 217.200696667 220.31071 223.743553333 237.1126 260.032055 275.166931667
291.126641667 311.61775 332.223693333 349.547938 351.818145 347.791656 333.253316667 307.657288 277.75044 251.918046
252.592891111 271.83961 286.306898889 281.573027778 254.40012 227.800647778 210.238945556 201.904935556 200.403459 209.704784444
222.991071429 256.970324286 297.885467143 332.356235714 338.54864 337.144458333 337.572117143 342.833068571 347.989508571 338.13315
318.773585 303.401 287.624003333 270.093998333 252.564001667 237.20565 218.626595 209.087743333 199.750486 196.390668333
200.654956 217.152873333 235.816406 254.422328333 267.682646 268.282666 263.573888333 262.785522 263.60541 258.470172
254.972255 258.37122 261.4146225 254.33095375 226.87275 202.437961429 186.54606875 180.3062825 180.087534286 181.7909175
191.924796 199.24055 199.355616 191.907978 190.662323333 194.64542 205.39724 224.96188 258.042108333 265.864054
250.851142857 236.678 223.342927143 202.909718571 176.77011 175.203681429 176.531527143 182.829781429 193.57929 210.722911429
225.02535 249.447914286 282.91007 316.464298571 350.018525 373.993985 376.79887 362.967398333 328.75933 276.344183333
258.567465 264.932904 265.481426667 250.501024 227.136941667 212.936783333 203.953138 197.394676667 188.443118 182.525998333
191.0210725 203.971373333 207.084115 206.784846667 202.83909 193.578215 183.18672 170.7453525 157.35078 144.6595125
141.102782 148.19459 158.42718 161.563866 156.930724 151.617354 145.00659 142.561013333 144.850352 155.194318
171.75672 182.790142 193.54781 203.5465 206.554 201.546536667 189.402036 170.053716667 146.158754 128.738728333
138.022228571 163.69397375 169.142448571 174.888 180.623035714 183.861164286 173.02098125 137.425477143 98.47609625 86.5012357143
