280.23499 279.702845 276.551645 271.78418 263.869055 254.2735425 244.634175 235.4567525 228.79667 221.3272225
223.31770125 243.974578571 268.32508125 279.556567143 268.62029125 262.162692857 262.40210375 263.314748571 263.71473625 264.026681429
259.33115 253.2506 238.46808875 205.195938571 180.53668125 164.155881429 159.379395 154.741454286 155.47415625 157.656808571
157.316338333 154.09851 149.872118333 150.689611429 154.074406667 157.202645 164.356524286 187.35849 211.247212857 227.687866667
255.704871667 317.891623333 342.887087143 342.666453333 333.530575 306.810663333 268.885501667 224.85176 201.50924 189.989046667
183.03585 183.516644286 182.314362857 177.025392857 168.61567375 160.558477143 151.798992857 115.564092857 94.8252814286 99.7037171429
125.510742857 163.787855714 202.435088571 241.082325714 282.95016 325.40681 350.688451429 356.008554286 355.656642857 350.698294286
335.80545 310.218196667 284.19723 259.080505 235.02981 210.980372 203.0741 204.023363333 215.919935 228.39222
237.669176 255.79151 274.951775 287.205578 287.707858 272.858808 246.570684 222.8823975 195.829682 189.865164
190.905068571 190.347058571 188.862078571 184.376442857 168.695131429 154.494517143 144.562798571 133.829288571 141.67642 161.207641429
181.78812 207.36341125 233.09195 258.60608875 269.121648889 250.94038875 222.69256 201.0417075 192.504203333 202.17575375
209.834976667 219.145074286 234.16759 248.056908333 263.335171429 278.613416667 292.502751667 304.45304 313.43733 319.789691667
318.559925 307.867848333 300.64279 325.689895 334.667221667 333.465644 330.195303333 329.107228333 330.311743333 329.949978333
323.510587778 315.527821111 306.70810375 298.231163333 286.94325 254.568764444 204.064918889 170.54142 151.057346667 152.623197778
168.377563333 197.562115714 229.620648333 257.977045 276.749417143 290.308013333 292.90569 291.269568333 290.999292857 289.609496667
295.313595 318.460457143 334.4879775 333.417768571 311.07214375 259.41165875 186.274921429 141.61736375 136.277307143 139.9043025
146.366746 148.626911667 150.743562 151.681154 147.999426667 140.59365 129.312758 109.638922 104.296946667 83.284
