214.883256 215.209035 214.080082 212.944668333 213.859942 220.915984 237.459808333 265.490644 303.691588333 327.044328
321.792775 305.404004286 290.928 278.64534 266.246204286 230.411355 191.011545 173.933645 169.078038571 168.232001667
172.385081667 196.952975 210.369701667 215.739515 218.701498333 221.003801667 226.723585 235.136275 243.96833 243.743416667
229.422285 225.248898 231.563838333 227.79272 209.29191 193.710718 179.426953333 174.589855 169.876788 166.928473333
168.883591667 180.60854 199.398171667 226.719574 253.5947 266.48996 266.542481667 250.545306 230.76635 218.868548
207.4983525 170.3252325 123.42275625 130.26284 171.015673333 167.03161125 163.9960475 173.40519375 191.76633625 224.3487975
245.623097143 278.006975 309.117955714 318.187595714 304.0621325 269.33975625 223.803041429 180.669422857 146.245165 79.8845414286
289.13901 289.13901 289.13901 289.13901 289.13901 288.141637143 274.79146 270.767618333 266.917222857 253.256554286
239.01318 233.03879 226.90642 223.89426 221.132545 215.80904 210.684705 205.40612 200.1045 195.407125
183.77193 165.132566667 150.194871429 131.896205 129.602646667 135.212456667 143.158251667 156.414035714 168.12504 175.442508333
187.950474286 210.000803333 260.911494286 313.294366667 340.503961429 340.547928333 316.097291429 280.492166667 243.525314286 211.876613333
197.072662 199.447322 228.41024 249.666624 255.675474 258.603008 260.526196 264.515186667 265.362008 249.28997
231.16816 231.156816 222.656 199.788806 180.103234 168.15146 164.094536 152.494128333 131.837504 115.18249
119.662256667 165.107016667 222.983201667 290.545325 300.305263333 293.663942 282.633275 260.882876667 235.321183333 202.245403333
174.807952 166.318958 158.382102 148.173398 140.28808 137.7797 139.979476 144.573732 148.97985 155.276672
159.78137 162.385871667 164.954625 167.523376667 170.312302857 171.735258333 162.047353333 151.17382 152.763715 160.140271667
180.644001667 192.838016 203.961935 217.2312 226.636096667 231.336843333 233.341202 234.09918 216.779644 200.82571
200.542326667 200.472306667 194.688426667 175.50645 165.655675714 159.8736 153.925946667 144.327118333 117.820088333 107.216468333
