244.057806 250.506564 255.919598 259.842042 263.77639 275.56906 295.467388 315.312346 325.183142 323.994476
315.169606 306.40516 297.327118333 278.759572 243.490336 203.057552 183.05802 175.887585 176.792436 185.018604
200.004301667 235.468688 277.75653 308.855468333 313.082995 311.827264 298.072545 273.901618333 253.379312 244.64149
244.821211667 263.968413333 290.51656 313.90379 319.685038571 318.674875 320.0165 325.869165 326.206853333 310.613688333
283.31002 252.986836667 219.28893375 190.99570375 167.407493333 157.86936875 152.77542625 153.40095375 168.731873333 189.88081125
195.764775 198.7209 201.419646667 204.098428 206.777216667 210.563193333 211.08775 187.171518333 162.637796 158.539171667
166.642468889 183.74006625 211.654898889 224.491824444 210.597193333 198.88949625 193.159631111 189.062982222 190.01516875 199.267384444
206.622325714 234.073132857 278.184143333 306.009194286 312.69674 313.90644 314.960682857 317.80155 317.682438571 314.586487143
306.91482 295.753285 281.969275714 264.769911667 228.228575714 193.063601429 189.872608333 206.344738571 231.740438333 238.13377
235.390731429 231.348063333 227.29663 223.245191667 219.404215714 210.22021 179.054688333 140.1473 113.895356667 116.762848571
170.643316667 223.820386 267.836148333 278.801904 277.580128333 266.95061 247.617858333 225.844238 204.639746667 188.409222
181.68551 178.335345 174.590556667 170.8965 167.223086667 164.24913 163.178366667 162.08154 160.72881 159.42006
159.519244444 163.1955475 159.846787778 152.762861111 146.85447 147.2833325 156.647788889 173.923202222 197.53103875 214.898352222
103.927 103.927 103.927 103.927 103.927 143.814163846 221.612674615 191.517423077 180.039955385 191.241537692
195.411788571 197.365491667 202.013005714 206.72009 209.4475 203.64901 201.053858571 215.232435 232.870911429 236.693315
239.1850625 239.61877 234.008294 221.895295 205.6605525 187.143675 174.7261075 165.109818 157.8129175 160.212425
184.637058333 212.01616 238.049297143 264.082445 287.748956667 311.41078 328.847548333 329.386267143 309.386516667 289.799765
284.687296667 287.578145 291.581345 295.589615 299.386321667 300.779148 296.109498333 270.746903333 245.652756667 225.73116
209.401878333 210.174708 211.850115 213.531738 214.803343333 209.071926667 191.078838 175.165306667 164.938872 156.5144
154.09101 154.2161075 153.515422 144.372035 136.551665 135.0464325 134.3656275 135.601988 137.2815925 141.1245075
158.089296667 181.805092 205.657953333 229.510816 249.887623333 261.19955 268.384593333 273.052204 274.571573333 273.199146
268.316072 266.896696667 269.69154 273.738922 278.31127 282.23539 283.632276 282.604394 280.619111667 275.34311
270.87086875 274.72413125 282.669567143 286.10759 284.164345 282.4218975 283.469775 285.72896 289.08137125 293.8610725
