297.361332 311.147 311.147 311.146818 302.739786667 280.242462 274.10431 279.447146 284.218145 284.886838
286.562122 292.15622 299.5995475 299.491178 282.001962 259.05262 241.600458 226.830015 215.608422 204.973974
199.120976667 208.30961 224.941565 241.773435 258.605321667 280.336902 296.161931667 297.718431667 298.986526667 295.844853333
276.120397778 260.16953 243.653786667 212.5175775 172.938613333 153.001975556 145.77235625 144.573388889 145.11909375 150.260925556
172.678433333 200.603295 228.351161667 248.105951667 250.512581429 248.726918333 244.873115 242.8515 243.92774 252.049086667
258.909724 259.463872 253.858321667 242.367078 230.945974 219.524866 208.103756 195.255016667 184.238052 173.940848
162.570788889 164.435886667 191.523707778 211.050301111 200.533757 181.848948889 171.60941 170.103466667 175.071054444 188.821554444
193.4832 208.356111667 258.79219 309.212495 327.8038 330.645218333 331.84159 333.873553333 335.557853333 325.988113333
311.323828 307.9681625 300.167328 280.568375 251.733612 221.690134 205.6261475 204.918264 211.0247075 214.20466
217.10849 226.191144 241.808693333 257.557998 273.307303333 288.998286 298.632578333 296.260474 272.000403333 234.828298
198.99331375 183.664678571 175.57173 158.762408571 148.79617125 148.26879625 151.696588571 171.92140375 204.469092857 228.45176875
205.8303275 210.248471429 225.109065 239.47885 241.7234075 206.801091429 167.93130375 159.507535714 156.05876 159.710194286
164.8621 179.653206667 217.985898 248.554078 267.696528333 286.299916 298.690552 302.767108 301.436813333 292.361132
279.435755 262.792276 245.894085 230.574862 213.058058333 187.15255 179.435392 178.73505 185.423318 202.044635
232.47975 249.595463333 249.44447 248.016812 248.84847 252.182946 256.281976 258.031496 256.186655 247.772972
233.841683333 222.738478 206.270666667 178.481443333 163.812603333 160.07067 159.1164 156.485541667 154.794258 153.376846667
392.01199 392.01199 392.01199 392.01199 378.175725 356.479454 351.49745 353.610475 355.665822 355.182475
349.10533 325.00552875 291.922634286 238.346418571 192.8109375 173.74142625 173.653575714 179.944738571 186.3794625 198.492004286
200.373343333 194.268743333 180.307997143 166.830428333 158.307371667 156.520908333 159.04392 168.091704286 199.613305 231.205856667
248.339016667 277.079215714 307.359236667 334.81612 353.187022857 349.625728333 323.317901667 280.753306667 234.489258571 203.597743333
190.104401667 192.358988 204.651876667 217.395354 221.260173333 209.707863333 185.242018 163.996911667 146.032302 137.127191667
215.197017778 215.19702 215.188222222 206.21875125 192.473817778 189.732676667 189.25139625 189.119587778 195.45160375 214.578713333
