258.488025 258.48804 258.48804 258.48804 258.349733333 248.09127 222.92617 209.375625 206.381142 207.273601667
211.23444 219.50431 239.978264 265.481258 290.760484 307.1583275 309.693292 308.369206 303.8852625 225.03811
380.0150675 396.591 396.591 396.591 396.591 396.591 396.591 396.591 396.591 395.40866
386.04958 373.319654286 346.152101667 306.346136667 264.97796 237.612088333 220.513975 226.258781667 253.764205714 276.23092
279.619738 279.191481667 278.590582 278.05481 265.67798 233.012504 194.688086 165.40098 156.7158 156.923258
165.716366667 178.089604444 190.06614 200.165856667 188.150442222 180.6471625 181.667388889 187.253544444 197.647662222 214.444808889
300.47601 299.20692875 265.261525714 225.339772857 208.5950025 204.43882 199.681302857 195.097582857 192.94417 190.615142857
189.390041667 187.14491 188.300616667 189.956546667 191.951741429 206.666583333 236.961728333 271.87647 296.945525714 305.33762
305.52681 299.808458 286.606561667 251.695004 208.946921667 169.304973333 140.431202 125.790853333 117.595566 117.798578333
136.104678571 173.1163875 210.486857143 247.8573275 285.302957143 314.897444286 314.62517375 285.46028 253.51655375 236.023412857
223.705003333 240.050855 276.28481 310.67024 316.522623333 317.470262 319.829548333 322.798578333 320.18712 305.821625
289.59655 274.64912 252.342746 225.993708333 203.811766 188.264212 175.031261667 168.306506 166.361755 165.526286
178.545594286 201.820694286 205.406541429 207.49592 202.744894286 180.157241667 154.116291429 135.412592857 121.186574286 105.797701429
120.003723333 155.124271429 157.608291667 159.457641429 161.961501667 164.54114 168.262582857 175.473615 194.783134286 212.616471667
218.684125 227.317214 243.6562375 259.0858775 272.098616 275.3164125 274.6978525 272.29774 264.319402 254.827355
265.17355 289.2786175 285.46772625 281.469025 280.367633333 279.20466125 279.12075 282.234635 292.332985 297.98314
