373.435711429 393.66602 393.66602 393.66602 393.66602 393.66602 386.40844 373.777365 352.498382857 306.935281667
263.308313333 235.569093333 222.270468333 207.689341667 192.74985 176.310782 155.893318333 144.82029 144.802835 150.726983333
187.733508333 217.248781667 241.940138 250.179211667 248.419451667 241.743991667 231.81917 225.137404 223.130895 218.550046667
196.750183333 131.891619 168.217233333 296.915813 344.532308889 323.502351111 296.219908 290.49525 284.987873 265.59489
247.661715 243.10154 235.894913333 228.5207 223.23421 217.30939 210.490185 204.614513333 197.812965 194.189125
190.17319875 191.64904 194.0919575 176.111521111 164.40618875 161.6837675 171.860357778 189.34389625 208.853862222 217.355785
214.602946667 213.702981667 218.418871667 227.460413333 226.599146667 210.690618 196.375553333 187.95891 188.369956667 199.134241667
234.989577143 275.574264286 300.344958571 306.926111429 290.662487143 261.287384286 219.790655714 169.153861429 141.541522857 136.690522857
140.534445 166.845701429 195.7054375 223.449302857 251.1931575 275.404278571 283.112785 285.425998571 289.66757 292.821802857
292.93528 300.692874286 310.689182857 311.980128571 280.62961625 236.86137 197.579041429 182.091735714 176.398665714 174.611847143
196.62146 216.999524 238.252508333 259.491262 275.528798333 282.296898 287.98635 289.852124 271.824063333 251.19817
220.00102 220.00102 220.00102 220.00102 219.892402 214.32966 194.461984 181.519838 180.874774 184.51001
190.806804 198.881632 219.192465 245.978064 258.633502 261.554504 262.527032 261.03794 236.940552 221.60505
219.5090225 239.05135625 260.78417625 268.77118 269.9601475 268.9476425 266.88962625 268.79692625 272.6153575 265.04692875
243.92471 269.450272857 299.918248333 306.39926 295.658065714 267.801588571 234.767855714 204.419751667 189.208892857 190.695788571
200.134484 210.0939675 236.489276 267.39954 290.41258 302.210614 305.2468125 302.963196 291.6366 270.937242
223.459568333 165.032918182 137.729616667 136.6835325 130.602285833 129.514150909 131.177739167 135.710174167 151.404316364 171.189949167
