400.286028 400.28604 400.28604 400.28604 400.04594 394.097566 382.504254 367.473026667 337.70982 300.9702
262.659716 237.328886 223.2275475 213.33251 205.74696 203.40655 206.136046 215.952585 223.920086 223.699512
224.87922625 263.17048 296.72100375 304.488241429 306.990035 307.80588875 308.781377143 311.0107775 314.094368571 314.06587625
280.639803333 275.677261667 259.246854286 239.222933333 222.217181667 210.112266667 204.994961667 200.981497143 201.627165 203.310221667
198.060341667 197.424822 248.325023333 300.669738333 305.099756667 305.229646 303.995871667 303.746596667 303.621032 295.892056667
291.59191 293.087758333 294.892154286 296.696543333 298.949351429 301.479702857 298.083078333 296.889122857 301.20252 305.540367143
302.002456 305.74295 317.087284 316.741118 305.94165 279.673836 241.997784 207.717898 192.939666 191.33183
188.972482857 187.248868571 190.468205714 194.285974286 197.789061429 200.917993333 203.606105714 209.477177143 225.918142857 233.608298571
206.139716667 153.990585 101.753965714 106.79629 198.309418333 211.418671667 180.288723333 157.199357143 144.583003333 142.083293333
145.544288333 151.1523 156.591363333 156.508518333 155.896268571 157.332181667 163.051505 174.9921 194.302707143 210.613001667
218.851364 244.762432 288.446344 309.06731 317.91092 322.135152 323.041438 321.59032 317.802056 307.09209
298.46019 294.303893333 286.6814175 262.79858 230.1959475 206.862746667 191.763365 174.52755 167.2968725 168.37671
180.174191429 187.731002857 193.367994286 198.993817143 202.019227143 186.559794286 165.789487143 163.72633 178.377648571 208.001021429
220.619997778 218.75693 216.27385 211.249784444 177.245763 147.096411111 138.175945556 140.833557778 157.454442222 168.446785556
198.78005 199.308678 198.56838 196.56353 195.6893525 196.8611275 201.191044 215.005235 244.548494 276.4704125
303.428484286 313.083405 309.4538 277.014555 217.081601429 180.025581667 173.755004286 181.770351667 198.677415714 211.323155
216.646016 225.430586 239.335008 251.510018 253.15583 241.09413 219.211074 201.292376 185.59485 171.451924
169.76401 169.76401 168.4842975 165.344726667 164.29542 164.2936425 165.300823333 169.148035 172.54524 174.2758175
176.037278571 177.456995714 179.472792857 181.5462 183.5080125 181.091398571 157.823861429 138.858031429 148.72411 165.636751429
183.986897143 205.34123 226.769494286 246.549432857 267.8166225 279.49219125 279.46143 279.349557143 283.6824275 277.354508571
246.51294625 229.50255875 212.76681 196.762155 169.355865 133.903995714 140.07232375 156.51570125 210.4769425 236.48493
