241.572911429 241.108935714 240.383008571 239.852735714 236.84506375 234.611001429 234.764874286 236.826784286 240.762478571 242.265018571
254.25676 286.045766667 319.61192 343.733026 350.879268333 355.349744 359.303454 366.18571 369.701806667 366.442718
355.9062275 346.999274 342.9963675 340.0797 335.13047 326.6610525 307.541388 287.9852275 266.138422 222.611695
202.632653333 201.57231 201.0201075 199.88013 194.633553333 186.461066667 181.040086667 177.8933 176.361616667 176.429303333
195.16666875 208.87200125 212.766155 216.4111325 214.82698875 192.62830375 185.96572375 191.90321125 216.11022 244.04486625
253.384292222 276.00369125 273.434358889 242.5575975 203.389201111 175.080175 163.383244444 143.16837625 89.5388322222 57.7971675
212.219378333 205.614718 195.611166667 195.255696 196.319518333 200.590058 207.756408333 219.042808 227.68483 231.15958
235.957496667 248.586754 266.670045 275.545666667 274.53336 272.467604 272.155451667 271.640853333 271.262228 266.730793333
253.064251429 243.66573 234.300861429 216.732843333 179.488715714 144.742968571 132.048021667 132.875352857 131.139326667 128.9275
131.465445 142.511445 154.6044 160.1534175 162.1700875 164.10862 166.4098925 168.667093333 170.96824 177.549915
183.737836667 188.676143333 193.887288 199.098433333 204.888598333 210.582256667 213.054121667 206.652798 205.715448333 219.093231667
242.619144 271.987658 305.982658 313.502758 311.757258333 301.79276 283.171112 255.752952 231.509286 221.152902
222.978154286 255.770935714 289.7944575 288.32676 264.514844286 231.359562857 180.212705714 135.70273875 108.903841429 100.286855714
207.90824875 223.811404286 250.53394875 284.18032625 317.70358625 337.181167143 331.8556175 295.61767875 251.183941429 214.86192
200.621434 199.7608 199.989 198.962252 188.527238 164.241318 136.44626 117.98498 122.984868 163.977402
197.162052 216.401234 233.05585 235.792044 226.20331 202.08729 176.273268 147.024488 139.944286 151.365976
176.43799 194.368915556 210.919953333 228.306896667 238.433347778 240.385446667 240.645332222 243.810794444 249.960862222 257.291302222
