268.905006 268.905 265.857606 249.300666 223.352532 206.9743575 198.81219 197.184094 197.74265 198.555582
200.715945714 207.56013 217.99255 228.34266 228.658665714 218.719778333 217.746634286 219.330708571 219.047411667 218.314835714
219.629498333 239.417871667 266.737574 294.130798333 317.378398333 319.108313333 304.665205 280.300722 254.325548333 236.102708333
233.11173 267.034424286 303.830645714 310.693411429 313.4830475 316.733097143 317.897978571 319.824988571 323.260454286 322.193455714
312.602981667 301.049746 284.686191667 268.20093 251.715666667 235.829512 199.650153333 170.08325 168.688133333 179.089234
190.5736775 194.4760775 198.52925 203.5615875 208.6756525 212.32345 212.93595 210.92448 203.1085075 196.6294975
192.848104 196.509856667 206.927046 211.908972 209.584711667 202.082456 196.341334 191.176058 189.135796667 194.041066
217.173993333 254.31117 275.236775 274.114106667 264.611895 240.10211 212.7479 195.091386667 189.174428333 187.970268333
184.928826 182.387176667 183.318828 185.124778333 186.964936 188.06629 187.950435 185.2249 180.946003333 178.789384
178.491712 178.263995 176.103488 172.1177125 169.4078 166.8185025 165.228094 165.6495025 168.380748 175.43331
192.472358333 216.60731 244.154645714 271.681926667 296.706736667 318.897826667 324.693866667 314.570815714 287.642138333 262.922423333
252.472341667 250.339164 251.033178333 259.583742 278.818303333 290.840828 276.904948333 244.531164 213.648588333 195.90717
193.433945 199.249514 204.10053 209.621292 214.609508333 215.919762 212.146268333 208.2439 209.320788333 212.338168
211.43332625 213.109795 221.0847425 217.16952125 185.878751111 158.211465 144.30199625 123.18942375 101.0857875 143.36822375
189.287921667 191.204506667 193.573998571 196.056336667 198.275391667 197.938498333 181.285836667 146.703414286 118.049283333 109.066118333
161.493002 161.493 161.480364 160.28295 155.984093333 151.381326 150.862892 159.635986 182.690536 193.151468
188.3291825 180.46334 173.13667 165.8053425 147.6369975 118.53055125 109.0179325 73.06644 70.4255575 80.44740875
