129.85347 146.447685 174.37262 189.23333 190.38002 190.28164 189.825845 189.063063333 187.625045 186.60184
187.194784444 204.768784444 230.150215556 223.242601111 192.845873333 173.38727125 166.11152 164.716485556 171.009265556 190.850136667
201.4702 202.78338 215.55461 234.090103333 249.489441429 250.09759 242.117446667 239.235215714 239.102466667 242.937182857
246.885707143 235.539374286 216.98578 208.549534286 185.264694286 176.033198571 185.217812857 216.615266667 251.104515714 269.02581
258.600845714 212.612048571 167.548445 152.115988571 154.814822857 158.055858571 163.319375714 179.432421667 194.045115714 209.614434286
229.991438333 251.396111429 272.800785 292.259591667 315.387968571 337.057571667 340.81399 344.333271667 346.321498571 339.551316667
331.258865 329.43571 327.825775 326.683704 317.68691 285.213044 254.964655 233.189572 213.13514 200.58485
198.061437143 201.211921429 206.982831429 211.8888 204.289475 176.046694286 149.680505714 138.341814286 133.415407143 146.446622857
169.963757143 186.121766667 200.496872857 214.871985 229.247101429 242.47095 240.728726667 218.191388571 194.676248333 183.28084
179.06379 175.93862 173.982206667 171.828583333 167.74767 163.298976667 160.31928 159.352286667 159.282646667 159.97434
165.743275714 169.75358 172.900282857 171.512241429 159.76445 153.731695714 156.699112857 168.387434286 188.605968571 211.229595714
230.046722857 261.106405 275.818137143 260.885654286 221.994478571 188.120085 169.022174286 138.013608571 122.852645 133.462775714
187.0773475 200.011078889 211.61996875 222.70118 230.169314444 206.93376625 178.50402875 176.78133375 190.855467778 233.0089025
267.367624 291.668172 317.16146 324.082672 317.113938333 294.69688 266.921532 236.495402 210.7972 194.80154
179.673254 174.424533333 168.835686 159.02785 150.743133333 143.833752 135.76954 96.36015 70.9441666667 79.630994
100.671568571 131.30914625 184.413394286 238.249255 288.162764286 303.966241429 306.7357175 307.983722857 314.189575 313.342868571
302.315216667 300.80453 299.554131667 298.657783333 288.47978 256.511492 219.393046667 176.116833333 147.728886667 144.883465
154.17535 168.430828333 182.726036667 197.021245 208.422408571 209.443715 206.121431667 204.59387 207.497665 210.549946667
208.71521875 205.79350375 203.057005714 190.25589875 153.02851875 122.86582375 108.01829625 114.875727143 174.573015 211.62325
