281.30099 281.072658571 271.331411429 260.061794286 241.584045 223.658314286 212.745618571 206.855362857 204.731964286 208.027087143
214.155343333 230.19557 247.925896667 262.31458 249.946908333 217.517655 195.618611429 182.521306667 172.930355714 165.394455
167.867822857 185.816745 212.25393 240.497858571 271.09544125 298.26143625 313.835777143 324.849242857 334.1303175 325.614645714
304.41232625 290.2320825 278.497307143 254.585595 200.79683 174.207285 156.41791875 148.31649 147.355765 160.62636875
177.500781667 200.616333333 236.427806667 272.721216667 308.760838333 330.789958333 330.705076667 315.477285 289.207841667 257.500598333
225.544712857 198.211926667 191.36964 190.6425 189.881685714 184.519676667 166.989167143 160.882641429 165.949306667 182.391144286
202.85116 224.977317 249.453929091 261.162178 232.203246364 198.490897 168.722018182 153.540162 155.40638 159.210034
196.480873333 201.024621667 203.826187143 206.646728333 208.377396667 214.004691667 229.440295 255.898707143 276.392003333 287.722366667
312.36368 332.741456 339.037715 338.939314 339.576593333 341.958742 344.98537 343.407046 336.294125 319.808118
301.46442 287.295125 271.810158571 256.955661667 246.734281667 214.316628333 179.103033333 169.310171429 175.293451667 184.270476667
191.280327143 224.783701429 253.62405 245.669318571 221.93319 199.654341429 185.317968571 176.01554 170.80819 166.800038571
131.869003 127.086255556 188.485878 198.398598889 184.838877 178.791945556 195.825267 233.990045556 271.912585 283.959258889
276.413423333 276.138776667 260.93502 222.47636 206.114446667 209.486498333 229.99105 248.8748 258.425448333 258.990958333
255.90339 248.66901 231.44153 202.20848 169.892084 144.2205575 133.767115 132.575495 138.896782 151.875935
164.622451429 187.266251667 213.157502857 241.402495714 262.511978571 263.199558333 261.668861429 266.907535714 271.079818333 259.00644
256.82774125 257.36117 249.4436925 218.442063333 196.6387975 171.35556625 150.451947778 150.07444125 182.499114444 155.78061125
140.769225714 169.655142857 183.31248 175.648512857 165.542484286 164.115631429 169.518977143 192.311821429 224.121474286 248.530188571
263.32161 283.7685175 306.276794 331.3630975 337.629004 332.587018 322.918115 306.696096 284.878695 260.329346
221.959293333 187.80553125 169.605326667 165.1627325 155.03447 142.14759375 114.250493333 105.4983275 106.605674444 112.29369125
