371.302 371.302 363.460754286 350.90976 335.888805714 316.889973333 300.121218571 285.869114286 274.885447143 264.738638571
248.286414286 235.59898 221.266735714 201.683311429 179.257645 171.476665 172.692201429 182.533038571 210.76158625 242.983441429
272.800445 313.940554444 325.275455 322.50863125 296.629346667 257.33935375 225.90226125 214.7071875 216.820661111 204.81829
210.006298571 245.651011429 279.877513333 307.061375714 313.754374286 314.062944286 314.52638 316.019156667 319.104578571 315.386975714
302.150426667 314.672993 330.239034444 323.785605 313.451256667 311.79198 312.054004 313.271626667 315.480276 304.170101111
279.351923333 267.128504286 254.929251667 240.767425 199.446275714 166.025603333 143.1071 128.03021 126.528154286 144.380196667
182.143427143 180.904775714 181.467587143 187.105088571 192.045174286 191.387933333 184.15934 188.736237143 217.188597143 253.168295714
251.861434444 236.276844444 221.17497 206.073086667 183.207824444 154.923194444 154.785613333 156.63178125 169.039971111 200.75223
194.364433333 192.048198571 197.601035 201.308807143 189.873848333 154.921083333 127.415285714 118.896948333 116.919528571 116.42798
118.918975 125.518595 131.159532 161.745895 263.009963333 283.033986667 290.325246667 298.086634 305.092603333 305.57992
295.69398 298.623176 305.583655556 307.749456667 283.605688 241.684086667 196.275568889 172.400842222 164.985974 165.049864444
174.665615 190.1339 184.952098571 168.647958333 155.910808333 156.205686667 174.698805 218.74916 258.257898333 265.285765
262.09494 262.159065 262.472992 262.6623025 255.328216 221.089455 174.737418 149.8347075 145.188986 146.0261
159.2198 186.998265714 172.36092625 161.060142857 172.1767925 181.273892857 177.038825 149.06617 122.51385375 107.957215714
