319.622015 319.62201 319.62201 320.932003333 328.198726667 328.72469 326.088331667 325.270104 323.16901 301.479653333
297.614152857 314.653808571 320.32551 318.63794 314.41408 313.542288571 313.88998 315.111923333 316.835747143 312.728467143
308.905626667 309.742448 310.84908 312.07869 313.498233333 323.076196 330.503626667 330.052636667 329.053554 328.376536667
327.779928333 326.97827 324.407948333 323.373464 327.647841667 333.3018 336.558163333 339.557998 343.04813 342.928636
330.762243333 313.476392857 308.7452 304.911205 294.709278571 258.95064 235.617955 229.534106667 229.403865714 236.39007
244.3432925 247.0971825 249.28586875 237.5003 205.307997778 171.55214875 157.1835775 150.16995125 146.4517275 140.1273225
366.42899 366.42899 365.055038 353.8945 337.998556667 326.195256 311.952294 293.184466 272.218224 250.158066
230.463648571 220.420493333 210.65873 200.896965 191.135197143 177.993824286 160.722633333 148.895605714 143.362613333 162.792837143
168.786535 168.715323333 168.1153025 167.99521 169.399295 171.963533333 175.705145 181.06659 185.85795 188.0875225
191.600525 207.444285 239.100063333 271.696108333 307.55175 336.16382 338.729193333 322.243718333 284.139048333 256.730973333
251.86982375 245.19801 238.01172 226.11760875 188.78392875 160.071411429 112.62063 64.38394375 59.84154125 60.90879125
90.234305 157.777152222 199.0112125 217.695555 223.999026667 195.85162 190.438285 198.83657625 228.097488889 257.03944
285.742518333 315.25608 323.057358333 328.214401667 329.564 333.237622 341.400345 342.522998333 333.126892 306.900033333
279.4136 261.739178 235.692921667 208.902864 193.96193 185.43039 182.080333333 180.967128 181.387155 180.702606
357.628005 357.62802 357.450946667 349.471734 336.333455 315.702931667 285.576966 257.59374 228.418552 203.344045
190.695823333 192.102305 202.47634 223.503628333 230.492181429 224.167206667 212.897863333 198.458655 183.212265 164.063845
151.778565 142.71115 139.59619 137.8788925 136.24845 138.437935 141.30536 145.457973333 147.7681475 150.64345
164.468398 185.585724 209.499206667 230.773172 236.215722 229.944122 211.679324 187.863618333 159.915084 139.814718
138.496727273 145.481961 152.936852727 158.896667 146.485403636 140.30648 133.814472 135.543746364 168.428303 213.303646364
