313.595 313.595 313.595 311.971728333 299.94115 291.664953333 281.51744 275.178546667 275.110431667 272.786921667
276.033708 285.4334725 286.299878 283.75457 280.481828 276.44389 274.0225675 273.555538 273.41213 272.32986
271.800265556 288.646304444 293.554545556 271.941721111 266.330226667 264.62716 264.344892222 265.329607778 272.142835556 273.296004444
255.284342857 253.245425714 239.437825 200.587395714 167.280575714 141.270264286 123.065505714 118.51413 117.807765714 115.368534286
124.79582 149.563458333 169.201938 172.205228333 169.128908333 168.256935 170.08563 173.190906 177.012686667 189.877775
202.4490725 218.469284286 245.9780575 273.724605714 301.4711575 325.812645714 334.94849625 342.086477143 349.14942875 339.296941429
325.156816667 309.482044 292.054855 274.627668 257.177471667 232.910675 199.872152 172.209615 160.800534 160.82313
161.040365 161.261276667 161.433701667 160.470335 157.983001667 154.722416 151.6037 152.401275 161.723708333 187.713168333
227.682436 264.254425 292.57987 314.133215 322.878512 321.695912 307.906743333 282.039032 249.550558333 214.050926
193.969943333 186.937446667 179.83835 170.684046667 166.710526667 164.122156667 163.303633333 163.0052725 164.797693333 170.69454
190.984533333 224.195753333 257.825946667 282.262906667 287.671391429 290.689071667 297.18728 305.742688333 310.38224 304.380416667
278.534692857 249.145138571 219.863225714 191.982051429 165.115917143 145.962985714 148.175464286 180.416844286 246.749808571 274.404972857
366.446016 366.44601 373.556511667 380.614202 377.03283 366.417348 350.445264 325.859298333 292.839386 255.45059
233.45232 233.444238 236.373013333 239.523506 242.323938 245.054344 246.443904 238.381163333 213.967706 194.683838
186.294646 183.945484 175.902042 167.214794 149.896806667 126.358414 121.249318 121.273418 121.400082 124.17224
131.902806 136.011198333 134.428102 130.983356667 131.606436 137.088258 150.346843333 159.015088 166.459156667 182.421648
195.95337 215.303568 239.599673333 263.89579 286.972661667 297.244144 291.357363333 274.52331 260.713363333 244.351654
225.6085025 212.812302 211.7609375 222.0357975 246.094004 258.000155 266.5839925 274.17444 279.505106 284.560775
285.374863636 263.715612 224.196289091 165.311581 129.204501818 127.233755 132.348859091 149.878287 189.170253636 227.036263
