285.40701 285.40701 285.40701 284.0603775 267.797095 246.5495 232.424615 223.427444 218.13291 217.7531
226.709531429 247.616265714 288.860888571 328.205902857 338.55606 329.952102857 302.297145714 268.993674286 246.590751429 234.611851429
213.116161111 210.653001 209.811605556 203.332901111 186.862951 181.929358889 183.308181111 193.824105556 208.373715 216.261938889
216.63724 218.98162 221.985106667 224.988595 228.249525714 228.985916667 217.496713333 211.766778333 212.149945 221.172478333
250.736515 284.49547 306.337035 330.486461667 340.562414286 332.66216 303.880965 265.929121667 227.758042857 195.71823
181.165022 172.395082 164.235232 153.384396 145.327946 142.619962 140.117122 140.06154 148.334282 166.225452
204.537819091 222.282435 221.191068182 200.072833636 159.496470909 140.888813 136.776126364 144.290792727 165.56065 195.029931818
205.252794286 206.801156667 209.03671 210.371702857 201.715692857 177.872726667 158.435098571 147.872947143 146.922338333 151.648654286
162.679585714 175.74945125 191.02328 187.16773875 176.805132857 171.15471 167.35649375 165.3901 161.9289725 173.797652857
188.64661 192.030285 195.655656667 199.064505 196.57155 179.33695875 177.62374 203.825946667 254.34101875 288.37099
300.681884444 296.18571875 264.52899 223.29810875 185.785304444 156.1834175 138.285254444 137.3993425 138.664036667 139.95010125
148.879272 151.057318 144.828186 141.939626 142.713514 147.108072 158.473628 180.645856 215.491356 230.66082
223.6996325 216.364665 209.564777778 173.99928 142.95130625 130.9042925 130.100335 138.549833333 154.96349375 177.2355125
199.958933333 215.525463333 233.236006 251.123503333 270.99851 289.824555 296.679606667 293.724358 290.915363333 285.178633333
277.518546667 278.628625 280.516298333 282.40921 285.257926667 289.966893333 289.246926667 286.817448333 285.851646667 281.859273333
272.384935 262.300783333 250.216095 224.311235 198.185475 177.3472 161.61768 147.3989425 142.306333333 142.41052
150.40428 168.18551 192.227848571 218.827234286 245.426615714 268.565093333 276.206767143 277.179451429 278.758003333 275.751622857
260.051391667 239.66217 219.25051 198.838851667 179.107566667 158.454918333 127.32482 119.538626667 130.674045 143.840445
151.361096 156.830454 159.917936 160.213752 155.198604 153.0763375 160.781914 165.348936 164.718022 161.308524
