247.094001429 247.09401 246.103305714 226.479187143 206.424262857 204.10527 207.138278571 215.356462857 228.137838571 232.154635714
225.151187143 233.814358571 242.559744286 236.022734286 205.649345714 174.681275 153.257004286 148.506018571 155.81624 177.787002857
195.158514 216.894156 226.564644 223.643706 215.783986 204.9345 192.818076 183.818302 182.068808 185.097462
191.205357143 193.15143 194.90955875 196.863042857 197.393707143 182.489881429 171.583684286 182.469605 217.891477143 244.039907143
257.379186 267.302306 291.933575 318.42938 341.94431 359.984332 362.554674 344.460196667 314.0418 287.96758
275.985576667 272.185865 263.333026667 239.302973333 222.93401 214.79079 206.519343333 197.06348 191.02342 185.54178
181.139183333 180.631996 177.682608333 162.785994 147.702101667 137.306185 135.58062 144.13189 159.981936 183.447446667
195.13291 201.194324286 206.80105 207.893952857 190.59746375 167.971157143 153.521192857 149.780557143 155.447842857 167.426694286
177.611035 197.709158 207.746483333 216.331358 221.382203333 210.632292 188.896241667 171.221526 161.517168333 162.61166
179.600522857 198.354137143 248.439 267.720184286 261.652355714 229.487685714 174.279341429 140.60563 115.167615714 111.00815
114.7329475 112.1169025 108.838036 105.519455 105.811485 98.8861675 87.949875 86.35 86.35 86.35
