334.756555714 329.715978333 317.572734286 306.521985714 295.791055714 287.308605 280.111762857 274.007377143 270.387261667 263.975944286
251.171335714 247.957093333 241.492202857 224.525512857 209.630748571 206.684306667 213.076914286 231.824691429 257.059738333 273.732522857
286.73659 306.23175 326.199224 334.847726 339.060438 341.63601 343.113776 345.26969 343.996168 337.198138
335.069661667 334.984228333 334.885972857 334.826365 334.171845 318.249961667 290.037761667 259.570088571 239.637066667 217.794063333
199.570051429 198.829884286 198.797573333 198.76525 198.730345714 198.468171429 177.606234286 142.39086 124.644132857 116.974718571
145.108833333 182.610823333 206.14460875 213.230652222 200.318071111 181.550032222 167.059735556 161.71979375 151.026286667 131.102368889
194.785 199.135431429 203.746684286 198.007028571 189.735325714 183.0313 179.672398571 176.977467143 176.399724286 178.099068571
195.43458 225.977178333 258.280352857 293.182861429 315.26788 322.265061667 324.25042 328.781442857 333.769001667 323.190277143
321.664022857 332.509241429 340.131611667 337.523942857 333.664065714 333.282741429 331.825015714 337.380628333 339.08994 322.636177143
297.212494 272.479675 247.724676 227.188973333 209.06821 176.9897 149.678281667 142.770756 143.238818333 159.81313
183.231135 201.63915 219.905696667 238.17225 258.265461429 282.211431667 301.71415 309.900156667 317.822896667 310.381691667
283.235742 272.796394 267.63773 249.37218 221.169534 203.313444 202.295858 217.29917 228.63133 228.73745
228.700084286 230.04596 231.495587143 225.154337143 188.565505 147.77134 112.970738571 99.06439 84.54566 82.4293014286
203.793 203.793 203.793 203.793 203.793 203.23457 198.856888571 192.996274286 193.130798571 221.388202857
258.043265 277.938045714 293.459743333 310.745567143 316.105355 308.780113333 282.990918571 250.35084 230.046205714 220.410535
215.302305714 231.833285714 253.966265714 276.099227143 298.232208571 319.40526 337.486377143 328.327295714 301.954938571 279.820132857
274.804361429 288.401847143 308.0461625 322.313325714 326.607701429 329.47217 336.5093 337.2038 312.471767143 263.288404286
241.233836 215.316414 181.391446 161.865366 163.435072 175.0977325 204.031004 237.15591 256.58982 261.820864
256.006765 243.438841667 230.519491667 217.600141667 204.680781667 191.761423333 177.664093333 160.791286667 152.236381667 141.504638333
131.09053 125.1159 118.83009 116.23693 116.615726667 122.632463333 136.582453333 154.07137 167.388303333 172.66422
181.7027 194.242903333 205.402944 216.66817 230.446883333 238.333785 242.14072 247.303538 253.021953333 255.133613333
252.5344875 249.929857143 248.04564 246.01649375 244.09604625 236.628562857 201.09828625 165.55974375 150.424068571 160.67109
