229.842952 242.53685 234.493942 231.889402 226.794984 221.281145 216.654564 215.076318 215.691374 218.581926
236.515737143 278.082896667 322.306567143 357.021915 362.303462857 358.293341667 341.25735 314.565921667 280.223057143 254.134033333
237.413467143 224.324602857 222.21396 220.211742857 218.41808875 216.917847143 208.070502857 203.022445714 235.921995714 263.632237143
264.410523333 264.402133333 264.196646667 249.674631667 215.53325 182.618184 162.357251667 153.290888333 153.173828333 154.123815
155.885408333 175.483322 203.420536667 237.372834 256.835221667 259.990322 255.787008333 243.272344 227.971171667 218.298542
209.905116667 213.057354 251.612898333 284.285811667 286.202743333 285.357008 284.8812 285.130285 286.150928 286.325238333
285.027553333 286.1606 295.670428 293.270832222 289.06078 285.427881111 284.18885 287.184941 291.590206667 288.15484
279.15699 283.78000625 288.95351375 289.73725125 289.27124 289.83779625 289.09061125 286.90743 287.64825625 291.07188375
297.227412857 309.655008333 342.249242857 364.883427143 360.676922857 338.48935 300.645254286 239.03443 204.623223333 197.806687143
192.717327143 205.638338333 206.958408571 188.667793333 168.694997143 150.931086667 143.325845714 144.18467 152.582491429 176.002615
198.971571667 219.906446667 257.60816 297.300998333 303.683053333 299.847298 281.856075 251.00264 224.801143333 209.526961667
202.324978333 203.24481 214.279205 228.415795 240.372333333 239.145065 215.274123333 195.781913333 179.144361667 174.380853333
176.951057143 183.246518571 192.551436667 202.146805714 212.593718571 219.049985714 217.71333 222.561885 220.273314286 207.997312857
205.016434286 203.597858571 202.072895 199.724352857 174.040272857 156.075145714 143.962055714 146.35650875 180.068444286 179.377728571
195.669572857 229.440312857 264.432594286 293.926612857 299.429594286 299.620831667 300.020475714 297.77385 297.171017143 295.446712857
292.59212 299.619171667 301.490871429 300.962443333 298.591241429 294.627893333 291.070041429 288.653313333 286.095545714 273.10734
245.657041429 242.630098333 242.352414286 245.18509 243.739358571 239.751215 233.40844 231.989925714 237.358693333 237.564622857
218.51550125 184.5904875 150.38815375 116.1858175 86.127795 74.28921375 71.6416825 72.47149375 73.1916 80.74447
