84.3167 84.3464871429 84.8809657143 165.189042857 246.359302857 268.591855 312.3224 354.977491429 362.076564286 349.068982857
333.289496 313.7781925 294.50099 266.63523 256.710602 258.9609375 272.276354 289.388505 300.952424 303.2034525
295.778181111 276.094425556 255.66497 226.761142222 189.845186 179.098243333 177.867715556 198.513237778 238.828105556 243.531956667
233.606073333 242.586646667 248.362973333 229.277793333 183.5742 158.875923333 146.850988333 138.764596667 138.052096667 139.400266667
143.266551429 145.006378333 146.17718 139.749465 135.100161429 135.584694286 141.171276667 156.032074286 175.022921667 205.088341429
232.075133636 263.479068182 300.390353333 305.432304545 259.401003636 202.887831818 231.524521818 238.953328333 234.123805455 217.228807273
185.44192 182.42517 178.804954 176.300355 175.36677 175.1180225 175.271485 179.4246 192.6619 209.8159825
242.964155714 270.623911667 277.754507143 265.945291667 223.019021429 171.254818571 158.462341667 162.82735 172.587225 188.137245714
195.554371667 210.177081667 232.808862857 255.359231667 268.989616667 270.172365 265.951746667 266.527884286 269.63127 262.303826667
257.560114 268.977546 274.5991425 274.421876 271.468774 267.088768 265.9853 266.9544725 268.888176 265.38758
249.25377375 255.88451 270.548113333 275.4878875 267.2840825 267.4090775 269.1368325 271.649036667 274.1931925 241.129635
403.173 403.173 403.173 403.173 386.995805714 366.150517143 367.840528333 369.095355714 368.14857 343.714815714
310.05283 287.963872 265.3277 244.095381667 208.057018333 161.81764 131.81568 119.03864 122.334774 152.991161667
194.112804 213.1126 221.931822 229.550594 232.831491667 232.613014 232.173056 232.293514 233.531945 235.760286
235.907431111 240.78524875 259.189767778 266.67497 246.05423 236.56871125 238.888476667 240.109081111 240.71118375 242.04953
313.552 313.552 313.552 317.24848 334.91319875 337.01364875 342.398125 344.574431429 341.60177625 313.58795125
280.752831667 262.890785 245.76807 216.744468333 172.178332857 152.26912 153.990438333 164.807558333 180.419713333 209.801573333
226.012701429 226.540445714 226.67850125 226.855862857 227.01958 227.171281429 228.421708571 251.42561375 287.37617 288.273288571
272.459396667 263.641911429 254.498888333 246.011025 210.874265714 170.490318333 139.381046667 121.663721667 121.149577143 124.851845
132.140383333 142.613268333 154.207414286 165.801553333 176.341676667 186.706143333 192.147215 192.422364286 193.634211667 209.216353333
225.282782 226.128714 220.930784 206.827636 178.938148 152.76702 137.394286 124.598682 118.899038 119.903268
134.875562857 165.5942 205.882985714 224.944888571 219.1335875 187.9043325 132.713247143 111.724557143 109.25831 107.182564286
