296.94901 296.94901 296.94901 296.94901 291.712681429 255.830075 230.800348571 216.560681667 210.067417143 211.025528333
219.240024286 249.743002857 285.031005 320.285837143 349.993921429 360.81535 363.819531429 367.504965 372.496982857 365.188237143
345.694386667 323.396398333 300.34731 277.298246667 251.937595714 229.418625 204.576698333 174.611628333 153.270491667 150.590485
181.23878375 215.341348571 231.12956375 228.004601429 210.55826875 189.335575714 166.6269625 133.960432857 115.1680075 116.48724
259.802078333 273.588944286 276.819006667 271.422028571 261.519958333 251.733093333 241.152142857 233.283653333 229.291597143 218.52276
195.708705714 188.694332857 211.799935714 217.702261429 196.4599875 164.329661429 150.682798571 148.434757143 156.864817143 185.430618571
201.535702 231.878325 270.245798 278.835062 276.053306 267.3032375 253.548086 234.233526 216.40078 201.57504
193.190288 189.79463 185.378096 179.635282 174.422264 172.316855 173.330082 179.784434 193.4745825 210.82979
239.331705 256.70098875 248.117185714 232.19823125 202.20897375 176.8377925 170.5187175 179.599914286 198.7093075 217.08599
216.983 218.658131429 221.443654286 224.234705714 226.920551429 226.117161429 183.601597143 140.83676 118.294292857 129.310918571
164.199944 192.509995 232.729488 262.21269 266.096608 264.52754 256.561868 246.3687875 234.548556 204.5490925
182.575876667 179.252303333 177.72134 174.495913333 166.0781175 161.883403333 161.573243333 161.919153333 164.167816667 168.185536667
181.575901667 210.365698333 254.138238333 283.881266667 286.758258333 266.112761667 234.294756667 200.099433333 166.361303333 158.38551
153.618094286 135.903044286 113.14440625 90.3857757143 73.9907457143 82.27302 118.031272857 118.75006 101.35598 92.9979342857
