230.41299 230.41299 230.410861111 215.353701111 195.596203 205.888263333 256.328327778 310.620482222 340.156329 344.339317778
328.575713333 320.434695 310.98882 296.749986667 282.058096667 271.594055 261.43953 247.62625 232.3381 212.45347
199.452046667 198.37443 198.07111 197.72091 194.6799175 190.387203333 189.397833333 189.172396667 188.998655 190.73422
193.41256 203.740403333 237.547742 270.38917 287.001951667 291.303558 294.372172 297.973336 302.535741667 301.805444
289.369024 267.554648 241.050314545 212.673947 182.762179 161.683693 153.687914 159.955925455 170.135567 183.864892
215.7300075 215.73001 215.73001 215.73001 212.191265 201.86714625 195.376803333 195.07205 195.975786667 210.10001
239.09123 264.258753333 290.092854 315.349746667 330.630986 335.17722 343.93865 348.15421 349.844793333 340.440034
322.743524 301.883046667 278.844964 253.206531667 222.968052 200.947372 185.208635 175.116202 166.001921667 159.389886
156.626174 157.668321667 159.69943 159.881982 158.232526667 157.384238 160.673796 168.683184 184.601073333 212.927592
239.7841275 254.2516075 265.577698 275.910155 284.35054 290.9675525 293.6904925 290.659174 277.8292375 261.7836075
245.35599 240.74236 247.612091667 257.251186 266.92012 276.589062 283.997348333 284.831922 269.522 229.822818
215.948765 212.665536 209.382305 206.099076 202.815845 197.200154 173.337293333 150.953332 131.441725 123.793762
123.441583333 124.364346667 127.141813333 133.49331 145.93103 152.40158 155.065803333 158.805056667 161.860256667 164.869746667
180.67042 204.748658333 226.714716667 248.619755 263.04243 257.931531667 233.020738333 208.868005 195.786553333 192.11999
208.7727675 245.60756875 264.39203625 266.6911675 264.03856375 261.70544375 262.56450375 266.81188625 255.7347575 235.4949075
296.702064 307.664568 320.13397 325.07389 318.03278 300.881315 274.906912 240.144008 207.996792 187.663714
178.515335 183.102753333 191.814054 199.511776667 201.40245 198.61177 192.32182 189.127572 190.588998333 192.778826667
192.308868 192.43667 196.285872 201.76256 206.791543333 208.03884 206.7849 204.375682 201.754213333 198.505968
193.15365 193.152308 199.394496667 200.84232 186.250926667 160.360932 133.108241667 134.928536667 166.445116 208.372365
