232.003683333 230.264862 224.698251667 217.625756 196.640786667 182.158316 173.878973333 171.290144 176.548916667 188.365058
200.918982857 239.093877143 286.188612857 333.283378571 372.490034286 381.527666667 359.612462857 326.925067143 294.219542857 261.180882857
234.726444286 235.198008333 231.615635714 215.125342857 196.03453 178.136883333 163.220631429 151.961204286 147.467721667 145.413632857
154.276528333 162.177638333 164.876151667 164.827513333 164.52204 165.104691667 173.268438333 189.065413333 212.959906667 234.528763333
260.6520975 283.875518571 275.19977375 245.260204286 222.83794125 203.440342857 187.947275 178.90786 176.53663375 177.621424286
185.994265 195.95318375 206.00450125 216.04146125 223.052997778 203.61156375 180.52977875 174.09445 190.51526875 229.8229025
242.316026667 251.299698 280.192471667 316.760503333 324.426628333 317.821722 297.424971667 272.442361667 256.620174 248.081996667
251.467708571 270.291587143 289.108641667 300.363851429 293.132677143 261.152772857 232.598405714 211.538113333 200.277548571 199.20932
207.148732 217.798145 221.095138 251.217636667 298.391244 309.507032 313.601586667 315.454174 315.807265 314.734028
309.89765 302.055616 288.057396 266.568506 245.31713 231.47031 229.482124 234.954218 239.191618 236.825998
234.171865 237.734564 232.605898333 209.572214 178.285931667 156.56572 152.463763333 168.574854 192.849505 206.82149
215.62198375 233.09987 251.2281 268.931095556 276.60320125 276.9689075 278.831363333 279.91775625 283.968733333 311.484835
