337.869002 337.86902 337.86902 337.86902 336.907564 328.341434 310.671614 292.495543333 280.934254 272.330006
270.423434444 275.27649 280.934924444 280.972287778 243.085935 206.466772222 178.771564444 156.367162222 100.641605556 96.4410133333
204.115011111 204.11501 204.0865075 196.24816 186.140313333 190.560751111 192.601644444 200.62638875 219.092755556 243.32076
238.308185714 234.754074286 232.205643333 229.791355714 219.569121429 194.780768571 164.974677143 150.812888333 152.168284286 160.329885714
163.882608571 168.456626667 173.25432 178.051998333 182.05991 187.735994286 217.573428333 276.365921429 305.442336667 297.256732857
281.294404286 272.035514286 258.637258333 226.635635714 193.346807143 169.01818 158.068165714 151.773245 144.484518571 149.8855
180.1098025 145.24725375 89.1187322222 109.75438875 186.118845 195.41156875 200.86359125 237.229726667 298.28190625 327.66675625
321.30735 301.122775 276.82019 253.385048333 232.890523333 185.656293333 162.679648333 164.082235714 170.638928333 171.84599
257.30899 257.30899 257.30899 257.30899 257.30899 257.28331 254.084278 231.361043333 205.656816 184.205251667
175.826125 172.995136667 170.860915 169.574835 168.354693333 166.383625 164.861545 163.837875 163.22335 163.05299
163.128032 163.7800225 163.96874 163.41819 160.651598 157.221586 156.9849125 158.03994 157.815005 157.970902
171.98001625 199.150588571 205.639895 203.675978571 203.41735625 200.401964286 201.82299125 206.640395714 213.98305375 214.740044286
