374.08899 374.08899 374.704358 377.650945 378.738648 377.2145225 365.697206 347.36856 327.814638 300.1059875
289.713373333 297.37104 300.4097 289.082116 264.376236667 246.884203333 238.034252 233.48418 232.77178 237.239751667
241.699311667 245.340555 254.59491 273.169143333 280.388975 271.98903 243.612161667 224.438058 212.810313333 205.699141667
202.759285714 228.393467143 253.773391667 252.563654286 251.106347143 251.727695714 252.561132857 255.735096667 257.727625714 258.487954286
301.709755 347.57428625 310.984851429 260.39305625 229.0035775 214.0978975 202.96717 195.762261429 195.4445175 203.1861325
213.648608 228.304018 263.709536667 296.00726 300.068512 292.877802 279.945478 261.169268333 244.05414 227.342236
208.135781667 206.63407 234.557698333 278.732972 291.359421667 293.358521667 295.377882 298.540518333 301.57267 299.052031667
286.429225 283.321483333 282.0293 264.8001725 222.722052222 210.3645875 204.91323125 198.3763425 198.056001111 211.04219375
217.873611667 240.349996667 277.890002 314.193411667 331.156996667 330.215348333 318.26589 297.865832 274.714426667 253.232006667
252.75867 266.6598 280.570985 284.066785 281.500463333 265.209216667 243.230543333 219.466635 205.042855 198.856433333
197.681708333 215.010056667 239.049001667 263.119008333 281.906975 282.071223333 261.995826667 228.232938333 208.51503 195.983846667
191.173811667 204.715376 247.442768333 271.55169 276.365596667 283.428736667 295.050256 300.834633333 301.17599 303.12309
306.1701075 305.843544 304.860095 303.703828 300.7205875 294.87633 292.218004 290.936545 285.07364 274.9159475
256.427064444 236.9043 217.2279 197.237364444 165.382785556 149.647446667 143.733944444 155.32373 159.717546667 165.474164444
