218.752476667 219.5218975 221.003036667 221.728045 222.530583333 224.12403 228.2032925 233.3446 241.2097975 249.92172
255.68076 261.564406667 284.738351429 295.156262857 287.597341429 274.197893333 259.599867143 249.988732857 249.452773333 250.097158571
251.968768333 267.279298571 289.28691 309.350783333 331.421037143 352.20867 358.926095 350.776121667 322.187961429 298.788293333
297.85492 302.087458333 307.121716 311.48787 308.888736 290.699968 265.195028333 246.143524 230.967808333 209.174022
197.01577 196.72502 196.72502 196.64378 196.066003333 194.788783333 193.724086667 192.427086667 190.599886667 188.860393333
186.607402 184.639725 181.30705 174.247896 162.720278 149.7860075 139.994924 131.409822 129.5615425 147.790554
166.943488 168.77641 176.801157 175.651782 154.788763636 147.558849 149.907575 151.319506 161.838377273 197.43862
236.7041975 237.1284425 237.2170025 237.21803 237.3308025 237.500365 238.66093 242.8469575 247.1913775 250.2038825
243.486397143 235.331815714 238.24584 241.675998571 230.901287143 202.869781429 185.514542857 174.69628625 170.39477 175.046777143
192.301302857 206.13818875 229.604852857 252.731734286 277.78587 297.43996 304.479082857 305.360912857 304.59031 300.516447143
287.405398333 288.07915 290.96636 293.902488333 300.16344 304.61499 306.254801667 309.53467 310.512236667 305.344275
293.505551111 293.9305675 296.824032222 291.68979125 243.092528889 203.142465 175.75651 127.71819875 80.9688122222 129.15844125
174.302558 178.717432 178.3751125 175.739794 172.870018 172.085766 175.082072 187.5249 204.226882 228.274496
259.980876667 286.038874 307.548915 332.841935 336.753531667 324.429096 296.550205 256.250655 220.333088 197.320235
186.026944444 187.128223 198.08472 210.478682222 212.671891 194.591654444 177.575937778 171.845012222 171.897277 193.530718889
226.594065714 263.343573333 295.662121429 306.31813 311.668514286 313.991018333 312.273738571 310.617418333 311.18938 309.407945
304.98623 298.6541875 282.94229 257.59897 229.85097 206.4435025 189.25524 179.315666 177.1926925 176.45655
178.917251429 182.062528571 183.39491 179.245981429 170.094337143 172.008457143 186.554417143 216.168564286 248.253214286 254.239222857
247.830902 251.009782 248.66115 226.7417 196.837254 171.08762 149.475076 133.436551667 123.306314 117.434506
106.84427 96.8462722222 139.32665 191.1040925 246.579922222 301.97697375 333.60732375 323.00062625 275.577022222 228.94784625
213.545134286 221.066425 233.912284286 244.221498333 243.054592857 218.412251429 191.261733333 161.276884286 143.127148333 147.70573
180.219655 195.382416 209.075655 222.79339 236.25708 243.733268 236.487348333 208.982238 180.358666667 162.61776
163.676516 195.879666667 230.640112 235.555228333 235.09046 235.93456 238.634376667 241.859806 247.060048333 247.56068
247.570365714 261.868471667 261.33463 234.18613 189.165435714 145.044582857 127.251073333 119.990242857 109.177113333 100.019074286
