352.850216 357.9031525 360.515342 359.795606 354.195056 343.19888 327.949906 306.199516 286.3839025 265.313672
252.56342 250.116605 252.0657325 256.437845 261.090032 267.29461 272.4745725 275.1192075 276.0325475 275.9654625
273.934374 265.809058 255.14123 236.822036 219.65233 205.731726 198.651464 198.055685 201.17306 215.013018
232.959761667 241.688052 254.343473333 278.672748 305.03239 321.869588 323.483505 324.002588 324.793163333 324.386402
317.020639 292.857265 245.182562 200.353551 172.08662 157.917061111 160.693649 164.927936 160.675276 76.125039
164.74975 249.52314 304.015212857 331.278601429 331.515612857 324.356115714 295.788104286 254.362495714 223.894832857 210.013447143
192.90171 193.245931667 198.169021667 203.366416667 207.366962857 198.697168333 176.703135 164.314935 160.730283333 147.115425
149.976948333 169.599685714 213.225021667 246.140653333 258.093065714 253.741786667 232.362625 209.640823333 199.569694286 200.511188333
206.160228333 244.231311667 289.444301667 302.938578333 310.554803333 312.482738 311.798305 308.011935 297.380728333 275.933275
253.9524575 233.1973725 206.463275 182.76271 164.922895 155.9929825 147.9540025 146.357565 146.686275 150.23773
163.318607143 179.964715714 199.666126667 202.72083 183.955184286 157.303265714 139.553637143 135.537306667 123.50887 118.080341429
316.34 316.34 316.34 313.40017 301.734418 288.06211 273.942462 259.66192 244.290212 226.2725925
200.748868333 186.0333 182.64702 175.315991667 164.503418333 161.939 164.635126667 173.941212857 194.346005 213.794205
211.842811429 207.69816 205.996485714 204.270382857 202.544287143 200.962036667 199.37978 195.654442857 183.75786 192.041508571
219.095056667 259.482062857 290.659028333 288.237876667 270.304264286 246.210016667 216.067941667 185.975928333 178.148557143 178.212456667
185.257988571 212.118928333 234.412964286 237.939288571 238.752472857 240.110705 239.24958 238.054602857 244.349916667 252.144441429
250.792192857 239.7362475 237.839271429 236.36253125 234.612061429 211.782825714 182.4673775 179.41872 189.13174125 213.002244286
214.801003333 215.520252857 219.090218333 223.221122857 227.352038333 231.107416667 235.238332857 239.481465 254.254705714 288.947411667
321.566791667 331.981343333 326.109333333 315.429731667 282.673343333 218.123505 169.49913 157.797161667 149.79163 150.5334
168.299432 197.041276 210.18157 210.693366 206.891588 196.125892 176.415366 162.391048333 156.726302 155.683348
173.6522875 189.745948571 188.9518025 189.14826125 189.0564 187.668692857 185.28404625 187.287535 196.661694286 206.8309725
