328.600085 336.37323 344.49267 348.695085 350.632732 348.3601325 339.7410825 325.1415925 301.821964 276.86273
264.150385 258.481678 253.155413333 247.829148 242.502888333 229.749746667 211.885668 212.819081667 228.01039 239.265753333
246.953467143 266.9466375 288.421595714 305.512455 304.823064286 299.723462857 298.32257875 299.385921429 301.40009625 300.21591
292.284281667 281.808401429 271.308543333 260.808681429 252.376965 248.509236667 228.829462857 176.135321667 160.007692857 168.597921667
189.923078 216.347408333 254.886126 261.861864 261.555678333 259.860308 252.673622 241.174582 226.172153333 214.937404
204.186988333 197.073238333 195.248433333 192.033775 180.914628333 168.03827 156.822208333 154.29101 154.15959 165.516471667
197.646616 228.803 264.219956667 289.461386 290.74069 288.604988 289.426924 291.896886667 293.43103 293.090796
286.633566667 270.684916667 256.50514 229.849795 198.364265 173.353655 158.80792 154.734231667 157.054153333 177.98213
186.692961429 186.388697143 185.935895714 185.490357143 184.736825 176.844794286 175.739054286 193.559134286 227.58984 259.701818571
281.823045 306.6240525 324.333275 328.1609725 325.9223775 318.4780875 302.8464975 285.379575 260.5633 231.4631375
224.0963475 219.025717143 213.6446475 208.338434286 202.2542625 171.617464286 138.9137275 133.73539 145.0611975 175.201967143
195.731575 215.796528333 220.756474286 206.430288333 184.255136667 165.66394 145.307156667 127.050095714 111.183818333 97.03681
254.558001429 254.558 254.558 253.357165714 230.013195714 205.167634286 189.790097143 185.35342125 191.555028571 204.719442857
207.90179875 205.61810125 203.4562 201.29429625 193.00534875 175.61189875 173.80770375 179.581664286 201.939955 230.5149
250.067476667 270.216506667 289.498616667 299.435191667 300.684648333 300.315464 299.216981667 298.769085 302.787246667 300.36528
294.2896475 303.137398571 316.06096875 330.93527125 339.62423 311.958765714 247.8549525 185.36438125 160.456202857 156.225405
157.469526667 156.724826667 150.669373333 145.189631667 142.422966667 144.964036 141.518793333 111.144175 107.026998333 107.059
