348.834996 348.83499 348.83499 348.991192 355.509501667 358.744774 355.06764 344.100288 331.766314 321.45705
316.467266 314.9714675 314.783614 314.0600575 306.959404 290.291016 268.5597375 248.465856 230.7141875 207.240778
200.589243333 207.20572 215.119105556 220.732036667 205.759245 192.832954444 195.981178889 206.211564444 220.375363333 218.009228889
216.518915714 219.511044286 221.693431429 210.774088571 190.01952 168.461741667 149.691578571 146.72771 151.929265714 170.842015714
198.735984 220.87298 247.682662 276.659008 292.669581667 291.956206 280.816088 260.704968 241.715336 223.533362
206.446628571 203.048635 200.806007143 198.359502857 196.270318571 195.249071667 186.019604286 177.486608571 191.229698333 210.998284286
225.40315375 263.714938889 286.42726125 268.22477375 232.7989 198.87446125 176.34297875 162.478025 148.945603333 151.57265125
118.357785714 113.507614286 141.83944875 174.095464286 203.64128 220.009785714 210.902168571 197.14701375 206.394542857 238.663134286
283.64782625 317.4447475 327.17021875 311.6136025 270.39270625 212.918685714 161.44117625 141.76023125 146.20350875 162.7616975
188.145475 202.48928 210.921963333 205.72936 181.302186667 168.271036 166.96502 171.497218 188.618723333 213.312082
238.59879 280.253635 310.498845556 304.09963 266.989102222 221.954495 183.183306667 155.1711275 86.2360188889 78.4194
258.90201 258.90201 251.219982857 223.329092857 212.58103125 214.552794286 225.40807 239.077721429 252.574014286 256.344325714
255.858412857 256.603638333 257.632007143 257.696071667 241.861708571 195.233428571 158.445981667 145.365255714 145.08019 150.257847143
153.54694 163.829065714 169.188745 171.561243333 174.170998571 176.69662 178.398126667 183.403545 190.624925714 196.581976667
198.66875125 220.659988571 261.0904175 272.512434286 274.9592975 278.99561125 280.723847143 282.64812125 286.13087 290.5539275
314.659276667 345.461144 368.560403333 370.82617 362.665898333 349.444104 328.331933333 293.05573 251.848992 222.315743333
202.229795 187.418696667 183.312534286 182.240608333 181.2246 180.20861 179.176513333 174.275205714 171.312096667 173.180008333
184.13383 197.543685 211.107496 223.502565 227.337243333 228.156926667 228.701511667 229.023068 230.731648333 231.083675
230.76655 232.83724 237.63704 239.043302 233.19178 216.4988175 193.38112 168.758916 157.388074 153.04535
154.504078333 163.70758 166.343093333 159.437265 146.874104286 141.613093333 133.7505 116.679446667 115.57068 117.857418333
