232.730752 234.579376 232.845552 226.638854 212.60673 202.487706 195.219002 193.43907 194.934998 195.512994
195.560905 215.780345 266.18045 290.1836225 303.555258 317.2453 330.678895 338.74323 341.74842 342.5270375
337.351858333 321.322978333 298.754553333 276.244741667 259.801547143 244.755058333 205.505395 183.108153333 178.368581667 182.471145
204.46748375 229.47114125 251.9914825 273.87509125 280.907565556 266.21335 249.86446125 234.16429875 223.13283625 211.3730175
193.718546667 186.407688333 201.288631667 203.004803333 189.628941667 178.054433333 160.11819 154.087473333 154.592276667 161.25657
173.904011667 183.885758 193.838838333 203.791904 213.744968333 224.619618333 230.070748 224.650588333 210.520898 200.804178333
195.45338 191.913115714 186.30273375 178.193845714 173.7766475 172.711734286 177.232565 192.527888571 219.9888375 232.060102857
230.554601429 232.239631429 234.532008571 236.824382857 238.495958571 230.304463333 206.667384286 207.932751429 240.452234286 262.204924286
259.261743333 254.087838333 248.8995 244.244406667 240.47537 235.639378 223.093875 216.790366667 227.461406667 240.018433333
254.457377143 273.526515 285.994174286 283.190658333 268.328047143 248.954476667 230.753997143 213.78149 205.451714286 204.334335
204.319664 202.944918 199.184561667 191.017678 175.898114 144.920948 128.917854 120.726223333 121.39402 134.510784
163.821836 191.33187 219.39073 240.59555 244.42003 247.440674 251.996824 260.437578333 267.313916 268.865098
260.967375 250.610654286 241.5214925 231.73317 205.68279875 169.74682 162.54764125 171.56607875 190.726621429 213.60717125
235.03586 262.289434286 288.63993875 304.257731429 307.892017143 309.076244286 313.08573 317.11358375 323.814437143 322.581347143
306.24334 283.09201 259.902007143 236.712004286 213.522005714 189.901168333 169.364404286 160.032701429 162.573614286 177.497952857
193.856744 203.934006 209.525118 214.98975 219.522876 220.593228 217.455362 210.407368 202.108334 188.530466
184.36236 182.669415 181.80619 179.79358 173.3348075 169.565193333 167.1232 163.11123 152.33125 140.957386667
140.31833 148.19180875 157.194477143 166.197155 175.6820225 178.83474 161.20724 128.085647143 85.56636375 75.07859
90.1623483333 108.589418333 128.862238571 149.215935 164.23481 170.286795 173.563361667 185.167152857 197.263145 203.12268
