208.253012 207.711366 204.432976 198.328756 193.038485 187.8287 185.818814 184.732462 184.409312 185.165398
186.678603333 187.493985 187.314776667 186.29848 186.23778 188.928854 194.697181667 215.299363333 235.712381667 246.671138333
265.694704 295.33281 301.096404 301.950545 304.633804 307.64364 309.2033425 309.58186 307.8468075 296.434454
273.343356 240.104277778 189.440529 159.494453333 154.336593 155.631943333 156.672548 159.717792222 168.358802 172.42112
191.877955 211.814118333 221.035617143 218.694468333 205.704348333 192.775766667 178.424918333 170.787888571 169.194685 162.537373333
161.562361429 174.076768571 187.458595714 187.993291429 183.0085 181.084682857 181.270434286 185.026552857 194.599871429 197.070531429
191.98404 198.173526667 218.928222 241.41 266.667043333 286.89295 292.78675 298.373498 300.632603333 295.100112
284.035053333 277.400054 271.22338 265.04672 258.768413333 247.59351 223.022771667 202.833624 202.285838333 210.063628
213.763655 212.125402 206.6540225 202.55266 195.460796 186.46204 176.2862775 169.6553175 167.125804 157.915315
152.545053333 157.313331667 157.846273333 153.578583333 152.851645 159.183696667 173.718238333 194.641043333 208.37258 211.115141667
208.318038333 208.946581667 209.897972 210.852303333 211.679993333 200.21822 171.70233 154.66134 151.070811667 150.324336667
152.839458571 158.855034286 158.830858571 156.32311 157.044225714 158.433796667 159.721374286 161.993454286 170.382595714 183.52202
196.19684 215.445605714 242.545262857 269.685044286 296.898388571 322.371363333 333.854774286 337.869562857 336.641168571 316.933274286
313.594243333 317.192775 320.991811667 324.790853333 337.36922 349.011322 332.604293333 295.593676667 253.159421667 223.702726667
209.331232857 208.101147143 212.544381429 217.390854286 220.379464286 213.896466667 191.565597143 173.247942857 166.86211 169.4514
186.638765 210.308738 226.550156667 228.254966667 220.70416 204.411178 187.105891667 170.662665 155.055802 150.975781667
169.123645 173.9430475 156.352531429 137.4348475 129.361545 107.333015 84.68358 75.4863528571 74.044 80.0151175
