223.28101 223.28101 225.517995714 251.387892857 258.694464286 257.451332857 257.078325714 257.156285714 257.9065 254.84823
248.861152222 268.314652222 265.37761875 255.588166667 249.832778889 249.925192222 250.044694444 245.34287875 202.708168889 154.378338889
196.87441375 213.47787875 205.97138125 192.00884 188.659875556 204.130775 248.84776625 305.41836625 344.37572875 338.9771575
302.103527143 272.375215 242.610654286 216.937338333 203.949468571 188.119243333 182.456151429 188.987838333 195.209848571 195.67633
194.10242 192.963186667 192.2265 190.745506667 187.762306667 184.979875 182.61641 180.348853333 178.115966667 175.905303333
174.03903 171.072185 162.691596667 146.887713333 140.376368571 141.547185 143.172296667 148.338486667 160.386508333 185.366205
218.4934 244.39528375 269.73455375 252.71114 213.33679875 172.05585625 146.1454225 114.96892125 108.38416 105.487
203.539993333 203.53999 203.53999 203.53999 203.442457143 200.096518333 196.794238333 199.509255 205.669742857 210.767316667
210.96861 204.236667143 208.640545 203.374808333 185.338332857 175.214065 173.06382 177.820583333 196.054695714 212.089416667
217.65429 222.3187975 234.023333333 251.0624125 261.869963333 263.102456667 262.70357 259.381906667 251.45606 242.01386
229.272784 207.402158333 182.139832 161.416498 147.06869 145.860014 151.319912 159.326038 169.806786667 185.447756
213.0425 223.37869625 213.182581111 194.67314125 169.08019 149.471318889 143.64849 143.835215556 151.7633 189.145946667
196.637491 164.430122222 170.200245 240.809099 341.3881 333.322308889 292.17913 235.922751 193.352698889 165.369587
153.85277 151.2227275 148.70904 144.6411275 140.955354 140.447366 140.525375 144.46765 155.57115 170.866542
183.193253333 190.5624625 196.884333333 200.47472 202.954325 203.43283 202.502696667 199.24597 192.86567 189.773083333
189.805225 185.29684875 173.653685 161.67174 149.689805 136.02222375 127.47989125 129.8115975 139.3266925 166.08559875
189.831246667 207.231803333 225.187193333 243.133827778 250.310901111 250.33281375 250.382893333 249.923958889 250.003565556 255.023596667
