334.28799375 327.727222857 299.10451375 269.5313075 250.01103 239.938815714 234.941315 230.73399625 232.360521429 241.3093575
249.254193333 268.817021667 290.398575 311.980123333 333.561665 351.800306 358.265766667 355.119318333 331.207733333 302.473786667
299.274605 299.271828 299.2267625 297.852442 291.775345 283.1734225 271.683336 259.65616 251.783412 243.270015
240.121233333 253.462676667 276.134708571 295.80525 303.361673333 305.31748 306.600656667 308.563472857 309.480508333 301.889888333
293.457803333 296.481546667 296.561908333 280.475155 255.43513 233.341661667 220.38945 216.823578333 213.371056667 205.136826667
196.40702 220.841526667 274.129682857 313.12079 320.472208571 321.11841 322.030632857 327.414148333 329.006542857 312.7813
284.986693333 268.774611111 222.917787778 174.433893333 152.77326 141.452705556 142.435715556 106.193581111 75.8317966667 133.451463333
188.885878 195.063508 195.53579 195.52181 196.480993333 204.358874 223.137352 251.148122 282.911706 307.444922
314.110305 310.727171429 305.267725 299.773957143 291.802265 250.630011667 190.953747143 154.54632 148.039378571 166.55453
186.154806667 204.87191 240.11096 277.143235 316.670438571 337.74585 342.399078333 342.153385 328.61046 295.733683333
251.840565714 210.220977143 203.289267143 203.823215714 204.41202625 200.97767 175.51491 139.58538 131.620705714 154.174765714
166.7680425 170.278425 166.763953333 163.7855 159.1097725 157.1886475 157.573905 159.57555 163.8971 169.18169
181.367763333 188.092742857 191.151438333 193.92434 194.597115714 181.026328333 174.12477 175.060105 184.00668 210.022855
223.45642 235.882538 248.631818 271.419456 289.045213333 279.36471 252.153704 230.282828 205.090578 178.932884
169.95327875 183.166328571 196.96205875 209.957005714 213.50077625 199.275862857 165.77012875 134.891491429 112.35339625 105.892
