378.48099 373.319938571 335.353095 317.782131429 307.998185714 299.719028571 289.448972857 282.7343775 282.329031429 289.481784286
304.648243333 317.716492 330.693355 340.459674 348.389205 359.974144 363.884368333 364.350146 361.167338333 353.208038
341.666896 327.996216 307.18332 274.57658 233.57765 201.203568 179.55044 164.594695 158.045336 161.00893
172.9199675 178.618896667 180.26661 182.190646667 187.45679 200.117565 214.00256 226.8455025 232.12148 231.362205
227.750475 229.046724286 233.569633333 234.378705714 216.442193333 191.968581667 194.813301429 223.161528333 270.632107143 296.64736
283.48571 265.640591818 248.0588525 218.430823636 179.994975455 169.455258182 175.136301818 186.6503475 210.423575455 184.212349091
222.416655714 216.328738333 203.774841429 196.47392 189.683895714 186.988136667 187.443037143 187.95453 187.911158571 184.206548333
375.314005 375.314 375.314 375.314 375.314 375.314 373.298558333 365.003168333 345.687006 319.00178
290.217864 274.43404 269.936028 278.424528 281.261238 273.286318 256.207336 242.44588 228.871 209.719406
193.76554 195.37685 199.23318 199.5698625 196.544434 191.264825 190.1482125 190.42879 197.135412 207.3794375
207.420874286 205.998837143 208.857945714 212.248502857 215.92160625 218.604754286 202.756288571 168.444015714 152.098272857 159.177195714
170.863157143 194.50566625 228.330915714 256.56161625 296.076138571 300.175905714 266.73946875 217.791745714 181.16385625 168.082861429
181.473416 198.284345 209.870632 213.33679 211.479564 207.2319675 203.654944 200.308565 195.477034 194.906875
205.0804625 214.4360775 210.575085 202.75599875 198.272547778 197.1046025 198.47584 200.72135 207.7562725 223.29534125
