233.81799 232.458245 214.347444286 197.93421 190.405191429 185.107225714 181.870858333 178.346585714 177.237618333 184.687575714
184.77750625 99.67529 72.50153375 71.58242375 244.55113875 349.118955 337.46308875 303.19807 255.6133425 214.3894775
181.59722125 178.850307143 176.88046125 175.655472857 171.79561375 162.15482875 159.570377143 165.39958125 183.368892857 206.2606625
214.89888 214.050527143 207.4698325 194.26486625 177.03344875 164.00526 156.2910875 162.1563125 178.550595714 208.13622
244.124555714 279.08200125 304.742041429 302.77092875 276.828988571 238.664971429 177.33085 132.912217143 121.13905625 104.758997143
100.5986375 112.453411429 131.3198175 151.672295 171.44933 178.637751429 164.27628 159.0855875 175.152095714 209.1343675
217.3414 221.1657175 240.90825 267.14794 287.6759725 296.36968 295.508805 280.339924 244.2794675 230.618655
227.404096667 226.0191 224.065763333 218.46912 204.91599 193.985096667 190.376016667 188.551376667 187.719406667 186.582536667
185.736065714 184.54923875 182.784727143 180.993285 179.201844286 177.447588571 171.70683125 160.140618571 172.74603875 202.885508571
217.7295625 244.927074286 278.1458325 284.027821429 265.51993875 233.537772857 184.600355 148.49887 121.18749 109.908751429
74.489802 75.22346 96.716336 158.839892 170.206176 174.06524 182.920756 191.784956 195.097215 197.414968
207.35304 229.394628333 249.933008 270.471378333 293.338385 309.809458333 310.174441667 292.378568 262.056748333 221.282655
196.704096667 180.494072 158.453261667 136.330516 114.207778333 95.608284 98.930525 129.245598 141.173901667 150.895386
171.085981429 203.239464286 222.66879 217.826017143 192.910322857 151.224468571 109.573154286 67.477205 84.1011971429 132.201405714
