203.758 203.758 203.758498 203.762385 203.496346 199.466102 191.03842 179.083654 170.392215 167.203286
173.455268 194.182631667 216.479008 233.338918333 232.666406 213.11012 189.551916667 179.982192 176.645985 177.949784
194.169715714 226.11528 248.297274286 246.092637143 234.6831 223.215444286 212.392397143 200.788814286 199.393854286 204.205961429
224.60931 261.336438333 294.994582857 326.147506667 332.300913333 327.633661667 306.520858333 270.104397143 241.68184 226.416476667
218.10271 211.2560075 204.074424 196.7178125 191.7717625 191.2311125 194.44471 204.350736 219.1846225 231.8459825
247.747527143 257.366831429 249.826831429 230.261408571 204.7138925 186.810405714 185.604898571 191.09422 212.144098571 235.387624286
253.035595 286.955932857 307.536536667 306.855268333 302.163715714 303.189683333 307.994645 312.155243333 310.434152857 296.973211667
287.035105 272.579263333 240.02432 209.37591 193.040175714 186.861418333 185.225735 185.401613333 188.209445 192.47817
200.79368 236.117372 284.347636667 330.183056 347.250973333 344.656373333 335.131434 316.8698 288.737646 258.981461667
238.584774286 247.353055 272.383858571 298.190455714 302.939722857 278.75688 244.875767143 210.584502857 191.751435 188.619725714
198.88923 230.287759 262.264296667 274.028096667 272.711655 273.942732222 276.847431111 276.258581111 272.489892 262.883276667
279.373258571 282.028953333 286.686741429 294.464513333 297.93933 297.079597143 296.162745 295.157505714 294.43863 296.826044286
303.281673333 305.885816 312.863588333 334.838715 353.179931667 356.044116 353.046798333 336.373438333 312.727272 291.937791667
264.56753 234.273654286 212.614698333 189.91319 167.15377 144.020846667 136.310268571 147.150093333 149.702142857 147.628866667
152.762175 154.46173 153.363322222 155.219345 156.965442 162.278593 172.702875 197.700964444 233.335701 268.039216
