266.60199 266.60199 266.60199 264.568934286 237.43482 208.274003333 209.465831429 221.936171667 244.67213 250.894631667
238.6443625 234.7603075 235.7665025 236.7726825 234.1446275 224.1369 207.8415075 189.5221925 174.60069 163.169925
150.44560625 156.9482275 179.3463425 180.595705 176.8596675 175.339247143 179.528545 183.1910175 192.0060625 204.605505
219.8324225 253.64902 286.487718571 319.326435 348.3538275 346.07064 311.6595 263.353905714 219.82669 196.31717875
193.393171429 193.969721429 194.653437143 195.094452857 188.512711429 178.136713333 180.957455714 200.577912857 238.151392857 263.764011429
260.923612857 252.813778571 244.606242857 236.467698571 218.73220375 178.870177143 169.278557143 181.690584286 205.554955714 217.911097143
224.908746667 235.102342 248.381503333 261.660676 274.939825 290.280738333 297.593066 301.0744 304.283734 298.868541667
286.662707143 268.960865714 239.738115 192.628221429 159.000078571 145.137408571 125.036051429 112.46892125 111.882352857 130.507554286
327.46399 327.46399 320.946655714 295.839495714 275.191088571 266.539235 259.467624286 251.05998 247.832031667 241.478412857
227.656322 227.258981667 228.488362 229.794328333 231.095452 232.087032 235.724255 253.555152 278.179193333 300.528754
309.37574 310.879748 302.92674 289.720364 275.82461 241.40848 200.76667 149.857686 124.99954 126.82147
144.718842 172.168173333 199.679676 221.90393 229.04193 220.15507 202.014552 188.905466 179.224113333 158.133492
143.115543333 142.953085714 142.702336667 138.294188571 112.17399 88.2457666667 88.2639942857 80.445235 64.5622414286 59.9799
197.381064 195.73707 180.291974 159.6355275 157.433408 166.44563 183.112854 204.3032075 221.369206 221.6924075
212.139336 208.5093225 217.868968 224.5751575 218.081442 196.3316925 171.772726 144.4856075 120.42852 109.4588975
109.137417143 120.520214286 127.008187143 123.3299 120.11647 118.392418571 114.925477143 124.35056 157.965748571 174.429577143
189.215563333 193.178865714 191.76037 190.204838333 188.493742857 186.476146667 172.918751667 140.021835 113.449882857 98.75515
