237.9061525 239.776815 238.861772 229.6123075 219.6912525 216.9368125 217.5081475 225.059338 240.582695 248.2573525
254.92880125 257.31079 240.1018875 205.54009 180.156792222 172.3033975 169.516225 168.48033625 168.74368 175.3956375
199.858687143 236.238081429 277.975127143 315.123262857 330.087097143 338.310208571 336.684685714 335.424955714 336.482455714 335.423371429
336.15716 339.059888 341.787485 343.790903333 345.222925 345.563438 345.584635 345.859781667 345.4147 334.43256
311.095176667 280.183722 254.947977778 232.505011111 178.827588 169.313926667 173.40447 188.486664444 215.967391 244.378231111
236.240448571 229.766002857 223.136005 216.506008571 208.805707143 192.31536 183.091034286 185.78810125 203.116705714 215.466005714
217.251901 219.789974 223.487968 227.694695 236.599288 191.072504444 160.227546 153.616191 150.230499 150.095661
159.027664 160.63835 157.777238 159.51069 166.728822 179.972502 207.877322 250.76147 269.377396 267.620468
254.133403333 236.309103333 216.702365714 197.095628333 179.271321667 163.094093333 156.910133333 163.472321429 182.060188333 194.02247
198.58606 201.782953333 206.541595 214.97331 224.74347 228.164686667 228.391043333 228.35324 227.773966667 226.380006667
225.2736 223.585908333 223.314957143 248.212206667 288.201538571 303.028451429 304.200751667 304.668614286 311.849646667 313.79685
300.04702625 276.73721875 253.03352875 229.32775 199.83771125 149.89099 94.5048425 67.78159625 61.95025375 61.6532
