258.675237143 250.625734286 231.675001429 215.911307143 207.587465714 206.198332857 205.946181429 204.93222 202.78854 195.712894286
180.548534 190.452395 216.73007 251.861743333 290.924206 324.84065 346.219935 346.26704 328.66516 291.013048
234.336424286 222.587125 215.257552857 201.154605 183.626251429 173.597001429 173.778573333 182.770884286 206.017425 231.521224286
233.914534286 229.299057143 224.429925714 218.588002857 212.729082857 206.042442857 177.926942857 145.26362 134.597447143 143.629382857
166.262386667 191.420595714 219.664848333 247.786575714 266.250078333 264.210846667 246.053787143 219.299521667 195.580991429 186.60527
188.23881 195.941872857 198.793272857 195.853837143 163.45455125 147.225845714 138.353558571 135.301404286 143.590658571 163.665781429
182.516025 194.6733375 206.601466 216.9497025 220.5987275 221.4943625 224.33252 233.156248 236.9983275 234.9805275
232.158492222 239.75208625 249.89926 266.542752222 270.191255556 265.74167625 265.751981111 270.139935556 274.177295 309.177666667
229.545 229.545 228.243892857 214.522803333 192.402716667 171.425308333 158.43061 149.691652857 150.149846667 160.68168
187.139248333 208.339531667 228.926516667 250.78618 265.54656 265.835774 254.659505 236.42759 223.486653333 218.342231667
212.28211 228.8530775 256.698272857 282.529514286 310.5133475 331.4962475 337.035431429 337.921784286 340.3201275 333.48427
310.764287143 275.2840075 244.141177143 230.98529875 203.097588571 171.767255714 146.32179875 143.127587143 161.1140125 195.017238571
374.593005 372.1582825 356.590132 348.2053 348.7720425 351.7887975 354.6011525 356.102234 356.170075 353.607905
343.827636667 329.038675 304.405645 278.511246667 252.265992857 232.240303333 204.55652 160.106555 145.517278333 155.809945
184.134973 208.788931 233.312031111 239.158588 198.766655 163.05013 149.953578 140.738348889 65.114094 112.536046
181.727095 192.116345 195.6402975 196.400205 196.7078225 197.17367 199.0325575 205.88688 226.53674 254.8349425
290.221985 317.204267143 323.48467 317.358297143 290.42120875 213.9180375 162.506245714 161.3332375 177.094827143 187.23137375
189.14846 194.412311667 201.6146 206.381301667 197.91182 178.337861667 160.282512857 155.058121667 153.269897143 153.86901
155.949033333 155.58855 157.279808333 163.177958 165.510565 168.650268 179.536971667 194.880086 210.270533333 223.136854
246.362458 258.06533 254.582668 237.760104 218.06617 200.4379 182.23915 166.171518 157.67593 155.25051
159.121038571 174.23316375 190.683664286 198.6668625 186.707377143 162.437057143 131.47866625 103.616165714 95.92440125 136.164441429
