236.214013333 236.21402 236.21402 236.21402 236.21402 236.21402 235.066151667 225.836138 209.753608333 194.893586
199.661573333 208.067693333 206.134084286 202.560796667 201.892921667 202.590613333 204.133773333 208.124552857 216.451705 216.110166667
209.97919 213.05368 218.473065714 223.906181667 228.83166 231.962303333 224.390205 207.425121429 209.164195 225.186906667
249.577451667 271.531408333 300.149348333 317.963661667 324.870986667 328.289808 329.416961667 332.05801 334.931676667 329.509328333
316.459808571 302.342853333 281.119118571 259.594661667 238.070215714 218.949171667 192.431921429 155.044906667 138.315524286 139.030815
152.215295 165.30929 177.524051429 189.7492 196.684183333 183.33087 168.801688333 176.67342 197.045963333 205.280913333
199.273836667 195.965672 193.014108333 190.06253 181.917661667 168.29422 172.219286 185.249141667 204.775314 213.729255
219.10039375 227.824675714 236.95305875 246.50567875 245.600355 218.709974286 193.343 175.60593375 170.138877143 169.61967875
219.858988333 219.85899 219.85899 219.85899 219.85899 219.85899 220.507526 229.854568333 246.871674 263.837356667
276.020691667 291.75849 306.207996 320.657505 336.444915 344.383785 339.228568333 322.451382 291.984855 247.177731667
217.312002857 216.334515714 215.234284286 212.94195 186.808775 146.011842857 121.21665 104.8582 94.7267328571 97.5490285714
124.877512857 186.466928333 225.190132857 227.292676667 228.942755714 233.862125714 234.313561667 232.163855714 229.609713333 212.397765714
382.950995 382.434632 376.31333 365.794062 348.21331 317.720346667 281.013102 246.678811667 223.501426 213.556793333
214.21349 226.462721667 234.386866 231.090101667 221.495516667 205.669608333 187.52529 175.194968 172.937856667 188.357726667
212.774645 247.337504286 281.901976667 299.274224286 303.683991667 304.19134 306.24636 315.713266667 318.132355714 306.419556667
281.840802 261.06982 237.717273333 214.364724 193.141784 172.78514 162.757778 156.845863333 160.782934 170.434074
180.869812 185.36793 192.742676 210.364614 226.447038 233.647346 238.016618 240.748016 241.027478 224.100122
212.094992857 221.948778571 234.761498571 238.127042857 222.60417 182.021966667 123.178722857 85.6474314286 68.3388757143 58.5240428571
