239.783005 239.54962 236.3217975 230.5616925 225.9980475 223.3503975 222.51965 221.180945 216.78353 207.54775
211.554446 269.242906667 314.435284 325.58848 336.590846 341.059416 342.646645 343.482464 339.54303 316.689526
304.222454 295.454004 285.589513333 275.725006 266.95656 258.075452 239.427564 212.814155 212.64691 223.792776
226.701428 218.312084 211.79239 207.376322 198.696584 187.486402 176.573178 170.476131667 178.362836 196.33987
210.862976667 229.773304286 248.707766667 267.601235714 280.504283333 276.902596667 253.987687143 226.96728 207.237322857 202.546675
198.21224875 198.935328571 190.360715 180.040372857 172.483435 165.78274 160.366225714 159.13319625 159.926845714 164.7016175
210.1188 253.295683333 271.570552857 293.392355 315.399514286 343.47049 358.941288333 354.04862 331.62032 271.152604286
230.621871667 224.734252 219.32173 209.008228 189.103311667 168.382522 143.790338333 132.237158 133.79695 143.459544
151.564097143 160.178093333 168.792094286 177.406093333 185.218358571 184.327851429 177.035043333 185.468597143 208.23744 224.339021429
227.657333333 230.222342857 234.29599 233.870005 201.65282 163.581733333 155.914491667 152.877031667 142.242854286 132.205093333
132.89187 142.990918 147.749383333 150.660876 154.394031667 156.915454 158.739056667 161.23202 165.641561667 171.526024
189.70491125 222.005854286 256.02128625 291.063144286 320.20239625 328.327492857 331.85699625 335.245361429 331.166595 314.989222857
282.99558 245.482555 212.192706 179.710273333 161.611946667 155.75613 155.968216667 160.978348 176.22435 194.754738333
223.542354444 274.0981525 274.424971111 252.22903375 210.883312222 165.16972125 138.232424444 127.64060625 130.744705556 168.3342575
191.728078333 219.368415714 248.514218333 272.813851667 281.821567143 279.778396667 276.101273333 275.731696667 276.731898571 278.68335
279.848482857 283.025888333 289.204637143 296.048777143 301.137078571 298.782965 293.402847143 290.318738571 291.459483333 292.58684
286.496132857 287.143244286 277.80933875 245.972481429 211.241074286 157.560572857 133.563287143 141.7190175 145.97815 136.84485
