223.679013333 217.553396667 201.793236667 198.431128333 204.763623333 223.566095 257.112638333 292.963168333 317.882161667 316.964286667
297.341496667 278.162422857 257.45747 209.154514286 188.642253333 187.27166 188.707157143 193.1116 203.666704286 212.69258
220.713597143 238.7289125 264.380348571 288.096608571 315.9785575 351.61791875 352.792268571 318.486895714 270.39872375 249.720975714
247.370165714 260.273664286 277.585662857 295.041904286 320.193705714 334.002066667 310.667985714 275.131241429 235.093457143 211.562628571
199.021186667 195.88595 193.357855 192.117313333 189.61345 185.293696667 182.781616667 181.5668975 180.098196667 179.68567
188.79259625 216.277194286 257.56941625 296.157495 314.567715 319.987811429 321.6964025 322.9367675 328.524195714 316.917815
294.427707143 282.004032857 262.30954625 219.124407143 185.640857143 163.719014286 158.10555 149.2040175 140.589161429 133.711477143
146.11784875 173.87798 193.53238125 204.156995 212.10366375 204.3026925 183.71114375 167.9160725 159.5779275 158.514
283.22601 283.22601 283.22601 283.22601 285.808922857 294.920836667 297.763223333 299.076031667 300.485242857 292.402026667
285.834695 277.892756 267.4387575 237.060892 202.457855 173.00146 150.831234 142.925435 138.107648 136.8946675
139.552004 141.703104 140.385065 136.77767 127.159756 119.240954 112.548838 110.6940825 108.428286 107.092286
