264.396 264.396 264.396 264.396 264.384718333 263.917825 262.722061667 261.576924286 261.57133 265.648765
270.149352 270.1835325 266.683472 258.396386 241.30732 220.98725 199.217264 183.142364 180.2164225 179.756598
193.55436 236.936088889 270.90924 269.995036667 270.571361 268.027396 267.235155556 271.225339 268.670376667 248.857114
248.700846667 249.938146667 251.698687143 252.877445 246.423108333 227.006538333 221.664736667 222.464501429 226.236846667 224.867793333
217.11618 216.300006 216.6668 213.405798 201.226168 181.032018 165.901518 160.6889425 158.74463 159.745182
166.120226 175.556004 184.614926667 188.175068 185.808314 176.186968 160.845182 150.711525 150.405408 152.105062
157.38037 164.887526667 172.394683333 179.849712222 181.468703333 174.9809 174.924564444 183.202208889 210.603998889 244.64949
273.611238333 315.037206 317.315393333 304.631434 282.6587 256.023893333 226.977468 195.648463333 173.23695 166.227036667
163.133383333 164.115975 159.32688 151.150616667 147.32465 146.959383333 148.040918333 147.99843 150.066243333 164.392805
189.0821925 213.847198571 244.03708875 274.235008571 304.43292375 334.428491429 337.7718575 312.090767143 273.38506 232.010834286
210.15969 204.785843333 195.846903333 186.409905 177.210733333 172.058122 162.145736667 144.885208333 139.33857 144.530135
160.259345 174.84447 189.034783333 203.2251 217.415411667 230.18669 241.688851667 247.598498333 248.865136667 238.063888333
229.287877143 223.577007143 217.349001429 211.121007143 204.1807975 183.502644286 169.774945714 166.597332857 170.006835714 174.761484286
284.188818571 295.866 295.866 295.980641429 301.827418571 299.014444286 273.001684286 230.554265 193.395584286 182.342728571
184.821354 190.492502 195.346776 196.397302 194.493844 182.01231 154.236726 129.114184 117.444514 119.848722
138.568942 161.3753 183.611496 195.01468 193.55304 184.548565 172.254768 156.038622 136.9444 122.129882
77.6602633333 67.4619783333 85.9310883333 134.09714 138.989433333 138.954246 121.066555 85.35977 75.0052833333 71.861195
