329.199875714 337.762711667 333.295672857 322.655588333 311.531405714 302.41988 296.66908 290.749821667 285.113411429 275.273468333
257.44346 246.275292 241.126421667 240.208281667 228.734678333 203.788884 187.451446667 172.306868333 157.858378 149.947348333
148.373098 148.51631 148.883654 149.915218 150.278664 150.3796925 150.782884 151.863784 155.4050675 167.397984
198.354757143 229.245785714 254.11028 298.37952 341.3686075 346.647058571 320.141915714 286.225877143 252.069977143 217.42491
205.4848975 217.28877 235.967628889 254.46581375 263.0135775 236.04978375 186.36011 151.773448889 143.64052625 179.72224
201.033053333 213.779837143 229.689286667 244.183801667 260.127778571 275.45933 287.298325 295.24557 297.96298 297.954386667
292.237185714 288.597608571 285.02128 282.966347143 290.35041 290.951588333 261.804105714 226.967781429 204.715552857 189.740987143
179.289065 177.585425 176.3219025 173.02194 168.796034 167.85263 167.5166225 166.9059525 166.1635975 168.8708175
180.291584 185.939994 188.7001875 200.91452 224.384936 227.203764 217.953122 208.2804 200.209138 198.449328
197.547305 194.20252 188.777501667 182.727283333 176.423316667 163.201952 154.344098333 156.942733333 161.884084 175.75985
187.227694286 201.183034286 220.513056667 239.963701429 261.182591429 280.62293 286.378438571 284.490988333 284.132895714 290.06441
291.594178571 291.718755714 299.054831667 288.899962857 250.515915714 189.367132857 145.739167143 102.39959 68.14459 75.7716914286
