277.55301 277.55301 277.55301 277.511663333 274.626638333 269.858672 267.29167 266.786198333 267.254685 266.890228333
264.933838333 268.49494 275.805573333 283.116246667 284.222148333 257.066454 214.463216667 175.674715 154.939213333 105.652273333
110.866691111 151.789032222 196.246674 233.606368889 233.29364 227.472886667 226.145953333 227.976567 234.072664444 235.140446667
261.454501429 263.21802 241.385124286 214.860061429 216.555384286 230.951974286 255.988397143 290.818207143 323.608271429 336.783432857
324.036634 312.692744 304.550826667 296.408906 286.33161 254.536064 214.009322 209.793953333 223.034922 226.982242
225.88399 224.171265 222.453751667 220.73625 213.488464286 195.867176667 189.045515 192.351738333 204.809863333 205.495638333
313.57713 329.89301 329.89301 329.89301 329.89301 329.71034 320.249651667 290.513415 247.314527143 207.70747
188.022225 183.602943333 173.58639 164.202628333 153.634571667 140.572703333 133.798616667 117.195251667 113.680698333 121.752598333
259.66699 259.036227143 240.883128571 208.279462857 188.24055375 175.611944286 169.554805714 167.173945714 169.86993 179.563327143
189.995763333 205.38047 221.963135 238.545798333 256.786735714 271.388681667 271.93972 267.104975 264.976936667 263.788265
260.326976 259.449925 258.92096 258.520948333 262.6859 270.568952 272.064816667 271.25592 270.296916667 266.691968
264.30085 274.666036667 284.960994 282.381244 276.439305 273.810292 271.127582 268.703134 267.594015 264.655402
265.567981429 278.48784625 277.143615714 265.225028571 260.82774375 260.17678375 260.801494286 261.89638 264.07356625 265.347907143
276.91481125 314.069042857 320.35111 311.61009 314.36725625 314.266658571 319.54056125 322.530431429 322.538775 314.12943
293.859537143 273.471941429 251.54464 223.769542857 189.042634286 155.239201429 124.126528571 69.0685685714 60.9390542857 65.0427214286
83.566485 117.675441429 150.858745 163.850142857 162.7063825 162.738285714 164.77971875 167.643382857 184.20044375 198.44162
321.66299 321.66299 321.66299 321.66299 321.66299 317.218098571 313.09913125 313.207494286 317.6917525 317.553412857
298.31404125 269.936212857 241.21450625 212.492798571 184.32233625 153.521478571 121.65876125 107.64485 129.13682375 149.860847143
163.537765 176.406166 179.4227075 177.4626475 171.414388 160.324225 145.1480825 131.791725 129.977412 128.8390375
