225.448445 227.3991125 229.2893825 230.74321 235.108174 244.220545 251.946275 254.0920125 257.2286025 259.51623
273.311711429 296.6054 298.874418571 279.77407 259.90063375 248.086988571 239.331527143 236.365431429 233.770241429 238.898262857
247.88475 258.84329 284.100578571 312.74255375 340.3269 355.595378571 356.55289 356.037235714 358.96067375 355.439352857
334.402202857 336.80733 344.201912857 350.982867143 344.02323875 311.550932857 274.73448 240.114122857 223.809542857 220.544507143
211.95757 208.984253333 209.417187143 209.766844286 206.502221429 184.752366667 154.590978571 136.471785714 133.845743333 153.56955
174.86406 199.899541429 225.894337143 245.178188571 241.11469875 227.315281429 216.045437143 201.152408571 193.129702857 196.316374286
201.026441667 224.880812 266.423875 297.025866 306.611861667 313.186438 318.113896667 321.069768 322.758266667 315.127386
297.857328333 277.808795 257.752793333 237.696796667 217.640793333 198.273296667 180.013535 167.864718333 165.067036667 168.841278333
183.345694286 197.752358571 216.382665714 237.521577143 251.495277143 253.35263 255.515485714 259.366728571 244.73699 154.192194286
188.564258333 226.84498 191.50857 144.318775714 119.168255 132.007775 283.362682857 336.237238333 339.838208571 335.065191667
334.202442857 343.098933333 353.840725714 362.412461667 360.564511429 335.787775 295.208974286 254.275441667 214.669957143 191.325911667
184.465658333 186.482634 188.190818333 186.81952 177.176076667 164.363465 157.937786 151.046581667 112.259232 65.48331
193.61289 199.986612 202.1926125 202.6803875 203.791334 209.2245825 218.6766925 222.14527 210.839422 203.3336775
211.929132857 230.6828825 249.645007143 267.948701429 293.6587675 296.9645325 293.310604286 292.819902857 288.32022875 241.373882857
209.072804286 241.250015 278.192477143 307.160736667 317.42912 303.498946667 271.978381429 234.590336667 200.36347 181.851386667
187.018841667 209.443395 243.24527 251.521581667 255.693333333 263.618718333 267.168603333 271.51314 274.421851667 270.391998333
265.634868 264.9163075 264.461066 266.676675 273.14281 276.4375675 278.052386 277.1301875 271.674212 262.471485
249.910954286 233.163571429 217.81182 202.460071429 184.545702857 156.842312857 141.732154286 123.278345 87.3607742857 85.2671
