362.55399 362.86078 364.218765 365.749465 365.19932 363.443305 357.5176675 346.5067275 333.8741775 321.2187025
316.4659 318.223816667 322.863838 327.792928333 333.576156 338.990588 342.736115 344.22869 344.367598333 342.990712
342.082078 342.8347475 345.345544 350.151762 349.60923 342.544855 327.774396 300.906906 274.150055 252.368938
216.825651111 187.992148 178.098103333 164.994752222 160.102004 162.165831111 172.343743333 184.156297778 198.200574 195.655054444
77.3492383333 186.530448571 213.445615 201.801223333 188.72303 177.916613333 167.739366667 163.47442 162.794261429 165.110078333
168.469948333 175.17614 182.760938333 190.32465 194.216658571 181.598703333 178.92189 188.139333333 207.355325 228.012733333
245.077425 263.813258333 282.589415 301.365586667 320.141755 338.622356667 348.131888333 346.308933333 329.223876667 297.715403333
259.782495714 240.723651429 231.904205 217.38234 198.14338 188.492635714 185.086224286 181.655735 184.984951429 195.242124286
206.789301667 234.653076667 267.096417143 278.737751667 280.63775 277.783641667 277.864538333 285.125732857 291.498666667 286.894276667
274.957356 257.962897 241.02409 213.142367 181.551432727 173.739165 171.562491 177.8882 190.467035 206.300946
192.47413375 199.3406575 210.3007275 220.9509175 219.480957778 187.82310625 182.62495625 195.31696125 224.980195 257.088175
278.618691429 302.606393333 329.832362857 342.866857143 330.569398571 305.615991667 268.297741429 238.769088571 222.987241667 210.462688571
195.545468333 199.134723333 208.703248333 217.7267 223.767213333 232.848162 253.14012 282.96667 300.11 303.173343333
300.51001 297.728638 294.071374 291.581958 296.12287 305.85469 311.109558 314.28682 315.448028 307.047206
288.131301667 273.357386 258.693218333 244.029062 229.3649 214.700732 200.03657 186.6936 173.64473 148.64782
87.15133 64.86909 136.4763375 180.74367125 194.97545375 191.132747143 181.127675 176.5719075 172.70228 180.908625
188.230158571 198.776263333 204.73743 214.77983 276.95844 298.476003333 300.523014286 306.120238333 312.392728571 311.223948333
296.22768 277.578108571 258.73602875 215.67650875 171.1980825 147.879552857 129.02615625 69.480575 108.499317143 210.45042625
200.894 200.894 200.894 200.894 200.20936125 199.210655 195.264192857 195.066417143 206.2912825 218.813221429
213.412466667 206.76368 197.77472 186.968156667 239.50621 302.305368333 310.487895 315.404798571 322.921931667 316.992738333
228.288082 177.089006 191.4653275 220.958444 232.53414 219.341254 187.06224 156.75473 142.063918 147.33652
168.92038 172.174226667 160.8532925 136.80931 126.5141775 126.253923333 133.98502 144.69083 152.6628575 159.039006667
181.783388571 218.469741429 260.447894286 296.80199 302.415614286 284.16206 243.137997143 186.495298571 169.136718571 169.488672857
179.927457143 185.793493333 190.199001429 195.005004286 199.057678571 197.12414 184.376185714 150.350114286 91.2194433333 87.0069
