245.97745 244.193734286 243.25737 244.26574 243.59302 243.073935 245.663704286 251.219031667 256.614138571 262.037006667
263.678912857 264.14811 277.666752857 299.09376 320.307804286 330.974927143 329.517751429 324.800547143 325.897161429 329.541391429
322.5024 298.32370375 266.569808889 234.73349375 202.186885 173.82536125 166.732065 165.317626667 162.750235 172.780865
191.31514 214.435756 245.6488 276.90463 308.16046 342.387175 360.906816 362.244151667 356.52984 333.351945
307.322364286 286.923483333 272.582045714 267.28242 265.025985714 251.341432857 225.593573333 200.06798 192.304386667 195.15806
200.862211667 217.211058333 243.268207143 269.457016667 293.414718333 310.7389 312.962461667 311.939418571 311.101521667 310.850486667
316.396988571 325.051621667 318.030265714 308.606438333 307.614984286 308.443931429 311.27732 315.806822857 318.674836667 318.498821429
308.838068333 295.253575714 281.243411667 267.23325 253.22308 240.7552 224.827611429 183.294585 148.438315714 136.654101667
140.732219091 167.84805 202.444245455 231.692508 221.988034545 199.035899091 190.115225 187.172601818 188.925638 195.291870909
202.23289 229.292011667 271.119044 290.587288333 291.276928 290.924876 291.630518333 293.595624 295.901508333 295.676806
288.179971429 286.254987143 288.92011 291.858738571 294.791015714 295.334548571 294.273307143 294.122741667 295.033271429 292.109112857
289.023852857 293.054903333 299.999888571 306.962445 314.394037143 317.940438333 315.183118571 314.617166667 316.10189 316.974866667
313.787681429 311.515455 314.17442 311.537645 285.020821429 251.90755 219.526191667 188.713765714 174.049393333 163.922324286
158.556615 158.605245 158.67833 157.8480075 154.020044 149.1860475 147.4478825 146.77184 146.3439675 145.43014
299.178994286 299.17899 299.17899 299.17899 299.17899 302.361032857 313.61326 316.40665 315.267705 313.459715714
300.468946 278.529668 250.79515 202.102906 166.372388 159.277484 158.499692 160.427315 166.010204 173.350732
182.406476667 165.47343 139.971265556 114.4674 88.597044 70.0005522222 67.2069844444 64.5251677778 77.0884788889 210.882122222
