401.0850125 395.828552 381.448015 374.604596 372.018935 366.760115 354.434478 338.42894 319.222688 297.1542975
258.7810325 212.610608571 205.93996 203.207707143 187.34345875 165.05482 151.6283025 126.448012857 139.16034875 167.30128
193.773038333 218.6343 255.753723333 293.459438333 330.122501667 348.455736 349.120051667 340.427613333 319.028218333 287.386143333
264.931506 258.902985 254.273966 249.64493 245.015898 239.876478 232.3302475 221.158982 203.007775 199.388146
230.142294286 256.689467143 243.97849 225.932744286 214.7474225 205.440631429 201.517371429 199.06339 200.08815 199.47822
196.068445714 212.229875 235.40257 258.586351667 281.770135714 305.437931667 324.673484286 318.780935 297.083621429 291.145736667
291.061788333 290.912512 290.740391667 290.595686 294.314748333 310.038568 316.581216667 318.961432 321.128333333 319.867982
303.109988571 287.44502 274.642038571 261.839055 249.03608 224.24231 188.833897143 184.25745 192.914075714 202.366671667
208.026121111 253.476441111 279.849157778 285.110002222 289.034185 291.245425556 291.764048889 294.160774444 305.126721111 310.204227778
225.478001429 225.478 219.012898571 210.049394286 200.57721625 208.44919625 243.207657143 282.470237143 324.43908125 336.634482857
321.281551667 297.400667143 270.296455 246.155328571 225.962201667 200.223436667 167.828831429 131.719265 99.7713871429 91.9624033333
209.157 209.157 209.157 209.157 207.831774286 186.744385 167.104538571 173.182742857 193.873185 216.781148571
226.353038333 235.693407143 246.844525 256.991136667 268.152404286 280.621871667 288.055973333 288.167171667 280.993888571 261.218821667
261.536445 264.50406 268.116834 271.72959 274.82624 277.9015125 280.36671 284.781102 287.5597225 287.120825
279.784445 277.269288889 280.96827375 284.18558375 268.037844444 220.33849625 164.57936 116.082435 97.4581233333 97.4884
