292.69299 292.69299 291.024498 279.76213 273.404622 280.46776 298.947858 318.3574075 327.961524 334.8111025
329.71637 302.40033 279.292654286 264.012241429 223.9175475 192.95307375 179.142135714 171.089098571 164.4816725 171.061628571
198.529114286 229.53802 255.047016667 280.556008571 308.384008571 333.892091429 346.755664286 349.458765 350.517064286 338.374538571
322.418206 308.0416575 292.744324 277.53002 264.695002 251.51548 239.554656 216.0592575 195.721626 191.21602
196.308018333 214.023196667 236.794934286 265.978423333 287.461001667 303.011235 308.568416667 308.387891429 308.080943333 307.787186667
307.974738571 311.97295 320.94007 319.71638 317.354294286 316.375957143 315.22602875 315.801974286 318.32111125 313.793807143
278.31973 255.361498571 235.923741429 224.255747143 222.237331429 217.847787143 183.666078571 144.696717143 140.17907 146.706998571
160.789532 170.15149 177.75637 191.122521667 198.920086 200.60347 197.143201667 189.894604 187.80344 199.52087
225.077131111 252.445287778 279.764156667 306.941173333 316.47539 316.8555825 318.49725 318.686777778 323.55228 321.42251
326.119135 334.478923333 342.900646667 351.322376667 359.603733333 363.731015 357.492783333 339.32692 309.514083333 275.661116667
247.931 224.796446 208.442982 196.937336 184.472095 177.1443 175.737986 178.16829 186.30007 208.998526
232.135673333 247.635716667 253.3031025 253.60629 253.55882 253.464566667 253.04366 250.944085 247.248226667 241.676333333
240.989966667 274.424193333 322.463995 340.938268333 340.448785 326.45961 293.866631667 251.149285 213.348508333 191.40794
186.1861975 189.09145375 191.618873333 172.7715225 145.2648775 131.5411625 129.109075 124.25959 137.72688875 182.7336025
