292.274007143 291.83829625 276.543227143 244.42395125 229.84931 221.531981429 213.36406625 208.618464286 209.871375 212.912614286
220.750612857 240.805368333 264.697632857 287.366705 295.682948571 296.480881667 296.848635714 298.527483333 302.158701429 301.07257
295.8018 301.3448 307.009844 300.998395 281.164532 255.916316 227.085343333 207.306842 200.56116 197.008424
199.531012857 232.25916 237.205945714 225.040492857 207.949445714 194.873483333 190.395734286 183.544772857 179.973397143 120.833691429
73.4344014286 86.58410875 163.880835714 191.273671429 192.5843625 187.12237125 186.180708571 203.401588571 233.3769875 245.517411429
229.927888333 205.620386667 187.004074 199.562428333 294.796585 332.069701667 331.985295 330.602484 330.716001667 331.095986667
327.419215714 306.245235 279.539297143 252.989605 225.903157143 186.617397143 176.15188625 187.420348571 214.54782125 245.927741429
270.302728 287.586975 300.145898 310.153978 321.14923 328.256005 333.184386 335.985156 335.51858 324.80488
300.322715714 287.77575 256.57125 204.38014875 165.691334286 143.587891429 139.1386475 162.103715714 195.671935 200.182611429
225.287008 225.28702 225.28702 225.28702 225.233266 223.8240975 219.400526 217.914754 218.8957275 216.071276
205.522543333 208.061733333 215.811778571 223.202081667 224.430556667 199.270066667 162.362053333 144.826975714 142.318676667 140.530916667
140.619743333 145.286756 150.252551667 154.342548 156.294896667 158.147515 160.403954 161.862338333 160.967108 155.425518333
175.099455556 218.0567875 223.168116667 191.43852625 187.60758 185.387426667 182.76101625 195.604645556 228.5993625 245.509546667
215.585205 164.592243333 118.151796 83.0347966667 180.269173333 324.952696667 325.259683333 325.761922 326.319721667 321.922745
308.347071429 292.42435 276.501638571 260.57893 234.920244286 194.368565 170.725858571 169.361987143 188.126285714 212.889922857
230.2276475 246.32231 260.1667775 267.749188 271.7062775 274.1627375 275.252606 276.2110225 278.506526 279.3869075
280.12337 283.376298 290.07519 296.977106 303.879033333 310.295264 311.929311667 310.367626 309.860595 310.551342
313.211662727 300.218090909 249.856168333 179.299872727 126.317984545 119.018884545 121.409296364 130.908384167 162.79554 197.709052727
