231.87724 231.220581667 230.322766667 231.549161667 236.881331667 244.466006 256.709818333 270.07391 280.070923333 283.692886667
284.072796 286.675366 298.4356525 323.559794 348.646058 355.177126 354.345928 349.1872325 334.50271 295.050494
252.215276667 241.149002 231.454726667 222.867511667 217.932345 212.477578 208.326546667 215.732828333 238.711844 247.168441667
246.697076 245.523386 244.47635 243.782924 243.145928 232.975824 192.19611 166.0639175 152.297654 143.181258
150.04150875 186.87582 216.8542825 245.204565714 273.55483625 301.905108571 323.1255375 323.297098571 295.6131375 262.935124286
249.415055 257.55784375 286.52372375 316.92886 338.84479125 334.06659 295.26171125 245.025835 196.19325875 184.3902025
203.653572 227.149552 250.316326 260.925824 260.529632 258.62008 258.623858 261.071144 265.00113 261.23296
229.56348 218.429016667 214.549011667 210.66902 206.789018333 202.678626 188.195633333 164.375638333 165.024556667 177.666493333
182.207643333 184.407256667 185.702336667 185.780953333 184.815066667 182.895733333 180.937393333 178.99376 175.280476667 171.793026667
170.984832857 171.441417143 169.242751429 163.774554286 154.780561429 141.027553333 135.00952 135.670024286 142.485478571 171.297052857
203.61948625 246.642725556 281.28365875 298.52780125 279.86648 234.456205 180.43551375 144.1261275 150.745573333 170.66381125
237.136995 237.13699 231.922705 211.1568975 200.727744 194.8782625 191.198075 190.5426175 190.43106 190.6601425
191.358515 200.263788 218.025248333 236.079002 247.283386667 242.444028333 213.707452 188.654193333 176.59922 182.910815
197.810572 205.805353333 214.644104 222.480948 227.734373333 220.400518 201.819428 194.849226 192.041208333 188.459578
185.0798375 180.433606 173.5475 162.441915 153.931784 151.7025825 150.8638975 150.5807525 151.152138 150.6456525
152.167578333 178.115997143 198.8807 221.970901429 246.989483333 253.094221667 253.4787 254.937758333 259.288098571 265.18508
266.827976 266.916312 269.154332 275.50332 278.626424 277.9375 271.540758 266.175874 263.470588 255.390556
246.480573333 241.13005 234.200956667 227.585236667 218.796113333 201.01548 183.045613333 167.443946667 155.474943333 150.65841
156.6799775 162.8402025 160.6327 158.10520125 155.12428875 142.7684275 131.873985 138.604528571 147.56537875 166.4462725
193.364545714 213.079288571 239.88264 239.495028571 210.999252857 172.271258571 150.889317143 126.509254286 116.403381429 116.367
