389.399015 389.39902 389.39902 389.39902 387.835742857 378.141011667 363.518491667 342.949555 309.051805 260.400275
219.120732 215.634314 217.68228 212.793562 192.109868 166.803782 148.648088 142.335128333 140.463972 144.994582
157.078718 162.131796 165.0856 168.039396 171.292755 174.008188 182.737598 192.001972 196.767952 201.268794
223.409978571 256.950961667 268.53337 269.272076667 269.899258571 271.148777143 273.251723333 273.97923 274.515661667 277.636921429
328.4710375 329.380806 331.74421 336.180662 336.0608275 328.6489275 317.390224 306.3449425 297.586952 295.386215
294.301836 289.348582 281.67713 271.792334 260.054548333 248.8391 238.641172 229.177082 222.201814 216.901474
207.839071429 195.892626667 193.586661429 188.717898333 182.511644286 186.685165714 196.617755 205.100965714 229.371026667 248.549731429
258.776696 270.86399 303.74792 331.8272225 336.535162 333.201294 323.5826475 308.438388 288.3469975 249.29604
228.433873333 228.046203333 227.0566325 226.311623333 224.505056667 219.90925 215.137503333 212.5697075 212.568753333 213.932336667
216.017801667 217.705883333 225.225875714 244.358695 260.753665 265.416138333 256.27959 240.905834286 223.405833333 201.339596667
200.415097143 219.412001429 245.56893125 270.681098571 285.169468571 290.904794286 293.747945714 294.12488125 291.963514286 288.657517143
277.04999 277.04999 277.04999 276.035225 262.552944 245.741375 231.147295 216.9918775 203.949738 193.1721625
189.24422125 189.8688825 191.2288975 191.57086625 184.87652125 180.824567143 183.9262525 192.08376625 203.91714125 214.69820625
226.428618571 253.875841429 280.016026667 305.619332857 318.790335714 315.501035714 311.060402857 307.454196667 308.726004286 309.260575714
308.968796667 315.822156 329.065536667 329.39541 324.517828333 320.275016667 320.07314 320.70307 319.163508 316.687435
307.202862 286.611395 264.355364 244.572212 222.316178333 200.06014 179.398942 150.45096 134.159331667 139.364444
158.60099125 178.447751111 196.37998625 212.64353125 216.363711111 188.5228675 154.72550375 127.67621625 93.7662222222 72.125865
