309.271 309.271 306.11047 280.247978571 255.3542375 242.271411429 233.252204286 227.312397143 225.356981429 230.1121
232.70288875 247.9162175 274.9138 302.17351625 328.8647725 336.89197875 337.3393775 334.400657143 335.78075125 333.4684
330.771174 339.114474 340.61222 338.117358 335.272344 333.184118 332.73288 333.274038333 333.147042 327.942634
325.590945 329.830393333 335.695172 341.487315 345.75365 344.752415 340.893118333 341.150348 342.432023333 342.728976667
335.722961667 317.04856 292.644266667 268.077058333 243.50983 219.838561667 201.874941667 188.946848333 188.084656667 187.920681667
193.513354 210.574793333 211.47604 206.04884 199.961124 196.96669 195.563935 195.29375 200.282015 214.779932
223.797271429 238.612603333 263.497174286 288.556508333 313.615844286 335.984986667 340.97549 334.812886667 308.893792857 270.166083333
230.410076667 233.056183333 242.727506667 245.748686667 237.366778571 227.28624 215.102698333 207.502705 206.014858333 199.126806667
191.94428875 196.927322857 203.4504025 210.47527125 215.20761125 206.509481429 194.283845 196.3413175 224.156598571 253.9577825
268.90116 290.217916667 307.65536 310.179718333 303.907396 279.205998 244.037685 215.132562 199.841413333 193.917806
200.769861429 238.875388571 265.185515714 267.387951429 265.113917143 263.146052857 263.690421429 268.966255714 272.910748571 270.780692857
378.15399 378.15399 378.15399 378.15399 378.15399 378.826552 382.700288 377.139628333 342.691262 298.43777
251.316058 225.7222725 216.613404 212.5613925 210.454062 211.560182 217.4148775 223.114942 220.78518 213.91685
218.246743333 241.529948 269.077091667 296.627516 318.415816667 326.772788333 327.690576 328.991205 333.1669 333.52358
255.173548889 189.828605556 226.884107778 218.918074444 184.707617778 178.096442222 180.394318889 190.052002222 204.803497778 214.766164444
205.049946 204.673428333 200.032264 192.993685 189.789118 189.60058 203.889596667 236.537948 273.072038333 284.628504
283.011846 274.91422 259.792998 245.631356 223.423738333 186.616 157.150704 146.949682 155.54949 167.452502
173.00354 176.01883 176.7381375 175.7708 173.111075 171.51492 169.627395 164.517476667 160.1824475 160.653916667
173.244371429 194.211611429 214.855812857 235.50001 256.212222857 281.706928333 298.957801429 298.802135714 297.446128571 299.945925714
293.149206 253.239666667 198.449781 148.534361111 135.481876 137.283733 142.034013333 151.86678 180.754741111 204.75351
