213.484621667 221.66901 221.66901 221.66901 218.664655 203.152503333 196.126288333 198.032903333 204.875465 218.000313333
241.627823 262.377968889 297.129706 310.224613333 298.191555 292.083212 291.903506667 292.483453 294.666071111 295.403978
293.5950575 300.71607625 313.503997778 326.3097125 336.9892225 339.6643825 336.58713 334.667866667 339.04999 335.015995
306.356577 270.070799 240.314807 200.675393 166.792456364 165.346591 165.791306 176.799944 192.313144 213.835041
217.358378571 237.74268 271.879515714 304.21842 314.964118571 314.342565 314.456387143 317.527006667 316.003491429 302.198651667
309.500154 322.247045 323.17229 320.62248 318.970508 316.924628 314.617095 315.226524 316.665405 310.768652
300.425165 305.237213333 315.28309 318.170836667 307.96484 298.618092 297.458345 297.881298333 298.436855 299.091246667
296.397955 294.988841111 293.68543625 292.44596375 273.772786667 211.35677125 177.5537575 150.50918375 179.050533333 219.586445
206.683776 208.491392 207.94535 205.17364 203.58732 204.782786 212.756732 227.62715 253.737384 286.257066
306.326466667 311.51057 310.006158333 307.811635 305.257355 300.335914 268.960035 224.822325 216.201712 215.695133333
210.602018333 213.096178333 229.137717143 247.0486 262.901588333 270.193953333 269.02734 268.166148571 264.376726667 245.183428333
246.71978375 252.86712 259.074145 265.281165 266.0485075 260.215955714 258.6972 261.65836625 267.104865714 262.06717625
246.8082625 247.144037143 248.3576075 249.395598571 232.7501475 203.539785714 199.1784725 209.682871429 239.307225 273.200511429
285.319838333 302.182531429 319.54207 335.323475 350.008284286 353.52304 333.644248333 305.758733333 275.583287143 250.579326667
235.268558333 220.244398333 203.253473333 193.005491667 184.012898333 178.870563333 175.579781667 172.18526 174.145011667 182.520671667
192.068486 205.108402 227.04289 250.438 276.757496667 299.508148 312.400708 324.544258 327.09546 317.423346
281.063488571 261.388418571 245.884391667 210.133261429 179.640004286 162.016732857 153.103074286 158.618975 187.301611429 205.615495714
193.017168333 191.565701429 197.706068333 204.397735 208.433385714 198.286656667 167.072943333 140.522445 85.4371842857 66.379755
75.770896 95.0876583333 114.791972 132.306916 152.011228333 171.02597 186.156972 197.68124 216.145416667 232.82077
235.491682 235.369935 234.319508 233.108331667 227.352126 198.805948 168.959295 146.764418 142.08489 148.546968
176.957435714 190.082625 188.172605714 176.55422 165.928074286 155.487891667 139.660942857 100.131274286 110.072338333 173.171144286
