143.431000,143.431000,143.431000,143.430750,139.709332,129.154650,128.059432,133.492384,140.475568,143.135448
143.009952,142.725820,142.677903,139.664452,132.511728,128.274970,125.900447,124.525334,126.122707,130.344248
139.659365,153.085398,158.413388,157.469672,158.245790,162.042587,162.834307,162.014503,156.958875,149.530160
141.575498,133.088505,122.551754,112.038083,106.034608,103.149525,102.019810,101.505530,100.424588,100.093035
102.957044,113.695872,126.253050,138.769740,147.872948,148.885718,148.637292,148.528264,150.175026,151.820068
151.981527,152.077043,152.177369,151.571059,145.771937,144.418659,146.660806,147.455104,145.969553,137.781537
136.562607,137.930697,130.612716,124.153140,120.800933,119.987628,120.676725,121.842292,121.405210,120.012348
119.562406,118.647794,115.479150,112.458286,108.362600,108.074382,109.316468,110.835075,110.529430,108.757906
105.413568,103.417952,106.135062,106.004177,104.161390,105.534384,109.671153,117.474868,126.927243,133.889676
143.431430,144.912565,134.279613,120.854627,112.389723,107.168654,108.913972,117.914976,122.828088,121.081726
114.050606,108.781298,104.468332,102.983466,103.382752,105.491016,109.345334,113.446204,114.817318,113.833650
112.912370,114.025420,120.329852,124.574178,119.886884,111.852392,107.414850,105.901570,105.886000,88.238333
113.088003,113.094163,113.185118,113.286873,112.871040,110.851830,109.308628,108.956073,109.553043,112.178090
118.398089,127.468456,136.538823,145.521979,149.663300,138.819804,134.663295,134.342920,132.864881,129.524291
130.927322,133.930530,137.002270,137.894378,132.811840,125.067884,123.885588,124.263640,124.678274,123.553720
120.840295,117.590838,113.946587,110.352514,105.822003,97.592226,95.545473,96.251392,99.446970,100.181580
99.763278,100.451233,103.959350,108.801750,113.356754,115.375794,114.977037,112.871638,111.254792,110.800204
110.762143,112.583475,116.586327,115.796598,111.901587,110.019987,110.007000,110.007000,110.007000,110.007000
