137.549625,134.795268,121.895225,119.301243,120.707128,121.259114,122.346725,123.675973,122.651002,121.405130
123.997232,129.592005,129.565300,124.688788,120.517310,118.379535,119.567382,123.641022,124.449262,125.483308
129.107794,130.810066,123.217840,120.254886,122.759323,132.527894,144.815650,144.507044,120.613857,118.880006
123.141300,120.804840,117.263127,112.786105,109.793897,107.363145,106.337940,109.207868,119.989892,123.498823
121.569834,117.760702,113.365550,109.702422,104.574092,102.098924,101.973138,101.501863,100.683576,107.648904
123.083424,132.969078,138.852420,143.112325,147.065132,147.272592,144.248150,143.288990,144.698792,144.152096
138.486928,129.691452,123.080882,116.499547,117.067505,121.654833,131.713960,142.504770,143.018722,142.385330
143.240386,142.703950,133.336986,126.821222,125.483852,124.759000,124.640400,125.009736,125.483346,126.244378
127.985005,132.819808,142.027832,146.590088,146.330340,142.858790,140.070065,136.350748,129.557862,122.452793
113.560131,118.378467,118.515982,113.065399,107.733232,106.071633,105.558380,106.059548,106.159000,106.159000
147.255167,143.924812,137.185512,135.592260,140.977298,145.943548,146.257113,144.523178,141.374275,136.610118
132.481458,130.026770,128.033093,125.853273,124.041480,122.312210,120.007593,118.408363,117.154395,116.218190
115.283034,116.779234,121.222212,122.268384,117.371270,111.798804,110.220806,109.020505,105.916838,103.844188
104.067374,105.193295,106.493152,107.830373,107.974562,108.213628,111.690765,115.941918,115.885672,114.230728
116.088768,124.190132,128.760020,124.378816,116.130332,110.212180,108.302882,106.077737,105.113580,110.608847
118.294822,122.917012,123.606820,118.610738,113.562220,112.881023,112.849382,112.985288,113.039542,113.557978
117.901897,129.037601,137.882182,137.307713,134.339076,134.340337,134.615142,134.619928,134.098957,133.276170
130.013487,124.390161,118.673460,111.076670,99.852669,98.522185,102.205070,109.265392,119.672713,123.566202
124.090219,120.096547,106.007474,97.269356,96.388609,98.375959,103.196789,110.926009,109.568143,107.532001
