134.897993,134.897990,134.897990,134.744594,131.455157,127.851486,126.508780,130.787386,134.581230,139.348584
148.861232,153.994710,152.258550,149.092004,147.700110,147.329608,145.989900,144.400037,142.957812,141.771675
139.740182,137.629312,132.929836,125.368384,122.467800,125.146995,129.740800,136.520002,142.764000,149.007996
154.545828,156.069665,155.471594,154.508267,154.902193,156.130838,157.223433,158.834624,159.098678,158.243957
156.495462,153.574053,149.836218,145.649322,140.495847,127.980943,119.766145,118.878590,121.845960,126.522848
127.151250,125.408210,120.168386,116.313227,115.199138,114.231482,114.142216,116.237710,118.664732,121.392810
128.201413,137.575038,146.948742,156.166217,160.036167,153.053554,148.439767,149.668682,152.993877,154.159158
152.248376,147.720462,142.728073,134.419622,125.119189,110.065683,96.104113,94.956600,94.956600,79.130500
143.253010,138.926683,124.397278,114.542540,108.462600,102.402835,99.336290,99.156977,99.530672,102.669048
107.727210,111.785820,112.866597,112.152964,110.428922,109.086917,108.355630,108.620065,109.893140,111.362733
112.186722,112.872658,113.627186,114.381718,114.985727,113.398497,105.838965,106.777084,113.367373,122.378750
128.340920,130.456717,130.840392,130.037408,124.151822,116.500136,115.444798,115.878670,116.311690,116.524836
115.601264,113.265213,110.506129,108.958096,108.795694,109.285658,109.981801,112.163073,114.432502,117.248979
117.402520,115.661460,114.440943,112.938627,112.094125,112.062562,113.200378,114.629563,114.763000,86.072250
116.056426,116.089448,115.045386,113.773525,113.619070,113.647668,113.730968,113.564804,113.364293,113.330132
150.361664,156.891010,156.891010,156.891010,155.177426,144.678170,132.720800,129.772756,128.794074,128.596804
129.061942,130.835625,132.872996,134.684006,136.224613,133.546796,123.354070,115.390554,111.680255,111.502006
