131.593990,131.593990,131.593990,131.593990,131.558724,129.892912,125.999998,125.666147,128.320404,134.351372
138.100787,135.837574,129.482003,128.523597,131.827264,135.314641,136.810677,135.102006,133.512626,137.265694
140.354716,143.839244,134.487936,123.193704,110.478815,100.883965,98.034429,98.739373,99.524536,99.819307
170.526990,167.487818,145.265523,138.441110,139.554612,144.307488,145.985660,145.694717,142.082461,139.962011
134.388307,126.263968,119.391114,109.255605,102.829518,104.430378,107.469640,111.225400,119.100973,125.915427
129.249910,135.180700,141.298507,147.404166,150.846991,142.862587,139.860614,141.606674,142.530786,141.602894
136.067916,128.967450,122.088750,118.424919,114.465426,107.111297,98.351750,98.494807,99.878700,100.423127
100.406532,99.248615,97.610392,97.609966,99.115214,100.941205,102.903374,105.765548,108.269960,110.774370
114.352097,118.287590,122.223089,125.360261,119.414390,111.839962,110.194259,111.154866,112.346667,112.722821
116.163619,120.525214,119.176199,112.405273,108.868951,106.423347,105.761186,105.455534,101.856871,100.520411
127.165004,127.165010,127.165010,126.811078,118.638286,110.231848,109.070542,108.351150,108.220205,108.897530
110.973930,113.455677,115.640998,115.934070,113.200270,112.289024,114.993157,121.352085,131.192398,139.182400
145.923740,151.167002,156.410266,161.653523,166.422392,168.332435,167.386306,162.570263,154.625648,150.786670
143.611904,131.541550,126.058532,114.738694,103.200899,103.119167,110.819717,120.490248,130.901501,140.015684
150.541558,148.786988,134.145356,128.154798,121.993250,117.420722,114.235430,112.553452,111.689335,110.116870
107.312318,102.250313,100.403028,98.890574,97.696432,98.107000,99.650450,102.302488,104.631375,108.757620
113.911668,120.833824,123.310675,115.698254,105.280502,98.920538,95.666085,95.360648,96.753978,98.411244
100.252651,102.278200,104.299367,105.671175,103.513583,99.187317,98.659773,98.534902,98.319933,98.055565
97.743136,97.382635,97.022132,96.672757,96.591603,95.569341,94.998982,98.441052,102.378825,99.093761
