154.810000,154.810000,154.810000,154.578191,145.986416,140.584763,141.355249,144.288969,144.749849,144.186833
143.425868,142.767640,141.502515,127.967010,115.321433,114.291970,118.663918,127.652120,137.090557,143.564326
149.872222,160.493257,171.232610,176.112883,162.653606,153.299556,155.152427,157.336931,157.977487,156.666684
152.482427,149.186848,145.891280,142.800748,131.685797,112.153613,107.903222,108.434528,110.408554,113.249653
121.607693,131.978998,141.760318,145.064152,142.153058,141.559007,141.859055,141.747580,140.182560,143.010002
188.526017,194.651027,125.108307,106.739490,104.794548,110.121252,118.138462,126.486450,129.769700,133.327122
134.525010,135.087735,135.582932,135.659238,124.701787,106.820645,96.682005,93.964718,96.464538,101.438023
105.944192,113.092938,122.447460,128.754067,131.949950,133.510550,134.413152,135.214022,135.664333,136.165292
136.989300,137.963135,139.083668,139.715875,132.617943,120.922195,111.842988,104.709133,100.694010,100.243603
98.943085,98.281915,97.787182,97.944563,99.432455,102.735935,110.139278,117.802505,122.927202,122.076905
133.725010,133.725010,125.537092,113.075982,112.137190,112.110800,113.676408,119.892775,128.368452,137.734565
145.300928,149.705110,148.883834,142.527870,132.278393,117.594378,113.418293,116.096260,116.100168,116.776380
127.126188,136.258088,136.845463,134.625682,134.651752,136.141828,136.792516,137.430307,140.302770,143.511326
147.429730,151.874288,156.318844,160.749690,163.907528,159.425770,140.377342,136.033050,136.453763,135.854526
133.113088,131.874496,130.815872,129.757244,127.439298,115.707407,108.442456,106.805750,105.300766,104.050170
106.088389,110.297769,114.566943,118.836117,123.069717,125.394707,123.741464,119.203253,117.796167,118.173381
122.588461,124.076816,131.744960,133.509596,134.418987,135.439829,135.673506,135.667784,134.267864,127.542177
120.969195,115.556564,107.204443,99.750024,98.352000,98.352000,98.352000,98.352000,98.352000,98.352000
107.211294,107.772010,107.772010,107.692425,104.216339,100.381165,102.547594,105.322318,105.368000,105.368000
195.754000,182.879520,120.899522,104.570734,103.271256,102.894360,102.834920,105.167718,111.375898,118.749148
130.669860,142.312520,144.379334,137.015573,126.448037,109.828523,103.211191,104.627239,108.895396,109.744257
109.519410,110.495408,108.726536,101.490792,97.826307,98.228238,99.808632,102.289202,105.867433,107.801295
109.970473,114.083265,119.272003,119.179870,109.658593,106.706265,104.534720,102.248011,98.986098,99.015657
101.781893,106.043877,110.112732,117.484337,122.113625,123.635235,124.327729,124.475767,124.553127,125.082623
126.102129,128.228566,130.512387,132.465766,129.413287,122.175128,120.781957,121.458774,122.239753,121.820266
