135.584000,135.584000,135.446698,131.753344,122.567550,116.761768,112.370670,110.923960,110.932432,111.404448
112.017062,112.896676,113.909214,114.922960,115.855318,116.180866,114.815102,111.412504,110.013236,108.080726
140.889010,140.889010,140.889010,140.889010,140.247942,138.822198,137.328398,136.868253,136.793944,136.638500
136.588288,136.477818,136.364846,136.240168,133.605932,126.546952,126.763097,132.184980,138.416570,145.574384
150.303714,148.045412,137.699467,122.626991,105.064075,106.918875,112.434141,117.991130,121.086920,119.453669
116.556244,111.497659,107.816504,106.052374,105.035149,103.962865,106.385406,106.862000,106.862000,106.862001
148.223010,148.223010,148.195790,147.269364,145.467194,145.584930,146.562866,146.741654,145.410054,139.637590
135.502800,132.882818,130.331263,128.620886,126.423375,121.969477,118.232250,117.245458,117.200916,116.599375
113.128179,112.425059,112.436050,112.446504,112.457850,110.912792,107.761670,108.329121,114.806981,128.269859
132.165514,131.697696,128.052443,122.565704,114.059516,104.461392,89.020274,82.151363,81.992310,81.992306
120.476006,120.476010,120.476010,120.464674,119.395332,114.653650,111.741302,111.306000,111.306000,111.306000
132.100010,130.223958,118.405030,110.297608,109.110132,108.753934,110.885982,114.404045,118.137502,122.014553
126.250590,128.323252,123.973128,119.230473,119.444322,120.096610,120.259548,121.644250,141.015620,180.066185
193.653777,163.651184,134.502987,129.543686,122.543017,120.833653,121.066768,121.379098,120.907384,118.851210
119.230352,120.334938,118.373012,114.841458,114.744554,115.152618,115.573202,115.766122,113.818590,110.091352
111.725134,114.430767,111.658298,102.984500,100.975666,112.137420,132.779438,138.489048,136.322758,135.549000
