-2.647191341648268970e-01,-3.257781188952532103e-01,-7.909392841222775417e-01,-1.037957086934459205e+00,-9.903072949554434512e-01,-5.914045320746025292e-01,-9.750464604344645514e-02,5.228110611951596320e-01,1.550794076476900374e+00,2.025004959518271530e+00
3.591445745925280764e-01,6.628706152491341541e-01,1.293513358223007614e+00,1.437324362043161941e+00,7.326711004465956689e-01,-1.514635089677443813e-01,-1.222227642482908827e+00,-1.410382215381938309e+00,-1.166643950548069464e+00,-5.348066931737758267e-01
1.051571567897130910e+00,1.108545250056345743e+00,1.177275951384059827e+00,1.188452519941831209e+00,3.063128167276177871e-01,-6.875838967602897478e-01,-9.793834213551668721e-01,-1.073988421565465812e+00,-1.039287849939358521e+00,-1.051914516386702747e+00
2.440987406049050512e-01,1.016404953630362318e+00,2.016730890379453633e+00,1.053994390399682235e+00,-1.374574006358874612e-01,-5.425831282520733323e-01,-1.047895073951057743e+00,-1.044568744378938430e+00,-8.415967750646278223e-01,-7.171278527318154516e-01
1.983863534299795006e+00,1.528102472071501738e+00,4.888418451657060015e-01,-7.590568412208473746e-03,-2.617150676995490532e-01,-3.811263518327349109e-01,-4.184019357980064968e-01,-5.882849430857278739e-01,-1.114221209689105541e+00,-1.229467775019657871e+00
-3.953976826827904634e-01,-2.474796962149249935e-01,-8.062955162326342906e-01,-1.255478111219583193e+00,-1.195605544837216039e+00,-5.978817917523177039e-01,4.585603212303799303e-01,1.442003236502398700e+00,1.526525532572869936e+00,1.071049252633808013e+00
9.872396583868012776e-01,1.534714316150582070e+00,1.448138086444351824e+00,6.103744145302330004e-01,-1.901204986385424955e-01,-4.701609486517052683e-01,-7.261764921904557690e-01,-9.787797130050939209e-01,-1.127981043168677866e+00,-1.087247779857468899e+00
-1.732060263002577649e+00,-7.681273331104583324e-01,8.590532337658300654e-02,1.018026983950007583e-02,-4.899615642437216700e-01,-5.834541748019295149e-01,-3.055272828711507738e-01,5.225113721544861756e-01,1.366767117692188727e+00,1.893766534967068704e+00
2.226612793763295406e-01,9.706635153894246359e-01,7.779610032931034702e-01,-2.156078857856726927e-01,-1.371228959799001501e+00,-1.422964714723243373e+00,-1.287440695863357076e+00,-3.590022958080255067e-02,1.144330895733038478e+00,1.217525791960178294e+00
1.657125134015897672e+00,1.753489087222232623e+00,6.719211471582259287e-01,1.717491007422969340e-01,-1.486645809161813991e-01,-3.713658382220663134e-01,-7.459551860711539639e-01,-9.755491847489086155e-01,-1.026900120604965272e+00,-9.858495585753646040e-01
