4.269208840999654253e-01,1.294909689544563758e+00,1.457374734719912412e+00,4.349940675094132736e-02,-1.306409311128883699e+00,-1.546351574219782865e+00,-1.024338113145735862e+00,-3.693122106072186384e-01,1.921384036709642695e-01,8.315680903152826708e-01
9.403936368586077177e-02,9.374127884921229503e-02,9.335018778371005632e-02,6.947054937187885360e-02,-4.232853525189901323e-01,-8.587699958229159103e-01,-1.292175381245195487e+00,-1.182118793852954930e+00,1.399025915877914805e+00,2.006722227871481135e+00
3.333044457925276038e-01,3.333044457925276038e-01,3.333044457925276038e-01,3.333044457925276038e-01,3.333044457925276038e-01,3.333044457925276038e-01,3.333044457925276038e-01,3.333044457925276038e-01,3.333044457925276038e-01,-2.999740012132769085e+00
4.530585769505768301e-01,4.364326336431499365e-01,4.134857117095826484e-01,3.904006379869310872e-01,3.679760713397610683e-01,3.523388465256062640e-01,3.366239261710790021e-01,2.459384608062967770e-01,-2.217692873414383106e-02,-2.974077936398857425e+00
1.068468793284098384e+00,1.297492524665511127e+00,1.457487880010840176e+00,7.533392640064084933e-01,-3.057732822349611412e-01,-5.683847028553867808e-01,-5.848596867667971155e-01,-7.325882647143698856e-01,-7.789698260796427132e-01,-1.606212699315695991e+00
-1.534609153672817916e+00,-6.084924262705827536e-01,7.011000236576313549e-01,1.724978866069324823e+00,1.616881123395282893e+00,1.364377459091124789e-01,-2.139758481598720286e-01,-4.997229557919140031e-01,-6.469104176860802635e-01,-6.756869574500726783e-01
-7.454885887445460158e-02,6.701750629554243943e-01,1.462326730130682151e+00,1.821001828244379839e+00,3.641506069577658544e-01,-5.531687735405625972e-01,-7.182881325845654752e-01,-1.206925478047369937e+00,-1.127425371952668343e+00,-6.372976132886414291e-01
1.181728612944558554e+00,1.452409750384662912e+00,1.365174494295407159e+00,5.737690947146394382e-01,-5.165746106118540570e-02,-7.145556389111175077e-01,-1.170324724724010723e+00,-1.097615611208676345e+00,-8.871458978049450161e-01,-6.517826186293431689e-01
-1.797737435574579434e+00,-5.247864161225920254e-01,7.481646555576079161e-01,1.836932363247686828e+00,6.823611398247673154e-01,-1.269690277022312186e+00,3.811547813495624187e-02,5.313213142437188674e-01,1.617206630078972251e-01,-4.064014852971594149e-01
-2.069042452933532061e+00,-1.375390858198282995e+00,-6.751844660380231788e-01,-1.000220469694461031e-02,8.847538720154189962e-01,1.052226187517063982e+00,9.435703642851636097e-01,6.210709572534793832e-01,3.628160634666940387e-01,2.651825373289946053e-01
6.894962074437003263e-01,8.631783276983719944e-01,1.130646658219941481e+00,1.205348716920521479e+00,6.642607227293896299e-01,3.055892944186962626e-02,-6.436149831634433438e-01,-1.219082465134377014e+00,-1.323241662498455540e+00,-1.397550451657511683e+00
-2.447175465345921008e+00,-1.050124644235737703e+00,3.430443988835317759e-01,1.251128405515820718e+00,8.205137576072368821e-01,-2.053221756068248360e-01,6.269978669099392221e-02,4.084119788303015031e-01,4.084119788303015031e-01,4.084119788303015031e-01
1.200606239065969749e+00,1.200606239065969749e+00,1.200606239065969749e+00,1.171751835950512577e+00,-1.826666620968956378e-01,-7.657604622469068589e-01,-9.665222841759095740e-01,-1.056041491319500869e+00,-9.625657103916344104e-01,-8.400139429175744743e-01
1.192511160800177938e+00,1.192511160800177938e+00,1.192511160800177938e+00,1.151822994432003089e+00,-3.562471186488650465e-01,-1.304371622825462262e+00,-1.169132165086830488e+00,-6.541913804441698010e-01,-5.732954527480986773e-01,-6.721187370791557036e-01
-6.334107574570653487e-02,2.993246710879270411e-01,6.342208775887676619e-01,9.553442588576338546e-01,1.063525120277787561e+00,6.107682130278972998e-01,2.081179487554582208e-01,-1.213371144477748409e-01,-1.247326344707171408e+00,-2.339296554694815011e+00
3.332994690796167725e-01,3.332994690796167725e-01,3.332994690796167725e-01,3.332994690796167725e-01,3.332994690796167725e-01,3.332994690796167725e-01,3.332994690796167725e-01,3.332994690796167725e-01,3.332994690796167725e-01,-2.999695221716549565e+00
1.272244699258343381e+00,1.410195738555587219e+00,8.456458215294229142e-01,2.358242943759768784e-01,1.408774949983791214e-01,8.985596733601035335e-02,-6.185227350277905378e-01,-1.657488744072147302e+00,-1.561189693273418611e+00,-1.574428436803694265e-01
