9.644809774354549115e-01,1.616885366345505837e+00,1.415100553932045591e+00,4.023102951729234378e-01,-1.266501520985767182e-01,-4.924619040306646434e-01,-5.915075402323105580e-01,-6.372266637214595297e-01,-1.175512097660261102e+00,-1.375418835142627749e+00
2.207668718546084374e+00,1.422764210883641134e+00,-9.403079105012903671e-01,-1.286225711369809455e+00,-4.484342482057024348e-01,-3.439285169474006615e-02,2.527248142491856156e-02,-3.791735181780945818e-01,-4.433569691127057233e-01,-1.238142017923217902e-01
2.050297428975509373e+00,1.556900273542767277e+00,5.371154241904113613e-01,-8.235571930208711311e-02,-2.507818984531137163e-01,-4.896389884582316721e-01,-7.281845450596448055e-01,-8.561632793553444198e-01,-8.882369720821884362e-01,-8.489517239980747254e-01
1.729280354432237266e+00,1.653689667573976951e+00,8.686005647163697052e-01,5.551581046476640469e-02,-2.145521236854571467e-01,-5.355208125338044578e-01,-7.716497623249949367e-01,-9.276753917237574587e-01,-9.288440594548712514e-01,-9.288442474644800217e-01
1.494712631218513943e+00,1.610571270002327804e+00,1.347359139621927104e+00,-6.249897603444654753e-02,-7.707359742305649464e-01,-8.513146402736053719e-01,-8.912536024584225558e-01,-8.243328909765722523e-01,-5.737940113116526408e-01,-4.787129455574901105e-01
1.543882893819480406e+00,1.742113485744026580e+00,8.476682329661634485e-01,1.290047210041727066e-01,-2.330653244449569228e-01,-4.731710428522920564e-01,-6.359876884457258406e-01,-6.827535575566823223e-01,-8.098333393177713502e-01,-1.427858380916422698e+00
1.708212178019743455e+00,1.836126789807899895e+00,8.641216814797503254e-01,-2.646947628398632069e-01,-5.693785697727238304e-01,-7.037450951044708081e-01,-8.007885212615615256e-01,-7.408827126387120821e-01,-6.570621787093480215e-01,-6.719088089807245812e-01
2.474894340380895841e+00,1.056246902081830363e+00,2.503479486578901181e-01,-4.310256029286228807e-02,-1.830121430785042469e-01,-4.208146499356946180e-01,-7.124971722244618499e-01,-8.485761174500155990e-01,-8.416058505786916388e-01,-7.318806975604743581e-01
1.493462614206707562e+00,1.485637104761130534e+00,1.159269363890549132e+00,5.067151408966686921e-01,-2.589348437613822607e-01,-7.158065088079802463e-01,-8.344346254132848362e-01,-9.006648817989073574e-01,-9.490641861240852739e-01,-9.861791778494216620e-01
1.344411127853269772e+00,1.626762954037327846e+00,9.856482899361628247e-01,-8.559049176797896633e-03,-1.170811199148583670e-01,-3.393122282762217612e-01,-5.679684996716199974e-01,-3.021811374047820298e-01,-7.672752381977838709e-01,-1.854445099184723222e+00
-2.592782430744500766e-01,1.309697538270917727e+00,2.334185597334672568e+00,4.900556065060603372e-01,-5.202223350854849881e-01,-6.366997479444487240e-01,-6.469219115837128165e-01,-6.636434255681679106e-01,-7.007951186993691683e-01,-7.063779601560086219e-01
-2.614076059739109059e+00,-1.088405819172848510e+00,2.304152143369754269e-01,5.123471633631836442e-01,2.800944196165625621e-01,2.875169202986038730e-01,4.043272695110748938e-01,5.546602755983415234e-01,6.673531832273449371e-01,7.657674329598741503e-01
