2.135701551324471925e+00,1.023901991983199533e+00,-6.132454116574684866e-01,-1.196477928580843342e+00,-8.602507300771844445e-01,-2.512081942603101026e-01,9.853440814881199439e-02,5.760970686843596145e-01,2.564759849052590246e-01,-1.169528740470352712e+00
-1.172789503056705263e+00,-1.007553334459236227e+00,-1.006723367586278117e+00,-9.663083301731715258e-01,-5.564382184380992635e-01,1.394028916147439234e-01,8.656374643234846511e-01,1.179911125043036746e+00,1.298384915290238029e+00,1.226476357442008780e+00
-1.377219515005260631e+00,-9.028274574721020240e-01,-8.672891232613714196e-01,-8.062975200132039832e-01,-5.140404978671417879e-01,2.750423375870215958e-02,5.409874393635000223e-01,9.356563189843823958e-01,1.309301127667991338e+00,1.654224993844502389e+00
-7.495638369940453849e-01,-4.931579574581679837e-01,-6.767189263913369057e-01,-9.360399142693015540e-01,-9.470687840503355659e-01,-6.758199588349699249e-01,2.038018668891578011e-01,9.523169820432613175e-01,1.523014996192534776e+00,1.799235532873200816e+00
1.533080964562429260e+00,-2.903767449191769212e-01,-1.379406816442785511e+00,-1.452132802723639537e+00,-1.100385017936114762e+00,-2.896361039270982096e-01,5.988545220424187354e-01,8.424497232491774401e-01,8.284470195604071163e-01,7.091052565343953784e-01
-1.557924751795065343e-01,-4.421423511300836412e-02,-6.289746328361537353e-01,-1.152595269759262964e+00,-1.370813612133507275e+00,-8.140575809573536992e-01,1.302639850250099374e-01,9.304220653188574053e-01,1.536807022651436760e+00,1.568954732983488753e+00
2.103975329536281524e+00,1.687659787608568829e+00,-3.396324147799178322e-03,-6.024421481431635472e-01,-5.546541898805369408e-01,-2.156242299123187489e-01,-2.032222163616276833e-01,-3.420954347420833153e-01,-7.143508030411426235e-01,-1.155849770916183239e+00
2.134366775015077433e+00,2.264179946389826836e-01,-1.437830239741173077e+00,-1.455993822349794575e+00,-2.403851414294855826e-01,7.360052444619614720e-01,5.780991632083032350e-01,6.962479266706413615e-03,-5.100771585671087793e-01,-3.756529450349930382e-02
-5.408268807699821989e-01,-5.936833765833753329e-01,-1.137058084475866426e+00,-1.169471411210334599e+00,-1.465920901459170922e-01,8.084551875970676926e-01,1.355678856607424487e+00,1.654236537995587453e+00,7.239781621847632964e-01,-9.547169011993071885e-01
2.032040163498431973e+00,1.725265446342992615e+00,4.738602398198296650e-01,-4.180597222610686337e-01,-6.599929047456234432e-01,-6.835918940132876820e-01,-6.748625786853660324e-01,-6.918975808032339359e-01,-7.036859729692400700e-01,-3.990751961834416162e-01
-2.842833105947749073e-01,-4.374951317833070674e-01,-9.901603047405959090e-01,-1.081611402773629660e+00,-1.012442873686735911e+00,-5.323056565741964841e-01,1.752122538330861956e-01,8.498035388266588219e-01,1.543964394342098423e+00,1.769318493151406102e+00
7.442031115029289212e-02,4.843376062070547383e-01,8.942530839054984027e-01,2.288934510245554110e-01,-1.556184751343482775e+00,-1.570639975969598368e+00,-9.850527978415372088e-01,-6.448739845903305942e-03,1.022105886200949332e+00,1.414315926512149213e+00
-9.423703980453216333e-01,-6.069119438022487767e-01,-5.816240955025541171e-01,-7.791961405896643544e-01,-8.764742688192120879e-01,-6.379276208630697553e-01,6.613937957358544117e-02,1.019821924982694528e+00,1.704721326296560369e+00,1.633821836769228097e+00
