1.665949133710238561e+00,8.944618608570891194e-01,-1.012732104815541323e+00,-1.507524437345042490e+00,-1.304472919781131557e+00,-5.748577568663703063e-01,4.298837755350106565e-02,4.975044845149644845e-01,6.521496205978878358e-01,6.465337415744248917e-01
2.392482249482909551e-01,2.286216731844461780e-01,-6.231493254137349114e-01,-1.272102677778398583e+00,-1.650626813185567698e+00,-8.594102480912230169e-01,3.605648193665237367e-01,1.074627221418391843e+00,1.209773286825617022e+00,1.292453838725636350e+00
1.937927327359449281e+00,1.596951562832870319e+00,-2.029483911789054518e-01,-1.209819897857491000e+00,-1.157570335934949846e+00,-8.690752378238497666e-01,-2.756766226031076572e-01,7.952827478558087415e-02,1.001408954777167765e-01,5.424249426864351069e-04
-9.346197507265996407e-02,-1.141927199111870128e-01,-6.056729075084883451e-01,-1.176549700236192209e+00,-1.323190723442017935e+00,-8.283051563974316300e-01,7.273528738809402483e-02,9.862334208647018929e-01,1.367659915879962718e+00,1.714744558435232324e+00
2.036405859344045499e+00,1.642940455462198912e+00,-1.971189961201350038e-01,-9.495170174759660631e-01,-1.036574630468491742e+00,-9.343727775690248150e-01,-4.998829967745849201e-01,-6.148138800051541897e-02,6.724384904062534474e-02,-6.764235743810406709e-02
-1.130322421789260456e+00,8.192326352772229259e-02,1.050761239476434294e+00,-1.997104070712654167e-01,-1.157838646572181052e+00,-1.236144831081127382e+00,-6.256087190614949556e-01,3.618181159376205325e-01,1.200863853531115799e+00,1.654258553102449625e+00
1.925786071505706909e+00,7.112174396746994143e-01,-9.890623847622249665e-01,-1.244158187497786949e+00,-1.074728961893480106e+00,-7.543152805028209285e-01,-3.886346599703672799e-01,1.861099687538191882e-01,7.068331874814390847e-01,9.209528072110142460e-01
9.693881011020295535e-01,-3.702437530334924953e-01,-1.337743488648318602e+00,-1.468480003139305934e+00,-1.125435966429974899e+00,-2.192506380893990414e-01,3.727392154771477228e-01,7.943805702380209999e-01,1.037936494696121370e+00,1.346709467827177154e+00
1.563303406941929596e+00,1.194206811590602824e+00,3.651334801541818442e-01,-1.075885555387111836e+00,-1.403328245971605881e+00,-1.337125600844908391e+00,-5.793869285480149900e-01,6.132276690738839436e-02,5.545566768849730099e-01,6.572031882725486440e-01
-5.108552763336020597e-01,2.626688303732860885e-01,1.203546567424177649e+00,3.817191707194828587e-01,-1.468207353798050008e+00,-1.515154690181161889e+00,-7.274482510740332142e-01,7.057307660157612073e-02,6.849088799498859181e-01,1.618249046318452455e+00
1.073503878978428139e+00,4.548942656015182995e-01,-7.009503867880365613e-01,-1.476854220341025314e+00,-1.468220320092850972e+00,-8.123650583209260923e-01,-4.510554129494265957e-02,6.664135744922315974e-01,1.012718480819092326e+00,1.295965326946509455e+00
-2.340738417345631928e-01,-2.340739783161231991e-01,-4.752101367960201994e-01,-1.178381656953229495e+00,-1.212063082153689741e+00,-8.476142419303284159e-01,3.270122752008436384e-02,9.576481320423034793e-01,1.399399841727243077e+00,1.791667736594308336e+00
1.056736463513419544e+00,4.299827222120586323e-02,-1.997931518574330045e+00,-1.730836533407151379e+00,-2.864376118474785682e-01,3.020557635367604465e-01,6.537870396164471298e-01,6.156378512789835167e-01,6.079322461379021991e-01,7.360580275242794013e-01
-8.200477099002494441e-01,-4.058957469732600298e-01,-3.846742867768629393e-01,-1.246059913094847760e+00,-1.277999127424133130e+00,-4.563095735781671491e-01,7.605641408543886151e-01,1.514463823265656428e+00,1.337769628843720859e+00,9.781887647837561595e-01
-3.225081761353209009e-01,-3.498406653838666558e-01,-8.643394943983686574e-01,-1.407317110840576202e+00,-1.037826265447083118e+00,-3.494512211151246661e-01,2.159809137008525670e-01,1.054466155557295615e+00,1.502522519904429865e+00,1.558313344157781888e+00
1.346696564370658766e+00,1.240362626065981910e+00,-6.313101680935760962e-01,-1.666885216704366846e+00,-1.528699547442231133e+00,-4.842944365203746826e-01,1.168087428410221479e-01,4.230814447456542338e-01,5.465211825235212206e-01,6.377188082137027481e-01
1.367674215688219341e+00,1.033841050090615665e+00,-4.460427903560790774e-01,-1.157411965827512379e+00,-1.436461999831883496e+00,-1.137878266167737795e+00,-5.050998716058232585e-01,4.221630080859762324e-01,9.262312217695858330e-01,9.329853981546405439e-01
-2.528787237313886993e-01,-2.528783978292475365e-01,-5.439248914741738883e-01,-1.127624480784130245e+00,-1.147145037955881186e+00,-7.354581794923069626e-01,-1.526350519205564860e-01,8.410776279733817029e-01,1.559612063061232234e+00,1.811855072153080615e+00
1.945955405230804569e+00,9.921414197725976214e-01,2.635277228759704271e-01,-5.778342927922058836e-01,-1.047995141631927751e+00,-1.211884247559915639e+00,-1.010873227137259578e+00,-4.100862707722409128e-01,2.589817526971106496e-02,1.031150456744469368e+00
6.995335956379084008e-01,-1.514062493140316823e-01,-1.478361161034576821e+00,-1.639811861451157871e+00,-9.795338895716309002e-01,-1.354727615197804380e-01,5.051747646603901298e-01,9.869719601857412927e-01,1.096452801203560812e+00,1.096452801203560812e+00
2.079952952349694240e+00,1.800200183557438827e+00,-2.453396978307599841e-01,-8.735199976510138464e-01,-7.710232391877064329e-01,-3.335258550330531535e-01,-1.790517659887437274e-01,-2.058327301934212983e-01,-5.383372811936120161e-01,-7.335225688288277146e-01
1.810115898615763275e+00,1.019314869415765656e+00,-6.748756583767104855e-01,-1.614858263449648001e+00,-1.343271656420660598e+00,-3.500606307507709292e-01,4.198202513890763599e-01,6.941620512270355592e-01,1.466518980710004860e-01,-1.069987597208515995e-01
4.675173067215141476e-01,-1.640221082107500838e-01,-1.101303398850301596e+00,-1.660547154610116038e+00,-1.236616391187352892e+00,-2.444960251618108760e-01,7.128887810909572131e-01,1.263193246477903653e+00,1.265204988598436886e+00,6.981807551315577509e-01
-5.562142554828054981e-03,-1.294982768175897636e+00,-1.596252623092090150e+00,-1.058862828757827224e+00,-4.347566270860746540e-01,2.543696843561370491e-01,7.625792300208135144e-01,1.000652206394090360e+00,1.194357039295699474e+00,1.178458829599985602e+00
7.856099334435188153e-01,-1.446233152021716983e-01,-1.244938958560981135e+00,-1.484751616798293705e+00,-1.114713378564920143e+00,-4.686255704458721638e-01,2.630805559832901097e-01,7.776092972995717334e-01,1.251965538405200640e+00,1.379387514440650220e+00
1.596671949068936947e+00,2.137449527621309908e+00,2.926278555149199878e-01,-8.839918313148276141e-01,-8.971668373639819505e-01,-7.801455435954967044e-01,-5.809461496360668331e-01,-3.180459952267270518e-01,-2.546376204397043930e-01,-3.118153546283572997e-01
-4.633147228920906358e-01,-1.104970718537198415e+00,-1.295830262493195439e+00,-1.085124802630945684e+00,-5.117285085213696405e-01,3.500322385256948721e-02,5.700857533200400784e-01,9.841620552597505345e-01,1.321342820617887215e+00,1.550375162024552500e+00
1.766329971925157505e+00,-7.815898554764669770e-01,-9.373246031400684908e-01,-1.051748826223371930e-01,9.565180095369024693e-01,1.133739210315582779e+00,5.936556525813763141e-01,-3.286439789877316775e-01,-9.509994365821634599e-01,-1.346510087550247370e+00
1.517244815163256488e+00,7.567150730936904601e-01,-4.628697165836753724e-01,-1.364269101719429278e+00,-1.388710430025092979e+00,-1.055272699268003489e+00,-3.315863995638816397e-01,5.400747202351685594e-01,8.442650594967888722e-01,9.444086791711957529e-01
-9.659765128416096802e-01,-6.027235424226234928e-01,-7.301990343593005584e-01,-1.062919266268649521e+00,-8.498942763151959845e-01,-3.415779091364091746e-01,2.952886493605135221e-01,1.219518277318366373e+00,1.450987257839035927e+00,1.587496356825872645e+00
1.185098350439710124e+00,6.928183392517210659e-02,-1.061978945846847155e+00,-1.349269746059637676e+00,-1.190319403485833760e+00,-6.600522869693539185e-01,-1.213809420909689879e-01,5.232475119031197996e-01,1.072838413418664816e+00,1.532535214765978537e+00
4.106677065556247341e-01,-1.705027375402710654e-01,-1.819059750537199482e+00,-1.250548422009895244e+00,-3.244190549835299642e-01,-3.552634245254948087e-01,-9.004030590375111665e-02,7.225383608288062920e-01,1.319957737285537114e+00,1.556669890830179925e+00
7.807290388410540460e-01,-9.108624643809265509e-02,-7.463316855722900156e-01,-1.398679326118303923e+00,-1.342382802926429752e+00,-8.876828348435966687e-01,1.093865359103513013e-01,1.178980994037821084e+00,1.229924329595444510e+00,1.167141997514043572e+00
-1.590837343427360384e-01,-5.268863491575289659e-01,-9.015835718191730352e-01,-1.273932175364414165e+00,-1.132453172578644196e+00,-4.707591147179939206e-01,3.613624453560212446e-01,1.279755942523466139e+00,1.398411012076903548e+00,1.425168718024107273e+00
1.803081427754785970e+00,2.004760322560998453e+00,-2.850806591546024005e-01,-8.899127564570539217e-01,-9.539540699999076168e-01,-7.785611087865077495e-01,-5.145775312528687584e-01,-2.397023782564500494e-01,-1.315944353514596210e-01,-1.445881105693062191e-02
-2.846627529936330836e-01,9.790737120815402872e-02,-5.929633514556089668e-01,-1.239107299859408817e+00,-1.289755995055394511e+00,-8.293329639976007028e-01,5.477722325508779799e-02,1.110762856541976484e+00,1.574227253709135743e+00,1.398147658647278080e+00
1.602896351949907094e+00,4.190546530466330855e-01,-7.041904521396233907e-01,-8.216134964327903578e-01,-2.698440024030206441e-01,4.627765087011887490e-01,8.515439083591405112e-01,8.107864080779565441e-01,-2.683565176246697770e-01,-2.083053361534688452e+00
-1.092592504982967450e+00,-4.859371662016286342e-01,-1.792489850162858056e-01,-6.131489633085505098e-01,-9.780520647007481250e-01,-8.229860102897449403e-01,-1.193571335565533909e-01,9.383800429170078283e-01,1.604347099870478965e+00,1.748595685268967470e+00
7.146045712592703492e-01,7.926343941553606331e-01,1.240409912212674381e+00,1.125098696628603179e+00,5.257206278664260102e-02,-1.786437450278315631e-01,2.191509971387895807e-03,-4.818325998658925524e-01,-1.160447939761158676e+00,-2.106586862359025591e+00
8.102917373738987017e-01,1.052563809466605660e-01,-1.137090985807025056e+00,-1.515394006779512415e+00,-1.045746645597201541e+00,-5.682674298759681220e-01,1.618193326208281282e-02,6.162790960160487996e-01,1.006770330872554853e+00,1.711719589588467594e+00
8.753678703684064644e-01,5.175483606506157616e-03,-1.161141121280464761e+00,-1.588047664780641854e+00,-1.345859343246647022e+00,-3.375456565081235705e-01,4.444061025143501431e-01,9.262435691347751243e-01,1.092241767675973696e+00,1.089158992515855351e+00
1.502612397826445623e+00,1.702057405572624527e+00,1.209667527744746840e+00,-5.463769880880821050e-01,-1.027112655159136079e+00,-9.737702481926675535e-01,-8.146614799857699873e-01,-5.012393595279690528e-01,-3.546956081142978445e-01,-1.964809920758898987e-01
1.461752234107920989e+00,1.788792599456120680e+00,1.128491568875038764e+00,-6.557426012161327034e-01,-1.002738519863452415e+00,-9.536852882775951334e-01,-7.526610712457980634e-01,-5.734260712587142539e-01,-3.793103768030647305e-01,-6.147247377433331245e-02
-5.686783696654910125e-01,-1.505949422000395777e-01,1.645163525705334306e-01,-5.575840527008245340e-02,-7.483714476451517328e-01,-1.399639131973931194e+00,-8.767866805294087795e-01,1.623570991433804789e-01,1.364615682042511713e+00,2.108339843527667679e+00
1.434393712301292867e+00,8.778424391348114142e-01,-8.946570662147528274e-01,-1.370002203265297869e+00,-1.198176820369484918e+00,-8.320940286386242501e-01,-4.003778119167183958e-01,3.945134089016409384e-01,8.046661893128159715e-01,1.183892180754304801e+00
8.858386327519569559e-01,2.138769067023498227e+00,2.003815940437414789e-01,-1.321089696474777364e+00,-1.071030459297801940e+00,-3.575586351721171119e-01,2.662387659779746341e-01,3.468288677987526603e-01,8.535029128334746529e-02,-1.173728427934587648e+00
