-1.953082885606986174e+00,-5.956907595053312354e-02,2.386448573941054807e+00,4.519156789010130293e-01,-2.402193865379958493e-01,-1.631499157376061215e-01,1.531722810104685015e-02,8.270941196391684569e-02,-9.610149133181591918e-02,-4.242681377421022582e-01
-2.201593791587647342e+00,-1.756788427047801582e+00,2.798113463290817782e-01,4.416948618140590921e-01,4.236883915850874760e-01,4.666541758629169090e-01,6.108658119224117389e-01,6.643234061921543532e-01,5.925054535058020821e-01,4.788387714239324411e-01
1.938014158514831609e+00,1.823249589045863539e+00,4.858259610393121375e-01,-3.718596623062754847e-01,-6.647460539266218937e-01,-7.169858424425963328e-01,-6.091734846837313366e-01,-5.555736254247870542e-01,-5.557827558172457882e-01,-7.729682839987148668e-01
9.937759649988254784e-01,9.937759649988254784e-01,9.937759649988254784e-01,9.930700440439639287e-01,7.561400307194081627e-01,-2.010957126544358486e-01,-8.719422354967267808e-01,-9.388321964122541274e-01,-1.138129334220064237e+00,-1.580538490976388655e+00
2.262816183128079750e+00,8.665056312655275983e-01,-1.686786728459439277e-01,-4.303081789288180914e-02,-1.147431034482461892e-01,2.600008883906538837e-01,1.567393733308553028e-01,-4.815047730398425707e-01,-1.320851340137771279e+00,-1.417253368750471143e+00
-6.944127355766370746e-01,3.488431315784084608e-01,1.728200354396683069e+00,1.744600330133431187e+00,6.623071163257909788e-01,-5.714193725633968102e-01,-8.372033212388332313e-01,-8.577224818304312048e-01,-8.035751123026070308e-01,-7.196179089224002956e-01
1.871404095773197662e+00,1.838533103086314346e+00,3.882222137860363298e-01,-2.058346260703259600e-01,-2.517936927394985314e-01,-4.493368073462734591e-01,-5.873360351945153823e-01,-7.731166907147142275e-01,-1.045502083062225473e+00,-7.852394775180345787e-01
-2.439964126001910927e+00,-1.128316671768941903e+00,2.981394697712387853e-01,9.514159829954352832e-01,2.842885251090297438e-01,-2.055858756075328031e-01,3.867215753298820086e-02,5.835968899415636679e-01,8.173115018791206055e-01,8.004421461490092149e-01
1.152175452424835322e+00,1.844898620332762862e+00,1.495919194687177711e+00,-3.126802560202178727e-01,-7.512837957614734163e-01,-7.706334152815742522e-01,-7.337429673254838303e-01,-6.693934770436009707e-01,-6.256357277008458562e-01,-6.296236283115698162e-01
1.459215530146733109e+00,1.376263990598633580e+00,4.585304365875983446e-01,4.663785026140245260e-01,5.256054901938959079e-01,2.344228281828374394e-01,-8.559423436436084387e-01,-1.234151821637053059e+00,-1.231218629144855692e+00,-1.199103983898234249e+00
1.259624553460394702e+00,1.744492924677333079e+00,1.181228750633414926e+00,-6.164377836879513239e-01,-8.133984881206528517e-01,-3.118974540782561977e-01,1.200059842769415630e-01,-2.183641908978310731e-01,-1.074890838492865042e+00,-1.270363457770567139e+00
