8.535598122396510501e-01,4.226986117306635315e-01,9.040933262389527769e-01,1.464151979110547286e+00,8.559920761036786674e-01,1.823353472571267661e-02,-6.820396755553378432e-01,-1.184203175994130275e+00,-1.398337949211355014e+00,-1.254148539388366901e+00
9.969390376162080569e-01,8.834787604909399850e-01,7.344052095127960866e-01,5.158061959700035448e-01,1.915010488949413781e-01,-1.053921718099497529e-01,-1.684461758607307402e-01,-1.749717106893008689e-01,-1.749717106893008689e-01,-2.698348483435599743e+00
6.060235741907469276e-01,1.536613110483172839e+00,1.879569555759068589e+00,3.957915844390975102e-01,-4.329271787145146377e-01,-4.351150264262991785e-01,-6.911537916827907857e-01,-9.527353331481814847e-01,-9.530331045370598053e-01,-9.530333903632470793e-01
1.003226310164034185e+00,1.226742813063370408e+00,8.568225480552280615e-01,-2.889778785800156680e-01,-9.811081454276028291e-01,-1.389681510463655734e+00,-9.390070250806601404e-01,6.235766650206876482e-01,1.061809503542998634e+00,-1.173403280294398998e+00
2.258996936125514221e+00,1.193554243349324251e+00,6.344426072757824997e-01,9.546665686400028494e-02,-3.589014073728152288e-01,-7.291604193767412534e-01,-7.735996542162661971e-01,-7.735996542162661971e-01,-7.735996542162661971e-01,-7.735996542162661971e-01
9.894686158381261754e-01,1.068687757853704401e+00,5.593313282423284516e-01,-5.766919055439186925e-01,-1.353388130970970105e+00,-1.492674599802554569e+00,-9.416548638729885790e-01,-2.259511077738266260e-01,6.070420636742940301e-01,1.365830842355802988e+00
1.631734695561900761e+00,1.529310886321954888e+00,2.295431638456292833e-01,6.917433083569277663e-01,4.277676262240813765e-01,-7.190187286618114904e-01,-1.189355980988831663e+00,-9.320679017641573250e-01,-6.246281557739543633e-01,-1.045028913121718972e+00
-2.014850928540419250e-01,4.756317029252115636e-01,9.345989260651393904e-01,8.087533947652251198e-01,-3.264718856411096826e-01,-1.055966345108385163e+00,-1.432636069301784554e+00,-1.231512159838726639e+00,1.923265600225915750e-01,1.836760968965883256e+00
1.263180152367614273e+00,1.266392209604880303e+00,1.260829751758347772e+00,8.998169262682429448e-01,-4.082758602445026724e-02,-7.121834175625390007e-01,-1.039466503711666601e+00,-1.038956439580394964e+00,-9.703884442362673557e-01,-8.883966488837492514e-01
-1.604090727726865229e+00,-1.208020154134955559e+00,-8.119487653599304355e-01,-6.139122557893056387e-01,-2.178403236132203658e-01,3.762678465144782547e-01,5.743051712682163412e-01,7.723416808388410271e-01,1.168413069613863930e+00,1.564484458388886834e+00
1.860148120501053381e-01,3.003919494085937059e-01,9.482360235684809124e-01,1.384383486909190886e+00,9.027166479950861078e-01,7.709132488370563918e-02,-3.789109326792740040e-01,-5.344157477566312542e-01,-5.360157226262893815e-01,-2.349491841752976651e+00
1.104532342094890623e-01,4.152667167313062735e-01,1.491897447558016010e+00,1.342030096227174285e+00,4.931723381241892579e-01,-6.483154256329251575e-02,-6.109016986394731896e-01,-6.240097150356832545e-01,-4.056636807641720854e-01,-2.147413195847551748e+00
-8.155146460336081260e-01,-8.120091372973240462e-01,-8.046841936692693542e-01,-8.008647587774987420e-01,-6.686767332245744377e-01,-1.943970975131694146e-01,8.176583431073849995e-02,4.774216179596356135e-01,1.319185304126434755e+00,2.217773810118653266e+00
1.199798022398883779e+00,1.662168310432981855e+00,1.465185518035570844e+00,2.619004644898406120e-01,-5.534923036011142328e-01,-6.882950338275450886e-01,-8.153751009018757046e-01,-8.398329043656502790e-01,-8.459466094434223704e-01,-8.461103632176698586e-01
