-8.203929863662555722e-01,5.682935080950897166e-01,1.670506577923194014e+00,1.687981940961303939e+00,5.142531158329606278e-01,-8.264234780672411462e-01,-1.115090539142726156e+00,-8.841614728472726448e-01,-5.851849555782079326e-01,-2.097817108109242545e-01
1.326264950307709078e+00,5.825576620735321010e-01,1.007993296534094085e+00,1.218183978513860621e+00,-2.943177567011445728e-01,-1.577326527376318621e+00,-1.501154501580930667e+00,-7.528388144071189725e-01,2.138660518544193562e-02,-3.074889254913282938e-02
1.342630837685829359e+00,1.825648495418499495e+00,4.526537760362610019e-01,-6.103208859790891783e-01,-1.076831141683979087e+00,-1.103736626592218828e+00,-9.767626670968299063e-01,-6.014841230423909613e-01,-1.930584747831179393e-02,7.675081827322215444e-01
-1.755067190976792535e+00,-1.247347261076164893e+00,-5.472467166308577768e-01,-1.779756239091238590e-01,-3.456259844559461669e-02,1.379931587280384953e-02,1.487401358590652867e-01,5.659224643253775167e-01,1.312291871105077501e+00,1.721445603876234021e+00
1.642345733168903310e+00,1.446141565078208346e+00,1.028156168568746143e+00,3.745069862635641011e-01,-1.977974066473101311e-01,-5.169604235549696281e-01,-6.705750408904929127e-01,-8.793931576723043042e-01,-1.066055840388951959e+00,-1.160368583925399211e+00
6.700157561264725725e-01,2.399677251869644992e-02,-5.567927937190471355e-02,-1.029362586228606269e-01,-3.700013610469465308e-01,-1.365377406334109311e+00,-1.472771898253724343e+00,-3.528387098147798273e-01,9.405773433266423345e-01,2.085015041472550124e+00
8.982904135819737013e-01,1.220853580420571793e+00,1.279346541942277149e+00,1.156927821227127229e+00,2.596429451558827095e-01,-9.068921640946869811e-01,-1.067783425496921845e+00,-1.001637545466258272e+00,-9.356216330245191726e-01,-9.031265342454636302e-01
1.394592475383831465e+00,1.192714727291965371e+00,9.699258475334534557e-01,6.341367922546532476e-01,3.852070898174624891e-01,-1.979362101664243201e-01,-6.672689602365157180e-01,-1.035732156736377307e+00,-1.313047692346030804e+00,-1.362591912795994009e+00
1.804089200663819836e-01,1.140004034047696235e+00,1.654312756975276244e+00,1.030271559039482643e+00,-8.169814215699898463e-02,-1.003858949417883561e+00,-1.308167385884980494e+00,-1.293617469363849137e+00,-6.138064534322688059e-01,2.961511301271311791e-01
1.213525352480087971e+00,1.306632547079572326e+00,8.892938056152747128e-01,-7.125523701146930788e-01,-1.510765943634730046e+00,-1.525611344266548430e+00,-6.832763319273639224e-01,9.708209778778827126e-02,4.562202722126027510e-01,4.694519147680191740e-01
-2.909160054581000909e-01,1.202280914337152229e+00,1.033679694709214392e+00,-2.748442163636163893e-01,-9.241837270030980322e-01,-1.176341919844795081e+00,-1.252587117090519842e+00,-5.852601235951121472e-01,5.874385299192402821e-01,1.680733970389606924e+00
-2.203264529408469841e+00,2.197007677416575877e-01,9.795350966682834226e-01,-1.513000175528336766e-02,-6.348917085864398402e-01,-7.636228173311880862e-01,-4.730709238881178891e-01,6.734850906719423991e-01,1.177507720793496748e+00,1.039751305094049894e+00
5.732819354373048792e-01,1.120801959878908072e+00,1.283861893549645528e+00,1.217014055604733747e+00,5.490123382216348658e-01,-3.661507108411751754e-01,-1.099113032511709775e+00,-1.240969537874636819e+00,-1.120470438734102681e+00,-9.172684627305646154e-01
6.480005674612169253e-01,8.174641875080177478e-01,8.409419596589298163e-01,1.169748222456471615e-01,-1.099147937487133575e+00,-1.503874402996536075e+00,-1.281748219726820404e+00,-5.552313125571897157e-01,4.049474550828670028e-01,1.611672880811019448e+00
1.822264602344570106e+00,1.541796443909947412e+00,9.868521625635333638e-01,-2.044977686892331982e-03,-6.291240921174006129e-01,-6.556255650866682494e-01,-5.653209012764464081e-01,-6.136168188460573436e-01,-8.244850301093908929e-01,-1.060695823695187778e+00
5.281338512816460273e-01,9.196439999089814910e-01,1.442943146189804127e+00,1.391008680687591648e+00,3.115313120175019490e-01,-3.979274388128583029e-01,-6.783027866072561807e-01,-1.083450498146881325e+00,-1.269852285187921703e+00,-1.163727981330629602e+00
7.359894027518675275e-01,1.017894899786592422e+00,1.350189112023924221e+00,1.222597421357132008e+00,3.445165539204451122e-01,-2.840797287497884294e-01,-8.376792252847012898e-01,-1.153717166674587791e+00,-1.197855634565440974e+00,-1.197855634565440974e+00
8.416638910777494154e-01,1.311144472309621334e-01,6.861017451840977222e-01,1.841221080096745233e+00,8.367954935974913910e-01,-1.203763772934001386e+00,-1.398599654167840045e+00,-9.399287411387912128e-01,-6.172716077556270609e-01,-1.773328811907511349e-01
7.185563506650131105e-01,1.382022743504842222e+00,1.619420958399930388e+00,8.897948499138389478e-01,-1.087132585970669585e-01,-7.182953535004025225e-01,-1.030224223125569827e+00,-1.059499378782050805e+00,-9.259531404800298571e-01,-7.671095479984884058e-01
1.755922711475568221e+00,1.486851179213368734e+00,1.000245147409758673e+00,2.661611323050057654e-01,-4.778100703607031652e-01,-8.730996637260313165e-01,-9.753029292470689615e-01,-9.310321797991254478e-01,-7.659402463387694482e-01,-4.859950809320007226e-01
5.479196095661606480e-02,5.479495493285845009e-02,5.479495493285845009e-02,5.479495493285845009e-02,5.479495493285845009e-02,5.479495493285845009e-02,-5.671816551678167118e-01,-2.402694682754543898e+00,8.848549103890337442e-01,1.756254691912390031e+00
1.583032062575786325e+00,1.573581869484685480e+00,8.863734079924810993e-01,1.309149050738644682e-01,-6.939508982261155534e-02,-2.014534195481621215e-01,-6.774078480968138694e-01,-1.181139836478585448e+00,-1.353300434047461032e+00,-6.912056171331741883e-01
1.789841063065151339e+00,1.353774965243567330e+00,8.826356555668070092e-01,1.475911493961080401e-01,-1.013104733705388449e+00,-1.387491078209259321e+00,-9.114586405646506462e-01,-2.791687335489707045e-01,-3.524246619282014881e-02,-5.473771810505405622e-01
1.649027256767372940e+00,1.628352010101058456e+00,9.608011622028318488e-01,4.278824137465685185e-03,-2.407417584626803664e-01,-5.340092080885826542e-01,-5.991252325174145632e-01,-5.685820602608706587e-01,-1.019865644311940933e+00,-1.280135349567238512e+00
1.544626599159773406e+00,1.084353983019715528e+00,9.603838838648968146e-01,8.964228838389506349e-01,1.071687837119195824e-01,-1.032354251824159075e+00,-1.321647056133667730e+00,-1.104200538593968384e+00,-6.729115642866017044e-01,-4.618427227568373539e-01
-1.072878439145290574e+00,-1.163742219053733651e+00,-4.250742197668659905e-01,4.011520764114996918e-01,-8.857403947823306867e-01,-1.016584833827135048e+00,4.930452579121566981e-01,1.638930957124222321e+00,1.424426499320770478e+00,6.064653158067905281e-01
1.313434149909902038e+00,-6.837421644490378203e-02,-5.753156743082274982e-01,1.903881951139792528e-01,1.137573317988852306e+00,1.161881170451443790e+00,5.847764034454145943e-01,-1.012516694218545954e+00,-1.592251372459120962e+00,-1.139595279478752721e+00
1.356526386035186382e+00,1.034908758217165214e+00,3.581566103483551089e-01,-7.107804935028743110e-01,-1.153459093161698368e+00,-1.190198838555676986e+00,-1.117945713083555725e+00,-5.660937400453076584e-01,7.138367256586378717e-01,1.275049398089770358e+00
1.680358997392440434e+00,1.077762556360026602e+00,9.149975170059226892e-01,8.473317975284051506e-01,-9.581876678163707417e-02,-1.152443947957383807e+00,-1.277443543511657564e+00,-9.529382374044130799e-01,-6.547826720053498972e-01,-3.870237006263563262e-01
2.175320798798165978e+00,1.338504455429999851e+00,2.260669438547662224e-01,-7.031282719331544140e-01,-1.092141968192402945e+00,-1.023388754189171967e+00,-6.620456077065205447e-01,-3.986293737734293297e-01,-1.322376121200964094e-01,2.716793898318417000e-01
1.858844350796769351e+00,1.535207892285343823e+00,8.897676470156512529e-01,1.539947252346666462e-01,-7.583134147557720750e-01,-7.798363596368468320e-01,-5.869899029255485345e-01,-5.754895206917424177e-01,-8.310125687209095613e-01,-9.061728486016292772e-01
1.936293440384217135e+00,1.570574713567246095e+00,7.460134867259406999e-01,7.974660979568198860e-03,-4.946994926973922180e-01,-7.790874616122234197e-01,-8.426950230012827392e-01,-8.732819134465550359e-01,-8.372311046764753240e-01,-4.338613062229452755e-01
4.859194456142909568e-01,-2.664106792605810403e-01,-1.016698241672311598e+00,-1.252568127533234099e+00,-1.156187350423005578e+00,-6.624278491868675900e-01,1.767101016072692987e-01,6.546825090388245227e-01,1.174177619230266423e+00,1.862802572585361860e+00
-7.978120336324463768e-02,-8.844643996487239201e-01,-1.457040072985600121e+00,-1.270133076061238597e+00,-6.520966546236709460e-01,-4.124063734035970930e-02,6.744198212328312847e-01,1.213380378479835597e+00,1.253504144362798778e+00,1.243451699947364597e+00
1.967798021512491058e+00,1.674491084651709150e+00,7.345140736388107161e-01,-5.211012011160469637e-01,-7.666664425387679227e-01,-6.613344944366879030e-01,-5.379549830704364322e-01,-5.672561646302285432e-01,-6.740068566959027674e-01,-6.484830373149167437e-01
9.478327128266261781e-01,1.021387208167768179e+00,9.948023173404861863e-01,7.369585135788849772e-01,6.146828348494888239e-01,2.474334625499647888e-01,-3.927541219466080813e-01,-1.117122749021754124e+00,-1.474107152605514948e+00,-1.579113025739367071e+00
1.815456556157974077e+00,1.317031609314685880e+00,1.003191682703934662e+00,4.141648433839211219e-01,-6.634737921334137312e-01,-1.094196616927543886e+00,-1.035727036429001435e+00,-7.614276076367676449e-01,-5.467956731295845474e-01,-4.482239653042008887e-01
-7.419599265242636799e-01,9.993436438304942326e-01,1.213552640879922151e-01,-1.283402845611927745e+00,-1.473456861116971606e+00,-6.032075618907961623e-01,1.412673417831374068e-02,2.131668645939520657e-01,9.291886250627174881e-01,1.824846063390457740e+00
1.239982379042976701e+00,1.187308048843289443e+00,1.204529608017187003e+00,9.707653184248508094e-01,1.308272668477187817e-01,-6.780864194129782030e-01,-1.072284463203640348e+00,-1.166611338446738699e+00,-1.011065768396736564e+00,-8.053646317159310897e-01
1.154035487976468932e+00,9.389162142625339103e-01,7.716666982527826679e-01,-5.890828116818228044e-02,-1.505966643629350621e+00,-1.817248270888648154e+00,-9.052225896753264278e-01,1.929295691744103702e-01,5.915840350754325572e-01,6.382137806198594498e-01
-1.755237384918645782e+00,-1.494675920438135464e+00,-5.551433895657466033e-01,4.853167805091801457e-01,7.937887153091556236e-01,8.635542015176388420e-01,1.018835852991851088e+00,1.020958273620331092e+00,3.644597806874929069e-01,-7.418569097131192391e-01
-1.402745173772306231e+00,-1.327711098429589898e+00,-1.035682249262465326e+00,-5.755890260001599312e-01,-1.535856989604241496e-01,3.398214954107043329e-01,6.866474396607120667e-01,8.528391640070408508e-01,1.082762609118318675e+00,1.533242538228138052e+00
2.095891257523926576e+00,1.549379439105654122e+00,1.979487219025970191e-01,-1.876705448528251663e-01,-2.974507232108536958e-01,-4.451735212629724381e-01,-8.842947763004415096e-01,-1.132495095890965420e+00,-8.820007735094507195e-01,-1.413398350468778562e-02
1.803067344565924657e+00,1.510979345745683489e+00,9.962126890531212142e-01,-3.212730089130935718e-01,-1.019999297275667294e+00,-1.040958628524317753e+00,-8.024825385168273817e-01,-5.776265512408970126e-01,-5.159523496321076763e-01,-3.196700526181749102e-02
3.609164908509402969e-01,1.777490311753655794e+00,8.738373986671135185e-01,-1.239341182933371810e+00,-1.533740528487320454e+00,-1.089227850327176617e+00,-4.705730310422367446e-01,2.302092284092300267e-01,5.445377002855554815e-01,5.458914628236081201e-01
2.011804984546290864e+00,9.520530310940562568e-01,4.484003119811147964e-01,-9.116415290533583411e-04,-2.979521911084902497e-01,-7.018993873268162265e-01,-1.190361464772581090e+00,-1.313205423101656999e+00,-6.987193262375857028e-01,7.907911064547095137e-01
3.230063654091227532e-01,5.759665812331173917e-01,1.327134072384945407e+00,1.504008666977187048e+00,6.760611904668912819e-01,-2.660670023093872905e-01,-5.328566792575448741e-01,-7.357897096102752332e-01,-1.260521880553871821e+00,-1.610941604740211197e+00
-6.964792207152823433e-01,-9.033401646195374779e-01,-1.338461847108636471e+00,-1.279856995030413280e+00,-4.984828422797059622e-01,8.505692096595590668e-01,1.386555070842743653e+00,1.284757415071816400e+00,6.564091127197814179e-01,5.383302614596570113e-01
1.300401045261164068e+00,1.300401045261164068e+00,1.192974203144791412e+00,6.413104406822015546e-01,8.779519957449086198e-02,-3.171845367819211003e-01,-6.788515903126609574e-01,-9.701682513680177644e-01,-1.259620824850746779e+00,-1.297056730610500308e+00
1.540343172070557820e+00,1.614128049439879087e+00,1.213556702463503667e+00,-3.537008389403862862e-01,-1.093873806473377286e+00,-1.105276261721515052e+00,-8.109253287607008920e-01,-4.031103948087217947e-01,-2.880124151180727399e-01,-3.131288781511837316e-01
-1.071271841338609088e+00,1.593370967986725839e+00,1.627095642165541145e+00,-9.442708069518551683e-01,-1.346307405961522985e+00,-5.348745131917418405e-01,-2.078720450758952121e-01,-1.581193300184787209e-01,3.556938874711276233e-01,6.865554449147154292e-01
2.243201833820229307e+00,1.377243407095238403e+00,5.551970286463894233e-01,-2.014595632539724346e-01,-5.348989384382369927e-01,-6.856085779963239091e-01,-7.736442084501816696e-01,-7.966389353876148771e-01,-7.152944928741814534e-01,-4.680975531613604801e-01
1.422552059407761860e+00,1.506544562891811045e+00,1.125012347176703065e+00,-5.873984055363178081e-02,-1.167360004230296289e+00,-1.224635258750030209e+00,-1.072887617704640473e+00,-6.379457267152818245e-01,-1.362060233711665132e-02,1.210800808147104585e-01
-7.450854759815995765e-01,1.911754644378838297e-01,2.362071193506248834e-01,-7.277940622674849980e-01,-1.185645639501475390e+00,-1.137047257231724062e+00,-5.268060843386774827e-01,6.041264673098228899e-01,1.467269455664406363e+00,1.823600012558209471e+00
1.157370946292846536e+00,1.369936642552465056e+00,9.846884650245644188e-01,-5.912066775142937880e-01,-1.389306202056914463e+00,-1.301768260985845416e+00,-9.575695078531110127e-01,-4.173184211549265665e-01,3.619956503549892068e-01,7.831773653401919999e-01
1.536221486028792382e+00,1.526214992391311087e+00,9.557571193007923238e-01,-4.391095571984181545e-01,-1.100503860249610222e+00,-1.153776464408022395e+00,-9.906727590373933801e-01,-6.146289212434663529e-01,-2.213128939662081240e-01,5.018108583822095126e-01
-3.292255278328267698e-01,-4.106102408867476905e-01,-2.379669572528899102e-01,-1.297207585801572749e-01,-8.892466271126499011e-01,-1.137831223550766602e+00,-6.435403927752012532e-01,2.127472757945180482e-01,1.172549465496449450e+00,2.392844986700260357e+00
1.284504406848409053e+00,1.434337488354946011e+00,1.347787265840167947e+00,5.187694703832981258e-01,-1.253157628006116575e-01,-5.168944489722040458e-01,-8.301082931604116810e-01,-9.971264856973254265e-01,-1.058843355241203099e+00,-1.057110285555071361e+00
3.895060310177972385e-01,1.324670772836150867e+00,1.859372670548222528e+00,8.802305184503511626e-01,-1.456018775531710829e-01,-7.054247047465371789e-01,-1.108385041250907754e+00,-9.766422147922206864e-01,-8.131098657016117004e-01,-7.046162888080715891e-01
9.066054885110955697e-01,1.154894577147888679e+00,1.263246785097720259e+00,9.146076215386269581e-01,3.294623668338050315e-01,-9.964326052956942736e-02,-6.552293900821273276e-01,-1.186813453143516828e+00,-1.310026371657875943e+00,-1.317104363716077309e+00
1.028801987016256136e+00,1.228064031040830617e+00,9.251041170382016121e-01,-1.677746519182207394e-02,-7.114924883186166671e-01,-9.129461833324215014e-01,-1.161973271282181974e+00,-1.119735592171968497e+00,-7.142641839736033615e-01,1.455219049175354495e+00
1.921266295468673002e+00,1.669031173839292892e+00,5.598890110738287129e-01,-2.656340699758063528e-01,-6.625002871654075420e-01,-7.792631179478257675e-01,-9.210631516893496018e-01,-9.441813098996461040e-01,-5.919548796805601532e-01,1.441033597681794405e-02
1.539349911032123153e+00,1.539350863680179593e+00,1.316324839403942626e+00,5.730966637076823772e-02,-5.480210619747939438e-01,-6.306629633350664399e-01,-5.895007873310278423e-01,-6.724496001402013867e-01,-9.917551061589300332e-01,-1.019945761546982466e+00
4.033468952076517122e-01,5.913768052055448088e-01,-4.958297510059744284e-01,-1.449358467235683401e+00,-1.512622312121791879e+00,-1.090077943647722813e+00,2.913530246218719588e-01,9.787334792803773498e-01,1.073950819181562544e+00,1.209127450514159374e+00
1.333446004486607661e+00,1.354536451781818363e+00,1.295662705612411925e+00,6.208418951242973272e-01,-1.073820530857991368e-01,-5.051925070576395171e-01,-8.212336178116261820e-01,-1.141999171471289376e+00,-1.107528710259495730e+00,-9.211509973192817391e-01
