1.378032158333218460e+00,1.378032158333218460e+00,1.280178421966755575e+00,4.740952266656744962e-01,-8.073803121761515822e-01,-1.237889195422909649e+00,-9.596574327141096372e-01,-9.078158066992179087e-01,-6.342120723093549461e-01,3.661685402289660551e-02
6.997104403384196702e-01,2.110008039543452840e-01,1.975505232006884992e-01,5.123577024241429134e-01,7.058808797043976124e-01,5.722114683949989233e-01,2.129772097986522006e-01,-1.001017590434845617e-01,-1.372315209227929766e-01,-2.874355747849383746e+00
-5.666922085916307195e-01,-5.487598604304423366e-01,-5.929207354141375896e-01,-9.414962046150073816e-01,-1.044132763213819093e+00,-5.943808079003093381e-01,5.690032781147814911e-02,7.738450565332134490e-01,1.489237124238121934e+00,1.968400071582532940e+00
5.572961895217719563e-01,1.317020397864707482e+00,1.078203034847424746e+00,6.652800254300688110e-01,4.202292404285823957e-01,1.046823043895672156e-01,-2.378394705967697975e-01,-5.803618314602333461e-01,-1.316902564742959081e+00,-2.007607325682133848e+00
1.159810706874450092e+00,7.611128725009757012e-01,7.516212427943169683e-01,7.504377207841915753e-01,7.492541989093759458e-01,5.867932572982818007e-01,-7.163717730314549392e-01,-1.490795208316456399e+00,-1.429846307823158469e+00,-1.122016709990526051e+00
-1.880178926556233865e+00,-1.449498415248522409e+00,-7.983530943112999712e-01,7.631413700167288816e-01,1.225224758528789204e+00,9.837425416530509725e-01,6.714406768890738286e-01,-1.474589158877324946e-01,3.350686844069994397e-01,2.968713205091748630e-01
2.439638985041422958e-01,7.845293954033697448e-01,7.990246223657003766e-01,9.152511596714908437e-01,8.986352590876831581e-01,4.900035087821180690e-01,3.133454012002120925e-02,-6.472169870646582446e-01,-1.443443285022753653e+00,-2.072082111847113772e+00
-1.583907453615499283e-01,-2.172261486049982798e-03,3.004078554585704608e-01,6.895635832265654130e-01,1.018881957978761577e+00,8.353863924274826935e-01,1.651436662836812119e-01,-4.177290606049632871e-02,-4.311675755787354458e-02,-2.763930784909085059e+00
2.602005799901553895e-01,8.358200529516704447e-02,1.228483909743788571e-01,2.673582472480937611e+00,2.152498624474859928e-02,-5.831662930375541842e-01,-1.037989037244911206e+00,-4.703506791652020680e-01,-1.098360292330314604e-02,-1.059248822614418328e+00
2.183622088688500273e+00,1.012174920492763253e+00,1.429202580947737944e-01,-6.247363519818217581e-01,-5.877290109336205104e-01,9.459252507871726556e-02,3.102299693950055226e-01,4.459633242254956026e-02,-1.393366980390929655e+00,-1.182303750865934200e+00
