7.120792353554409315e-01,8.116245959746264393e-01,7.292289363137594016e-01,4.337650846561781903e-01,2.599554411814300470e-01,2.918267028254572515e-01,2.211259007936150767e-01,-1.834531786056856351e-01,-5.177588295830329868e-01,-2.758393888911787162e+00
1.674742534456595544e-01,9.723525188606159109e-01,7.882471168687928964e-01,-2.326970192355806988e-01,-8.120352923875553408e-01,-1.397011913886150314e+00,-1.444336074042064988e+00,-5.573552172797421322e-01,9.717305234126198954e-01,1.543631104243428309e+00
-2.170402126999689152e+00,-1.564754854565793663e+00,-2.266096968470530659e-01,1.830159477293369641e-01,3.126725455911459894e-01,4.203365546702457212e-01,7.083330385792163675e-01,9.684333413598480433e-01,9.087872767901065130e-01,4.601879736926363651e-01
1.396651150087186988e+00,1.213367576432425876e+00,1.011282719548471709e+00,6.749683350807943460e-01,2.984999223243058886e-01,-3.108447355936913570e-01,-8.759894145990696490e-01,-9.224391164001505272e-01,-9.224391164001505272e-01,-1.563057320480122803e+00
8.748325221278111519e-01,1.403511328817908188e+00,1.368981022330727937e+00,9.166568145009940105e-01,1.285627728305735740e-01,-7.506982197452625183e-01,-7.787910213729688502e-01,-9.503444507148131049e-01,-1.179977982183454621e+00,-1.032732786591523233e+00
1.398123807022492483e-02,7.854618954729014613e-02,-1.338056022887273433e-01,5.570060207964487586e-02,5.714792018045978805e-01,6.631158416749749485e-01,5.465361567874010840e-01,5.437582489617504011e-01,5.437582489617504011e-01,-2.883070125598901523e+00
6.398520563853151710e-01,-1.349639653109442061e-01,-1.289618639751593632e+00,-1.350881402380829988e+00,-5.719055157991145277e-01,3.658624656090087579e-01,1.192751127642321274e+00,1.485233904879155409e+00,8.130193031112873392e-01,-1.149349334384568877e+00
1.724711105109485443e+00,1.412944029523397038e+00,9.065387252245973304e-01,4.080217608776760541e-01,-2.150767640741469700e-01,-8.239209922535182251e-01,-1.119650323163302374e+00,-1.162547114596624187e+00,-7.511738634397752135e-01,-3.798465632077981935e-01
1.172644339503413402e+00,1.286302752621556911e+00,9.801094298891696033e-01,8.243064318705088933e-01,4.706049213166357825e-01,-3.253311721036983850e-01,-8.390232832674516805e-01,-1.032107500667220679e+00,-1.189022054409053286e+00,-1.348483864753877937e+00
1.420061985811689853e+00,1.477661896444351308e+00,1.299687785305098542e+00,4.944955703687993198e-01,-5.250043657722349710e-01,-6.545516511017666073e-01,-6.927658616262870606e-01,-8.092854279372346804e-01,-9.649779188598426316e-01,-1.045322012632575737e+00
-1.967563188876571889e+00,-1.476720350813713889e+00,-5.786304727073490195e-01,-1.154421816638295795e-01,2.187178965310234979e-01,3.862240215684161204e-01,5.663268064853467232e-01,7.557384126684090209e-01,9.517876688513879913e-01,1.259561387956775080e+00
1.129805156876806826e+00,1.357676029133403350e+00,9.691470229771464995e-01,5.806586231233253903e-01,3.621196416007348429e-01,-3.574135670326193670e-02,-4.460759396519720643e-01,-9.895465529326007426e-01,-1.478933090095061686e+00,-1.449109534328477222e+00
1.253677777805554117e+00,1.156904796918920120e+00,9.068368741749821549e-01,9.069974539641065814e-01,5.434423597836816056e-01,-3.561770208567474061e-01,-8.384194565197884419e-01,-1.020188014328890613e+00,-1.190092626944847298e+00,-1.362982143996946283e+00
