-2.237215879532562735e+00,-1.119728535700997396e+00,1.191043425897552632e+00,1.239681852383907934e+00,8.646300076710955462e-01,1.703948379064027796e-01,-5.133713346312214487e-02,-2.495940928702554754e-02,-1.625458293764047227e-02,-1.625458293764047227e-02
1.600107980523140627e+00,1.684234697562218441e+00,1.079565177446166535e+00,1.233853170163033003e-01,-7.093293657232037086e-01,-9.050924386141496747e-01,-8.728789018345045614e-01,-6.850504240808541478e-01,-6.698495433831647139e-01,-6.450924989119410924e-01
3.745732343179909718e-02,-3.996985143020020947e-01,-1.062302090296800783e+00,-1.163136530836171412e+00,-9.890580512614975950e-01,-5.874531698345563102e-01,1.159680096875756322e-01,8.215160256953588647e-01,1.351233616958984918e+00,1.875473380757313180e+00
-5.775257488423505281e-01,-6.146950868614293739e-01,-8.075376376812988255e-01,-9.772059126614806024e-01,-9.910677168157159267e-01,-6.778438007093118278e-01,4.014296486694232668e-01,1.202853619736221624e+00,1.485292519282170431e+00,1.556300115883734847e+00
-1.607009051466390614e+00,-1.392287555685921552e+00,-1.000059539588359137e+00,-4.465977455670978591e-01,8.053839334244751458e-02,4.308509540727910592e-01,6.099290782455243365e-01,9.689375457587693363e-01,1.196235762440171158e+00,1.159462158448068658e+00
6.058861393672785312e-01,8.918698602484755877e-01,1.360754437074081835e+00,9.343290779485352582e-01,-1.047202287162652956e+00,-1.927898802650559906e+00,-1.089837867132725124e+00,-1.266687995210452056e-01,2.603250606416604995e-01,1.384431811869820950e-01
1.451358143408195245e+00,1.027179279674625745e+00,4.175734919333841666e-01,-3.499041957042119955e-01,-1.195679912923196531e+00,-1.469796422615188725e+00,-1.244244482582684608e+00,-2.617431125932793146e-01,7.361816528032376628e-01,8.890755585991256815e-01
1.972769008079428232e+00,1.184964807642803430e+00,5.466553322602278886e-01,-1.388763402514391621e-01,-9.905932952300089411e-01,-1.228429942600993252e+00,-1.152605592523187950e+00,-6.454737863659540942e-01,1.378227655345634073e-01,3.137670434545135056e-01
2.047217510898447390e+00,1.515263140484482740e+00,6.435462761613605087e-01,5.224649406668693125e-03,-4.584431497776202957e-01,-5.798563821247355587e-01,-6.422469572086054734e-01,-7.971718017695845759e-01,-8.665171000402519530e-01,-8.670161860301740520e-01
-3.557497915453507464e-01,-6.993779711994150272e-01,-1.244803591348135674e+00,-1.257842345225578251e+00,-8.753124367486342372e-01,-8.341934575364123861e-02,8.207758261937110333e-01,1.581262395903669349e+00,1.238518394117557486e+00,8.759488656057813349e-01
-1.732316302259784502e+00,-1.314114884800055671e+00,-8.047409635033805353e-01,-3.683995591610190745e-01,-6.522666181674600938e-02,1.503645499869163127e-01,7.096261038240745389e-01,9.744647728587481073e-01,1.260393644315076056e+00,1.189949300556158995e+00
3.820526407104338773e-01,-4.212394449226869453e-01,-1.010368022785144815e+00,-1.385082857856447358e+00,-1.186763532002858224e+00,-5.349322466080049798e-01,4.439521745479597659e-01,9.314449735951723097e-01,1.166316101988018383e+00,1.614620213333573195e+00
4.992518026244805451e-01,2.235512962973414675e-01,-7.879254879954720181e-01,-1.532139467211136141e+00,-1.442222950806985260e+00,-6.210460828537227584e-01,1.496098013675919436e-01,8.730820095051108343e-01,1.310378589209369560e+00,1.327460489863413695e+00
8.576835325865020954e-01,2.755196717356137581e-01,-1.492199543288723063e-01,-8.943588652738563294e-01,-1.416626224242353960e+00,-1.349121018698920427e+00,-4.786074421072947227e-01,4.035361815883126702e-01,9.523996465169090042e-01,1.798794472223953500e+00
1.948887421777603102e+00,1.434297429756517861e+00,8.801353169228508522e-01,1.177235373355031700e-01,-4.837128530936572468e-01,-8.139447168213784778e-01,-9.525455314168069787e-01,-8.641883283339435451e-01,-6.663990621479002341e-01,-6.002532139787923882e-01
6.018362361760534185e-01,5.910895174241459493e-01,4.012500511946276993e-01,1.152615967295395616e-01,-3.190546545768339626e-01,-1.258300564944680122e+00,-1.624827984595929475e+00,-1.070193362818100402e+00,8.605647211241110872e-01,1.702374444287073407e+00
-2.074359147147669891e+00,-1.667223459182410883e-01,1.367771694652398340e+00,1.104866713100496112e+00,1.098435862227741672e-01,-7.433503432377128739e-01,-8.831463178750355025e-01,-2.316099809241292107e-01,7.123728198173371329e-01,8.043333213096759415e-01
