7.758109982024621321e-01,8.480693223289590410e-01,7.915884381924529478e-01,5.708811165002606325e-01,3.141491512572257561e-01,-4.150862001175914355e-03,-1.816877448890071578e-01,-1.858789116818124754e-01,-1.858789116818124754e-01,-2.742902596227543732e+00
1.253289375656758020e+00,1.791977456488502929e+00,1.139682751984893549e+00,1.374897572796202894e-01,-1.122313644752166883e+00,-1.218236216337114097e+00,-8.314010940045077902e-01,-4.905069609480168236e-01,-3.645617683691638744e-01,-2.954196569987859178e-01
1.322415118370939613e+00,1.016531993967524361e+00,7.936813967842825113e-01,7.287392102318587250e-01,2.039400382056965333e-01,-1.099264225545209417e+00,-1.424498984406933344e+00,-1.138961800882698716e+00,-1.033109146407137358e+00,6.305263996817765948e-01
1.607345355881062421e+00,1.393654376806528372e+00,4.271913380645867564e-01,-6.400107977844629037e-01,-1.098329957976287741e+00,-1.123185269061784730e+00,-1.051415841706291543e+00,-6.173205976775516524e-01,1.516024460371262483e-01,9.504689474170817665e-01
2.146465568212876818e+00,1.541870563086918944e+00,5.347296867292198330e-01,-2.961508396068442961e-01,-7.165492381692950552e-01,-7.754283595107127613e-01,-7.706426343756330732e-01,-6.302704658887805511e-01,-5.170121835955406864e-01,-5.170120968822152774e-01
1.360295922516717715e+00,1.042499437175848698e+00,7.643145728056323085e-01,7.464424872319199711e-01,5.677814960709378633e-01,1.584457347817021244e-01,-7.824757220278459879e-01,-1.280061028620037566e+00,-1.288621522862633872e+00,-1.288621377072251439e+00
-7.123358910283303924e-01,-7.306684614769104469e-01,-7.775949229543518415e-01,-8.476350284757736553e-01,-8.147736729328736160e-01,-4.161128262146158163e-01,9.853574473685011714e-02,7.269227636685501315e-01,1.400195139558453761e+00,2.073467155119003813e+00
-1.637697963665664558e+00,-2.350162333419772709e-01,5.576146704811605348e-01,1.212845475599551692e+00,1.432332893093590576e+00,8.752973181884345921e-01,4.673511759019577938e-01,-7.077239611108415707e-01,-9.836520959568566536e-01,-9.813512791894485332e-01
1.688911863738335351e+00,1.498382702874772043e+00,1.121847503581695715e+00,2.615698825937106120e-01,-4.887767763613215521e-01,-7.721878812216320664e-01,-8.013159256706204880e-01,-8.344487736111156906e-01,-8.369912979619109628e-01,-8.369912979619109628e-01
1.819443990397869193e+00,1.272970825996512900e+00,7.435654169180714312e-01,4.615859474741079160e-01,1.568515278974500216e-01,-4.091443329929795869e-01,-1.083305386474277654e+00,-1.072295279148973268e+00,-9.657867289674340050e-01,-9.238859811003479194e-01
9.480633994979872359e-01,1.273389119673338676e+00,1.415143810020406789e+00,9.536557350125390853e-01,1.002127128662019667e-01,-8.389113151695559711e-01,-1.270465720947660193e+00,-9.363674041066684106e-01,-7.678647214857019510e-01,-8.768556153608716430e-01
1.471073009129407305e+00,1.441728592842727696e+00,1.121583257228333741e+00,4.319487217707950188e-01,-3.790607432187824144e-01,-8.885445069657029737e-01,-1.105242538417113396e+00,-1.126242217970773174e+00,-9.416583200257573338e-01,-2.558525437312966083e-02
3.876591555322130844e-01,8.504137671244910157e-01,7.531584406765916562e-01,5.392844716259975746e-01,4.438386702683088658e-01,4.082218372458938371e-01,2.470644563428720519e-01,-3.291599234419831932e-01,-5.809635905366460351e-01,-2.719517284837746463e+00
-2.032396411574957540e+00,-1.352989392368214805e+00,8.360595129098152833e-01,1.093069453323772144e+00,8.862326431052792719e-01,5.209294771107026989e-01,3.088774326120767855e-01,3.167324161954505057e-01,3.138775363584263012e-01,-8.903926676723533662e-01
1.831403573794434081e+00,8.310529320243319473e-01,1.384881094086272690e-01,-2.522283548213811750e-03,-6.922264968836343568e-01,-1.400478009290002435e+00,-1.254352817926847496e+00,-5.956353352190819628e-01,-1.023967150371163648e-01,1.246667042677503057e+00
1.557437732212634263e+00,1.148252150370456359e+00,9.797723132861222428e-01,7.612931220690501988e-01,2.608122502075602700e-01,-5.567515146035829643e-01,-8.961806754242874762e-01,-1.045837085476754469e+00,-1.090964594482347616e+00,-1.117833698158863243e+00
1.739483754767724211e+00,1.312768305563739135e+00,8.881213800100198341e-01,4.616301577100086484e-01,-2.631431571466258390e-01,-1.003009540061027272e+00,-1.429832580984522261e+00,-8.388365926766813141e-01,-5.851081258616727121e-01,-2.820736013209544368e-01
7.881694270900782007e-01,8.569698731938653058e-01,7.633845821308866686e-01,6.278946374984748502e-01,4.942881919157483539e-01,3.408375167149478302e-01,-8.573038971569234279e-02,-4.678470076936890321e-01,-7.717385894073365282e-01,-2.546228241727297448e+00
1.486014209763111493e+00,1.306750522216779453e+00,1.131498601721276254e+00,6.996700065479897201e-01,-1.795053390450968706e-02,-6.994677235845686569e-01,-9.448227891149223456e-01,-9.460234757631498237e-01,-9.608398380902578584e-01,-1.054828979791737176e+00
1.332715395828910632e+00,1.371848643578561511e+00,1.190070044291220208e+00,7.590963483233950093e-01,-7.027054479646425988e-02,-5.962029423171829601e-01,-9.498306890593178897e-01,-1.010929671874355229e+00,-1.085226663578944484e+00,-9.412699203958178051e-01
1.823948606298843700e+00,1.521262155379883518e+00,9.305776324299996904e-01,1.973210603981618017e-01,-4.473755190643514679e-01,-7.262010780136941568e-01,-7.806183243092018609e-01,-8.337228901939288672e-01,-8.673463106451506643e-01,-8.178453322805683268e-01
2.052033582623034480e+00,1.580176779617289418e+00,5.886120507841465788e-01,-1.140975891351255350e-01,-7.694520858985255396e-01,-8.547718918109163955e-01,-7.864101489518728894e-01,-6.611041475584793492e-01,-6.087289116576612980e-01,-4.262576380119105779e-01
