1.772825286261835886e+00,1.391848384211135325e+00,1.081834619654059804e+00,3.363946244712271438e-01,-4.428947630956704407e-01,-7.542799525592780441e-01,-8.127416996151153317e-01,-8.580604862334469951e-01,-8.878555336291367173e-01,-8.270704794656241754e-01
1.404228477143280307e-01,6.479909553641532982e-01,1.111632965499117054e+00,8.989323685317623935e-01,-2.119581366442179204e-01,-7.501044942284700312e-01,1.382647421678124822e-01,7.823289160759860916e-01,-2.678802325270153717e-01,-2.489629931953378339e+00
-1.825102024905188136e+00,-1.592014363532238574e+00,-9.790339290776303161e-01,1.242915344539840400e-01,4.773891358526937134e-01,6.232130081075745176e-01,8.008950035980887394e-01,8.967594631506212721e-01,8.125068034521725213e-01,6.610953688999100519e-01
1.333422846404547224e+00,1.302664910495438200e+00,1.227504724476895737e+00,8.661000868800184938e-01,-1.305759337659136154e-01,-8.432856217648985186e-01,-9.390398276922868881e-01,-9.376512173536860617e-01,-9.326535518695360238e-01,-9.464864158104842051e-01
1.420574287304632088e+00,1.303470575338574466e+00,9.681436442187114633e-01,7.480144083710136282e-01,2.229177864357066441e-01,-4.317375884183906054e-01,-8.287505061090961744e-01,-1.096931068019848077e+00,-1.158194410956870479e+00,-1.147507128164419354e+00
-5.198572105242671437e-01,-5.198541445289600604e-01,-4.729362403353890021e-01,8.876906462663117781e-01,2.175169016819605616e+00,8.358666385813892097e-01,-8.803244903399968235e-01,-1.296907149272834792e+00,-6.186405133394102807e-01,4.097934466735224657e-01
-7.170625475980773045e-01,-8.941639082108997494e-01,-4.668223565498166860e-01,3.418837512351038943e-01,1.167348095208226466e+00,1.872081332582932411e+00,1.178169957863025807e+00,-6.899057641960635312e-01,-9.770365682783614947e-01,-8.144919920560798055e-01
-1.653711823964106653e+00,-9.521605633487872922e-01,-2.770571502637537153e-01,-1.136746460141710435e-01,-6.221533621411774462e-01,-5.174484334519798834e-01,1.141820478971611458e-01,1.022780052489379532e+00,1.659339229857555775e+00,1.339904648939848286e+00
5.479501384524754215e-01,5.347007709641036222e-01,3.117820967213185690e-01,3.834803062143195551e-01,-2.317969811720141105e-01,-1.419564877228119526e+00,-1.627051848000572010e+00,-6.181155219396518019e-01,1.077069632335256461e-01,2.010908952754478562e+00
1.126544812388266675e-01,9.743465159460314995e-01,1.843519322902783308e+00,1.485207212776826102e+00,-4.433663586095619169e-01,-8.926719527605366800e-01,-9.333923637759180547e-01,-8.552734907916946794e-01,-6.793082550799889319e-01,-6.117151118467709647e-01
1.787280525069760984e+00,1.349499204758720872e+00,-2.943838177972324388e-01,-1.454626865910791045e+00,-1.273566310088773079e+00,3.823355613932568065e-01,6.953553390014612923e-01,-2.270869957846881892e-01,-5.044830049612069045e-01,-4.603236356804735752e-01
1.766463544759132143e+00,-3.912082316457507480e-02,-2.273781182058735251e+00,-1.055781957830542073e+00,1.715754674208736230e-01,1.694113123153311862e-01,1.711464930910905624e-01,1.718843464774937324e-01,2.967013930916108655e-01,6.215014058982982759e-01
1.815679746142694118e+00,1.380023220228983494e+00,9.385349466964314491e-01,3.725413005077014561e-01,-2.763541620261026899e-01,-6.750057794541912681e-01,-8.201361724121712937e-01,-8.213674499596169687e-01,-7.758555966792665126e-01,-1.138060053044465780e+00
