1.128285676928208137e+00,1.052248850469124308e+00,9.760325450967560768e-01,8.998153166672340220e-01,3.462989699164676360e-01,-1.486221884566626183e+00,-1.461168022416222234e+00,-1.103786946714556461e+00,-4.123325290914657271e-01,6.082802371107734474e-02
7.254147078272364935e-01,7.254160408121470560e-01,7.254160408121470560e-01,7.254160408121470560e-01,4.032255907275298368e-01,-1.202533350495410769e+00,-1.882681679280810538e+00,-1.228482567692323002e+00,-9.537052688432975933e-02,1.104179703361663378e+00
-1.846422174160832208e-01,-2.527958589673445430e-02,1.500186230337706150e-01,3.253180489009157572e-01,4.656463945587890341e-01,9.688764150730364011e-02,-1.659406954219940111e+00,-1.441455114777066226e+00,8.965680423945650290e-02,2.183256360069542268e+00
-1.033754733830142714e+00,-4.312835613342175245e-01,-4.312835613342175245e-01,-4.312835613342175245e-01,-4.312835613342175245e-01,-4.312835613342175245e-01,-4.312835613342175245e-01,-4.515892469368735368e-02,1.095582465530185123e+00,2.571032560998958161e+00
-2.509712467666218583e-01,-2.509715908964654241e-01,-2.509715908964654241e-01,-2.509715908964654241e-01,-2.509715908964654241e-01,-2.672425123947271275e-01,-7.569845604526158622e-01,-1.073214014854509957e+00,6.117827810747773487e-01,2.740515916979620936e+00
1.430158003123450372e-01,7.892733289630324833e-01,7.892733289630324833e-01,7.892733289630324833e-01,7.892733289630324833e-01,7.892733289630324833e-01,-2.526101682164110240e-01,-2.052731721791048791e+00,-1.596828794880977620e+00,-1.872117602390752089e-01
-2.214794799182927321e+00,-1.326499009067543700e+00,-3.011750665938880966e-01,7.215610722474699035e-01,1.314645909698242576e+00,7.662965079634896925e-01,2.511413952851161008e-02,1.364881631650574079e-01,4.195470778891075003e-01,4.588160043525097986e-01
-5.485229432291176543e-01,-5.485229432291176543e-01,-5.485229432291176543e-01,-5.485229432291176543e-01,-5.485229432291176543e-01,-5.485229432291176543e-01,-4.597495504572572944e-01,5.040385756201116313e-02,1.100237713426122088e+00,2.600245638843868168e+00
6.956883696018242302e-01,6.956883696018242302e-01,6.956883696018242302e-01,6.956883696018242302e-01,6.956883696018242302e-01,5.134809069281451865e-01,-1.386512529573216579e+00,-1.998750602857436220e+00,-1.081756548911663396e+00,4.750969264050058927e-01
1.631616360947929056e+00,1.003227695506149209e+00,3.703629379303781666e-01,-2.552388293948255615e-01,-1.009907345320036010e+00,-1.524548446797804768e+00,-1.177103021837408114e+00,-5.264425510217415338e-01,6.633506097449529681e-01,8.246825902423992050e-01
1.497485001204962529e+00,5.504013816640790369e-01,-2.492782998972788988e-01,-8.439676800797403233e-01,-9.414820447584265617e-01,3.350580115349522381e-01,1.486973788537022889e+00,6.100284639899691275e-01,-1.426043852546420521e+00,-1.019174769649008550e+00
8.495277077123484233e-01,8.495277077123484233e-01,8.495277077123484233e-01,8.495277077123484233e-01,8.495277077123484233e-01,1.981061009616924828e-01,-1.692299860622208163e+00,-1.596015065961535528e+00,-9.458324264200003162e-01,-2.115972865196804054e-01
