-2.465555357347693377e+00,-6.493464241533203340e-01,8.562972073440511256e-01,8.099780424805079759e-01,-3.759816437266080835e-01,-7.139828706763549915e-02,3.159858746886493042e-01,9.996106549116436091e-02,1.267427988561908303e-01,1.353316723434720315e+00
1.565432405492534595e+00,1.210851793490874018e+00,8.562725544470216610e-01,5.410901904217927383e-01,1.865102648990376588e-01,-1.680692862147178113e-01,-4.391440235148230675e-01,-9.892687842368940165e-01,-1.376804564401791886e+00,-1.386870550383023204e+00
1.966074774218039556e+00,1.044310733354556042e+00,1.225463920494329617e-01,-6.864410755718113322e-01,-1.131640259974057594e+00,-1.324763426639931296e+00,-1.020615587169790395e+00,5.871312843673940490e-02,4.732880607090266811e-01,4.985272605877736907e-01
6.931489653283812169e-01,8.294426032148078942e-01,9.486999634625483679e-01,1.043538074446342501e+00,1.016499979545726351e+00,1.941239088539418456e-01,-8.187438545699129433e-01,-1.238255955804604458e+00,-1.386141578943704822e+00,-1.282312105533526259e+00
1.933608191269200249e+00,1.353815314599364994e+00,7.120188210197719858e-01,1.195912070390100362e-01,-5.222051472973303632e-01,-1.045965332217111410e+00,-1.241890662017349323e+00,-9.265122136960696198e-01,-3.713878340191110738e-01,-1.107234468037991693e-02
-2.050661025334938437e+00,-1.275219276707251659e+00,-8.362889934914654599e-01,-2.390871180558113429e-01,3.552116306886495267e-01,7.630492418566829915e-01,8.498528012792445629e-01,8.551637637311129136e-01,8.362851532451143211e-01,7.416938227886687995e-01
-1.828198666108292514e+00,-8.481660991520811876e-01,2.148692162328224853e-01,8.047482894231904327e-01,2.641210355498839202e-01,-8.516134292345040047e-01,-6.999728415785997360e-01,2.485434102134996825e-01,9.859605003228693043e-01,1.709708584331235182e+00
-3.474194113950446194e-01,-3.207391486465386299e-01,-2.939897688255512231e-01,-2.696726057853350289e-01,-2.627118187035918928e-01,-8.062329777535556241e-01,-1.272523958507837394e+00,-4.344211629792812251e-02,1.203145952563423826e+00,2.413585853351981836e+00
1.573059461324625596e+00,1.257237237421897191e+00,8.643839614460346876e-01,5.474615361343626585e-01,1.513123220743271824e-01,-2.448445263813644190e-01,-5.617669516930364759e-01,-8.786893770046941832e-01,-1.195617739840343363e+00,-1.512535923481779676e+00
8.553381638757167060e-01,1.823701948169791809e+00,1.434611500120920313e+00,2.055316953137554248e-01,-8.880515821967682744e-01,-1.187795813503353726e+00,-9.995375447836163385e-01,-6.977696459676776541e-01,-3.306167838422504612e-01,-2.154119371865249877e-01
-1.147411024421852721e+00,-1.029949017954115975e+00,-8.414310575707922846e-01,-6.383414120024990535e-01,-5.687167559479756607e-01,-3.528911701593477890e-01,4.028852560931616145e-01,1.250882849793173435e+00,1.625953485381299357e+00,1.299018846788950521e+00
1.926140862619035277e+00,1.381936664131349968e+00,7.540087867588826098e-01,2.306639309760440959e-01,-5.020118379997620117e-01,-8.556348727390052922e-01,-8.736057042331533129e-01,-9.409359129059655658e-01,-1.057843229897839521e+00,-6.271868670956806668e-02
-8.866150666811879466e-01,-1.110058667887451334e+00,-1.134755994661067247e+00,-7.555099918916007296e-01,-3.284773509721104490e-01,-8.685266341095798648e-02,2.435437651361890554e-01,8.234620539661084981e-01,1.486057079935086289e+00,1.749206836466977055e+00
1.005002698546969553e+00,9.257320250171950926e-01,8.464625767359922337e-01,7.816052312428775073e-01,3.988196382261047779e-01,-1.120652714956906104e+00,-1.687827497745176375e+00,-1.372752839313896356e+00,-4.496362391295057881e-01,6.732471213763538964e-01
