4.170516311823929123e-01,8.658933305071490061e-01,8.658933305071490061e-01,3.309322530243832272e-01,-1.335706594835853078e+00,-1.574472370182084635e+00,-1.239423109479672824e+00,-3.805744601218568057e-01,7.363747993780648260e-01,1.314031190020316986e+00
-1.045300348766914578e+00,-8.440796316339671534e-01,-8.825125843235098744e-01,-1.003725096881652012e+00,-8.033454203301306773e-01,1.669877460074312703e-01,6.281102201211327118e-01,8.354014078386241549e-01,1.091686022268642420e+00,1.856777685700333969e+00
2.024474411265232976e-01,5.842659548245283663e-01,9.629031511835758339e-01,1.267297989442443651e+00,1.293562366192706259e+00,2.574482347367182400e-01,-8.481191064131011759e-01,-1.280051955925015195e+00,-1.282113897326114138e+00,-1.157640177842230500e+00
-1.695680253118082847e-01,4.652662669882589586e-01,1.217557391349490814e+00,1.642705782304030748e+00,1.221838906908710720e-01,-1.324985100102354929e+00,-1.681037508648640211e+00,-8.674504016765507419e-01,1.500513230530606534e-01,4.452763813536179671e-01
-4.939784692655345144e-01,-4.939786270194245765e-01,-6.956709700956870135e-01,-1.124791310122328580e+00,-1.076873093182944219e+00,-5.934729003143434101e-01,1.764818676564516575e-01,1.256255334442684779e+00,1.522876128174949661e+00,1.523152039726199503e+00
2.313602579416681460e-01,-6.153313200764971153e-02,-3.009413894208822771e-01,-6.064109858618339510e-01,-1.098525737152368231e+00,-1.215615634062713779e+00,-6.746830050422480962e-01,2.947959492953251548e-01,1.286939066228060646e+00,2.144614610082633988e+00
1.699035516167564097e+00,1.333005520871899385e+00,9.225045361614651052e-01,5.176558487055938906e-01,7.323569149663918670e-03,-9.197068111515268596e-01,-1.150260060190856359e+00,-1.070742957409892115e+00,-7.107820776977027410e-01,-6.280330846061953354e-01
-1.153173175251539950e+00,-8.909999004805517764e-01,-8.208266784359877777e-01,-9.397065626529508275e-01,-7.367660535573961056e-01,-2.973925272896652330e-02,1.009307385087208742e+00,1.691687438957099054e+00,1.204289461296604413e+00,6.659273377664783888e-01
-1.309814963270768295e+00,-1.012613466134536289e+00,-6.365646053670755977e-01,-3.791882804050080713e-01,-6.969921423990822484e-01,-4.940459667581932335e-01,3.614039226622526857e-01,1.236575123670451637e+00,1.360792176991509006e+00,1.570448201010463674e+00
-2.101816380587529842e+00,-4.585011470277752244e-01,8.874463109371486524e-01,3.622929199972093617e-01,-7.260268660930077056e-01,-8.129515564202157707e-01,-1.521478939833906252e-01,6.057589775835621193e-01,1.183971056771265573e+00,1.211974578822714088e+00
-1.801157171905410026e+00,-1.301826084288678187e+00,2.313325829478811088e-02,1.168640062220753784e+00,1.190362370196294872e+00,9.974410896474336652e-02,-3.602282000654302152e-01,-4.109443309908087372e-01,-9.371197349348214800e-03,1.401647184923066058e+00
