134.335771,131.461450,122.723446,116.586198,114.545656,111.630402,109.718087,107.797333,106.565933,113.144832
119.973194,121.038582,120.665482,121.111938,126.564400,133.985457,146.479012,154.891268,158.925382,162.522120
161.423394,156.389630,149.909197,140.953550,131.637486,123.924317,122.329354,125.388902,139.593501,152.259918
157.381583,157.586128,154.275028,144.328025,131.504213,121.350935,116.623002,114.875038,114.763903,115.188757
119.352966,132.198683,145.347455,150.777579,127.682506,123.447086,123.159992,121.961639,121.099468,121.219809
116.566101,114.003385,119.069507,127.170999,123.655940,119.782170,116.486940,110.656397,106.627693,103.622393
107.402186,115.954746,117.647225,117.576500,113.468754,107.782354,103.141336,101.886572,104.028368,108.968516
114.905250,121.501625,128.001445,131.376287,124.595803,110.742184,108.538348,108.599140,108.899442,113.542678
126.289800,138.813004,152.075420,156.623876,145.902892,138.008584,137.158770,137.397338,137.233186,132.938340
124.607712,116.046383,106.238000,99.731974,99.977052,103.692738,108.418204,110.769604,115.355347,120.283540
125.759309,132.330230,139.448730,145.537266,140.944330,131.671633,128.518414,128.598694,129.022041,132.777326
138.121870,144.513481,151.366036,151.100999,128.041157,123.495781,124.621251,124.697456,125.163513,124.001873
114.557007,111.781756,101.593907,98.341776,96.739156,95.946833,96.152023,97.554684,97.818210,97.818207
