127.931004,125.483490,119.784202,118.550462,118.083168,117.532136,116.824484,115.526018,115.316302,115.292808
114.160636,112.617006,110.178400,107.297500,104.481184,103.638188,103.376052,103.468600,105.300566,110.656190
118.866132,127.471950,132.592605,138.386576,142.697870,144.952160,147.195164,146.329373,141.996528,134.538594
130.778160,123.669668,114.231250,108.288665,105.992433,105.124273,104.314000,102.920895,101.978077,102.103620
104.518828,108.853086,113.269128,118.175842,123.082558,127.400462,129.337368,125.025445,115.868644,110.233297
110.049326,112.266368,114.710931,117.149325,118.580270,115.736956,110.226338,108.782176,108.781010,93.240864
142.762000,140.857988,134.496466,133.018235,132.527038,132.404287,132.857610,133.003204,131.534335,124.061255
122.475228,123.758206,124.818628,121.744052,111.702310,106.417158,104.501856,104.893384,107.485382,108.892808
110.071674,112.452293,115.002966,117.270222,119.820888,122.001152,123.226642,123.862228,124.100702,124.334532
124.311142,123.986373,123.244060,122.466258,121.740312,116.662354,103.706017,98.170065,97.865200,97.865200
142.378010,142.378010,140.943627,130.704784,127.899514,128.585559,130.326271,130.874970,128.168879,123.580341
125.085398,124.383965,120.153754,113.726853,109.795380,108.837333,107.224692,107.242010,111.169000,118.302995
125.728600,130.042005,127.885550,121.377650,118.606770,118.387730,118.911786,120.570336,121.192310,120.937666
119.597302,115.317536,110.896002,108.573964,107.372970,105.859690,105.372518,103.556868,103.329154,110.594390
120.460764,123.835160,120.393900,117.302618,117.090935,115.906688,113.121822,110.785968,107.632960,103.198902
99.428185,98.684274,98.377850,98.152125,99.524586,102.460385,104.940957,108.478837,111.036434,111.414205
110.629961,107.841417,104.838557,102.035877,99.083022,96.488433,92.409169,92.015641,100.566484,106.925961
107.335520,107.587258,108.113002,108.596558,107.870070,98.518018,92.174975,88.904478,84.954645,82.981828
