128.442005,128.442020,128.442020,128.442020,128.442020,126.780762,119.025656,114.471418,112.755704,111.850125
113.244082,118.550692,132.401480,149.775498,166.763436,174.479600,174.170027,172.391988,170.320653,168.373642
167.518710,168.212174,169.811000,171.229157,157.765835,138.745130,135.480495,135.471008,135.447534,133.305238
125.984109,120.995715,117.257961,115.292179,112.036280,104.732900,97.126424,94.572466,94.562100,94.562100
162.234119,155.740315,155.007858,155.823260,152.835168,142.414592,124.116915,113.522050,119.482878,123.079797
125.950495,127.049860,128.149225,129.248595,130.302155,131.172485,131.538940,131.722170,131.951205,131.997010
131.313697,128.513737,123.213863,116.939635,112.155658,109.682045,108.360147,108.093393,108.155957,109.694828
120.450463,137.946224,154.178510,162.444603,147.683520,141.552284,141.886525,143.124340,140.460470,128.334680
131.470842,132.871702,126.550818,121.472152,118.913468,117.216684,116.066088,115.735602,114.837552,110.470080
107.757530,107.571420,106.232920,104.591368,104.425642,106.268032,110.182100,112.900640,114.162674,118.325672
121.370500,118.557600,109.125172,105.671068,105.299204,104.938584,103.688686,102.449290,101.702784,103.012546
109.410295,115.674873,119.826410,120.729203,119.010397,115.902417,111.554372,108.411383,104.497545,102.090620
104.379686,112.331140,121.098620,129.866095,137.303850,138.193314,133.558262,131.243779,131.032768,131.662741
133.906514,133.603500,132.202842,129.810868,117.897403,114.561000,114.561000,114.561000,114.561000,114.561000
113.601110,114.288113,115.083730,115.321807,115.256833,114.804833,114.085417,113.661603,113.703667,114.839445
118.833058,122.894548,123.541936,121.201020,115.875436,112.112255,109.741920,108.217647,107.772482,105.999413
165.315000,165.315000,165.315000,165.315000,160.032998,152.379995,152.151518,152.370190,150.733113,147.531873
146.034425,146.048793,144.881103,132.637127,116.725638,111.086432,110.665252,110.541395,115.946910,146.198963
161.095813,163.341127,163.919695,159.306993,151.367793,147.749117,145.867147,143.401948,142.447403,142.398503
144.357129,149.713446,155.214926,158.214583,135.147384,121.024584,120.222021,122.639417,120.160882,117.146523
117.519703,117.481962,117.180640,116.546085,115.429860,113.273560,110.035753,108.024830,108.321062,111.165250
112.909963,111.236420,109.867182,109.814005,107.184090,101.942762,97.813678,95.034652,91.673845,91.029208
91.502097,92.442796,93.451553,94.309466,95.528201,99.436479,103.755026,108.167865,110.102783,115.604060
130.319176,133.813900,125.943372,117.124554,108.817466,103.149570,99.848356,99.503200,99.503200,99.503200
