158.433000,158.433000,157.849577,156.040490,157.973389,163.970152,167.940496,167.336193,163.606086,159.025792
148.929610,134.938353,118.388957,114.782033,120.347627,130.065168,141.070460,148.809276,155.943873,157.860375
155.341878,152.115342,148.888807,145.954188,139.867722,130.102352,124.516937,123.144232,123.817427,122.934518
121.954716,121.655654,120.560768,116.546452,110.872266,104.182400,102.390068,104.813558,110.373670,113.559288
113.910000,114.308314,120.802245,126.670960,124.516442,121.238752,120.401728,120.080313,119.750622,119.378730
118.806707,118.283160,117.759613,117.236068,116.733272,110.114677,101.361468,97.275105,95.383784,97.216370
104.224962,112.926177,121.637927,130.349677,139.043161,141.683123,141.457303,141.444490,142.263888,141.927005
137.252649,133.602352,126.322429,118.023643,107.733716,107.490958,109.666074,109.795787,106.913742,106.066009
118.695007,118.211758,111.555698,105.526308,106.954337,112.250070,123.275903,133.817028,137.447388,141.922827
146.950944,139.364410,124.790363,114.178200,107.623582,105.633802,105.359046,107.615782,118.320316,128.669210
136.121930,137.152530,135.106523,130.147003,126.022257,119.553417,114.120863,110.080065,105.437483,100.536450
95.885503,94.775431,100.628429,110.284478,114.683702,112.528806,112.988023,112.926319,112.104528,110.271108
169.888515,184.087732,179.838750,139.215116,111.802003,105.497170,103.087256,100.585830,97.509710,94.363032
97.796792,104.617937,109.872814,114.885324,110.009974,105.798791,108.139048,122.504691,135.195846,141.719540
143.397892,139.113764,127.349998,117.731268,113.071634,108.933165,105.760418,102.800554,101.549854,100.909820
100.563753,104.494485,109.353925,99.294555,95.153161,95.765321,99.122795,104.291446,108.594041,121.864846
170.473088,201.565370,206.547120,187.035840,135.369302,97.894480,95.328866,95.361272,95.366610,69.538152
