155.104008,155.104020,154.982516,152.526090,150.228065,151.815482,158.285400,162.843170,164.141692,164.121506
162.002118,157.910248,153.392745,144.515405,121.538542,108.833680,105.483390,104.653700,102.484378,101.107552
105.332075,107.485540,107.496357,108.023072,113.364765,122.433418,131.898178,135.993997,137.538024,136.600865
134.841122,124.349326,107.988426,105.997794,114.138796,124.545780,132.444744,138.385139,139.735000,139.735000
140.870000,140.763167,134.114000,128.441972,127.007710,122.805688,120.849632,121.225005,122.853502,125.328418
127.943710,130.733758,133.204195,134.964860,130.773138,118.891640,113.356836,111.272208,110.483684,110.799542
116.197812,128.343254,136.504370,137.820834,137.549824,137.020602,136.565656,137.337734,139.335400,141.740604
141.024147,135.619003,126.350792,121.092477,118.977148,117.118685,115.417190,114.149575,113.525693,113.609077
114.485850,116.028501,117.571153,118.460760,116.821496,113.501070,109.836015,108.009960,107.113157,105.881200
104.386553,104.045470,103.787980,104.241722,104.796432,107.678336,110.622065,104.440382,87.464643,86.114444
93.361728,104.663962,116.969141,123.559983,118.470260,112.851780,111.934495,112.301204,112.751297,112.362143
111.826919,111.427037,110.292136,108.758276,106.105026,103.245313,101.333753,100.043044,98.833906,98.496544
