feature:dung2,3,0,2,2,0,2,0,0,3,9,0,0,3,4,0,0,0,0,0,130,0,0,1,0,1,NONE,0,NONE
f0:121.055602,120.927945,120.18685,120.035202,121.329518,124.4380875,131.274122,144.869888,150.1768825,150.104238
feature:si2,2,3,3,2,2,2,0,0,3,8,1,0,3,3,1,0,0,0,0,0,0,0,1,1,1,NONE,NONE,NONE
f0:149.954404,150.948873333,152.727502,154.33162,155.17313,146.384184,126.838078,119.38815,114.287015,112.034016
feature:zoeng2,3,2,2,2,2,2,0,0,3,7,2,0,3,2,2,0,0,0,0,0,0,0,1,1,1,NONE,NONE,NONE
f0:112.763675,117.066295714,120.930118333,118.827107143,113.528638333,115.989016667,127.483595714,140.896405,142.680825714,136.131468333
feature:hai2,2,3,3,2,2,4,0,0,3,6,3,0,3,1,3,0,0,0,0,0,0,0,1,1,1,NONE,NONE,NONE
f0:136.78303,139.369202,140.391165,136.142046,121.53865,113.922118,112.253654,112.640905,115.741338,125.913604
feature:gung4,3,2,2,4,2,1,0,0,3,5,4,0,3,0,4,0,0,1,129.909,0,0,129.909,1,1,1,NONE,NONE,Accented
f0:138.104,151.013978333,155.989322,145.062848,134.816611667,135.10405,136.96888,138.69252,140.700963333,141.707234
feature:si1,2,3,3,1,4,2,0,0,2,4,5,0,2,1,5,1,0,0,132.909,129.909,129.909,132.909,1,1,1,Accented,NONE,NONE
f0:143.288393333,147.194255714,151.362791667,154.364694286,150.32037,141.365228333,140.84122,141.499493333,141.763455714,141.667016667
feature:gwun2,3,2,2,2,1,1,0,1,2,3,6,1,2,0,0,0,1,1,128.091,132.909,132.909,128.091,1,1,1,NONE,Accented,Accented
f0:141.1642,140.732314,131.011753333,116.848366,115.397165,117.543721667,121.644268,128.127478333,132.282756,132.047153333
feature:lei1,2,3,3,1,2,1,0,1,1,2,7,1,1,0,1,1,0,1,131.72751,128.091,128.091,131.72751,1,1,1,Accented,NONE,Accented
f0:129.4752675,127.0808575,121.43065,115.433985,111.336884,110.4174025,110.8783775,111.478005,111.444085,110.8680625
feature:zik1,3,2,2,1,1,2,0,2,0,1,8,2,0,10,0,1,1,0,130.364,131.72751,131.72751,0,1,1,3,Accented,Accented,NONE
f0:110.845322,115.687043333,126.152852,136.076121667,137.512176,133.089572,132.796046667,133.635052,133.673,106.9384
feature:wai2,2,3,2,2,1,2,0,3,0,0,9,3,0,9,0,0,1,0,0,0,130.364,0,3,1,1,NONE,Accented,NONE
f0:111.433455,114.361284286,111.033668333,108.746015,106.0565,104.623185,104.538485,103.89861,102.169802857,100.327881667
feature:hai2,2,2,3,2,2,2,0,0,1,11,0,0,1,8,1,0,0,0,0,0,0,0,1,3,1,NONE,NONE,NONE
f0:137.353,137.353,133.530215714,119.604071667,111.340071429,110.212058333,112.228918571,112.264573333,110.010702857,109.81911
feature:dung2,3,2,2,2,2,2,0,0,1,10,1,0,1,7,2,0,0,0,0,0,0,0,1,1,1,NONE,NONE,NONE
f0:111.951904,111.7713325,110.341882,110.489838,114.213572,119.4099825,125.521604,133.142838,139.011355,140.147118
feature:si2,2,3,2,2,2,2,0,0,1,9,2,0,1,6,3,0,0,0,0,0,0,0,1,1,1,NONE,NONE,NONE
f0:139.375973333,138.011586667,136.647418333,135.283251667,133.71823,123.515305,112.791778333,109.32421,105.820321667,104.937613333
feature:kwui2,2,2,2,2,2,2,0,0,1,8,3,0,1,5,4,0,0,0,0,0,0,0,1,1,1,NONE,NONE,NONE
f0:105.145048,107.025588,109.4072325,111.318452,112.815584,116.025484,125.966536,131.08759,125.74627,115.956582
feature:ngaa2,2,2,2,2,2,2,0,0,1,7,4,0,1,4,5,0,0,0,0,0,0,0,1,1,1,NONE,NONE,NONE
f0:113.094478,112.379306,109.693812,107.798406,108.094191667,110.79932,111.310678,109.80375,109.350588,109.422728
feature:tau2,2,2,3,2,2,6,0,0,1,6,5,0,1,3,6,0,0,0,0,0,0,0,1,1,1,NONE,NONE,NONE
f0:109.532575714,109.653411667,109.773982857,109.856323333,106.055922857,97.4756928571,92.358085,85.9408728571,87.1784633333,90.5896171429
feature:jik6,3,2,2,6,2,2,0,0,1,5,6,0,1,2,7,0,0,0,0,0,0,0,1,1,1,NONE,NONE,NONE
f0:125.3380025,125.33801,125.33801,124.7193625,120.36769,115.967203333,112.5202125,110.832695,110.863756667,111.7546575
feature:hai2,2,3,3,2,6,4,0,0,1,4,7,0,1,1,8,0,0,0,0,0,0,0,1,1,1,NONE,NONE,NONE
f0:115.615256667,120.439856,122.636695,120.852586,115.201655,112.102324,111.379221667,111.647372,113.198308333,121.24859
feature:gung4,3,2,2,4,2,1,0,0,1,3,8,0,1,0,9,0,0,1,117.909,0,0,117.909,1,1,1,NONE,NONE,Accented
f0:133.774605,140.843766,137.84803,134.016616,134.164475,135.534008,137.618761667,138.667432,138.302975,134.916408
feature:si1,2,3,2,1,4,2,0,0,0,2,9,0,0,2,10,1,0,0,120.909,117.909,117.909,120.909,1,1,1,Accented,NONE,NONE
f0:133.812096,135.672446,138.742308,141.853698,145.148741667,146.285478,141.869374,136.233276,134.672928,133.02277
feature:ngaa2,2,2,2,2,1,2,0,1,0,1,10,1,0,1,0,0,1,0,0,120.909,120.909,0,1,1,4,NONE,Accented,NONE
f0:127.117932857,109.505966667,87.7087228571,99.5892871429,111.561132857,111.540023333,111.556948571,111.564145714,112.781631667,115.949784286
feature:tau2,2,2,0,2,2,0,0,1,0,0,11,1,0,0,1,0,0,0,110,0,0,0,4,1,0,NONE,NONE,0
f0:119.541855714,122.998514286,123.035362857,109.701865714,96.5676314286,92.2997866667,88.53057,87.7122,87.7122,87.7122
