feature:hai2,2,0,3,2,0,1,0,0,1,2,0,0,1,0,0,0,0,1,132.60001,130,0,132.60001,1,0,1,NONE,0,Accented
f0:119.891007143,119.89101,119.89101,119.889313333,116.960861429,112.240723333,111.68786,111.158453333,111.882541429,114.788585
feature:lek1,3,2,3,1,2,3,0,0,0,1,1,0,0,1,1,1,0,0,135.60001,132.60001,132.60001,135.60001,1,1,3,Accented,NONE,NONE
f0:118.773342222,124.56689,131.42363625,136.520453333,139.461741111,144.468754444,147.023111111,144.29599125,137.816026667,131.042267778
feature:ging3,3,3,2,3,1,1,0,1,0,0,2,1,0,0,0,0,1,1,122.8,135.60001,135.60001,132.8,3,1,1,NONE,Accented,Accented
f0:122.716087143,110.686266667,103.796038571,103.24893,103.687382857,104.033,104.0602,103.023028571,102.278951667,102.211008571
feature:sai1,2,3,2,1,3,2,0,0,1,5,0,0,1,3,1,1,0,0,130.8,132.8,122.8,130.8,1,3,1,Accented,NONE,NONE
f0:154.00600125,154.006,154.006,154.006,153.177625,139.775708571,133.341115,134.59323875,135.242574286,136.05725
feature:lei2,2,2,2,2,1,3,0,0,1,4,1,0,1,2,0,0,1,0,0,130.8,130.8,0,1,1,1,NONE,Accented,NONE
f0:135.546396667,129.547917143,123.652568333,114.443276667,105.093635714,101.205111667,100.401141667,100.227183333,100.63838,103.417956667
feature:ge3,2,2,3,3,2,2,0,0,1,3,2,0,1,1,1,0,0,0,0,0,0,0,1,1,1,NONE,NONE,NONE
f0:107.38301,110.5034875,112.131565,112.116675,110.5351725,109.0989775,108.833085,108.4730225,107.42552,107.1456175
feature:soeng2,3,2,3,2,3,1,0,0,1,2,3,0,1,0,2,0,0,1,120.6,0,0,120.6,1,1,1,NONE,NONE,Accented
f0:110.98119,118.73213,126.656482857,131.931526667,125.55369,119.80669,121.464738333,121.76137,119.187243333,112.42627
feature:faan1,3,3,2,1,2,4,0,0,0,1,4,0,0,1,3,1,0,0,123.6,120.6,120.6,123.6,1,1,4,Accented,NONE,NONE
f0:104.560301667,97.1777542857,92.3275316667,92.0539471429,94.8829116667,96.8004166667,101.336138571,107.87147,110.190031429,109.506035
feature:ci4,2,3,0,4,1,0,0,1,0,0,5,1,0,0,0,0,1,0,110,123.6,123.6,0,4,1,0,NONE,Accented,0
f0:107.948204286,106.222602857,104.497005714,103.020248571,101.1469,93.4616157143,80.2979942857,77.6594,77.6594,77.6594014286
