feature:jyun6,3,0,3,6,0,2,0,0,2,12,0,0,2,9,0,0,0,0,0,130,0,0,1,0,1,NONE,0,NONE
f0:134.335771429,131.46145,122.723445714,116.586198333,114.545655714,111.630401667,109.718087143,107.797333333,106.565932857,113.144831667
feature:bun2,3,3,2,2,6,2,0,0,2,11,1,0,2,8,1,0,0,0,0,0,0,0,1,1,1,NONE,NONE,NONE
f0:119.973194,121.038582,120.665482,121.111938,126.5644,133.9854575,146.479012,154.891268,158.925382,162.52212
feature:hoi2,2,3,2,2,2,6,0,0,2,10,2,0,2,7,2,0,0,0,0,0,0,0,1,1,1,NONE,NONE,NONE
f0:161.423394286,156.38963,149.909197143,140.95355,131.637485714,123.924316667,122.329354286,125.388901667,139.593501429,152.259918333
feature:on6,2,2,3,6,2,3,0,0,2,9,3,0,2,6,3,0,0,0,0,0,0,0,1,1,1,NONE,NONE,NONE
f0:157.381583333,157.586128333,154.275028333,144.328025,131.504213333,121.350935,116.623001667,114.875038333,114.763903333,115.188756667
feature:sin3,3,2,3,3,6,6,0,0,2,8,4,0,2,5,4,0,0,0,0,0,0,0,1,1,1,NONE,NONE,NONE
f0:119.352965556,132.198683333,145.347455,150.777578889,127.682505556,123.447085556,123.159992222,121.96163875,121.099467778,121.219808889
feature:wok6,3,3,2,6,3,6,0,0,2,7,5,0,2,4,5,0,0,0,0,0,0,0,1,1,1,NONE,NONE,NONE
f0:116.566101429,114.003385,119.069507143,127.170998571,123.65594,119.78217,116.48694,110.656397143,106.627693333,103.622392857
feature:mou6,2,3,2,6,6,2,0,0,2,6,6,0,2,3,6,0,0,0,0,0,0,0,1,1,1,NONE,NONE,NONE
f0:107.402186,115.954746,117.647225,117.5765,113.468754,107.782354,103.141336,101.886571667,104.028368,108.968516
feature:hai2,2,2,2,2,6,3,0,0,2,5,7,0,2,2,7,0,0,0,0,0,0,0,1,1,1,NONE,NONE,NONE
f0:114.90525,121.501625,128.001445,131.376286667,124.595803333,110.742184,108.538348333,108.59914,108.899441667,113.542678333
feature:gaa3,2,2,2,3,2,5,0,0,2,4,8,0,2,1,8,0,0,0,0,0,0,0,1,1,1,NONE,NONE,NONE
f0:126.2898,138.813004,152.07542,156.623876,145.902892,138.008584,137.15877,137.397338333,137.233186,132.93834
feature:haa5,2,2,3,5,3,1,0,0,2,3,9,0,2,0,9,0,0,1,120.714,0,0,120.714,1,1,1,NONE,NONE,Accented
f0:124.607712,116.046383333,106.238,99.731974,99.9770516667,103.692738,108.418204,110.769604,115.355346667,120.28354
feature:ceng1,3,2,3,1,5,1,0,0,1,2,10,0,1,0,10,1,0,1,123.85699,120.714,120.714,123.85699,1,1,1,Accented,NONE,Accented
f0:125.759308571,132.33023,139.44873,145.537265714,140.94433,131.671632857,128.518414286,128.59869375,129.022041429,132.777325714
feature:saan1,3,3,2,1,1,3,0,1,0,1,11,1,0,1,0,1,1,0,122,123.85699,123.85699,0,1,1,4,Accented,Accented,NONE
f0:138.12187,144.513481429,151.36603625,151.100998571,128.041157143,123.495781429,124.621251429,124.69745625,125.163512857,124.001872857
feature:dou3,2,3,0,3,1,0,0,2,0,0,12,2,0,0,0,0,1,0,110,0,122,0,4,1,0,NONE,Accented,0
f0:114.557007143,111.781755714,101.593907143,98.3417757143,96.7391557143,95.9468328571,96.1520228571,97.5546842857,97.81821,97.8182071429
