feature:zeoi3,2,0,2,3,0,1,0,0,3,8,0,0,3,0,0,0,0,1,133.776,130,0,133.776,1,0,1,NONE,0,Accented
f0:126.613002,126.61301,126.61301,126.722574,128.700172,130.00027,130.088022,130.326002,131.2839425,133.543958
feature:co1,2,2,3,1,3,1,0,0,2,7,1,0,2,0,1,1,0,1,137.36749,133.776,133.776,137.36749,1,1,1,Accented,NONE,Accented
f0:137.594213333,142.39581,147.157396667,149.966038333,146.42871,143.276086667,144.497351667,146.524498333,146.375666667,140.278786667
feature:hoeng1,3,2,3,1,1,2,0,1,1,6,2,1,1,2,0,1,1,0,135.959,137.36749,137.36749,135.959,1,1,1,Accented,Accented,NONE
f0:136.687695,142.852476667,150.550636667,149.901178333,149.169453333,149.912354,151.027226667,151.171106667,149.762111667,146.340018333
feature:gong2,3,3,2,2,1,3,0,2,1,5,3,2,1,1,0,0,1,0,0,135.959,135.959,0,1,1,1,NONE,Accented,NONE
f0:137.97645,124.977886,111.799406,108.452648,110.30432,116.4816,122.756784,130.266302,136.668692,142.023872
feature:ge3,2,3,2,3,2,1,0,2,1,4,4,2,1,0,1,0,0,1,129.694,0,0,129.694,1,1,1,NONE,NONE,Accented
f0:147.378776667,147.717456667,142.6026975,132.681883333,126.85145,123.709203333,121.105753333,117.0981,114.69509,113.629646667
feature:geoi1,2,2,3,1,3,2,0,2,0,3,5,2,0,8,2,1,0,0,132.694,129.694,129.694,132.694,1,1,1,Accented,NONE,NONE
f0:114.15845,119.978468571,126.939921667,133.901374286,141.245907143,142.9863,135.137467143,135.277738333,136.70225,134.232832857
feature:cong2,3,2,2,2,1,2,0,3,0,2,6,3,0,7,0,0,1,0,0,132.694,132.694,0,1,1,1,NONE,Accented,NONE
f0:129.322774286,124.63699875,119.944002857,115.840035714,112.60459625,111.68058875,113.150965714,120.030847143,131.3671525,131.643704286
feature:hai2,2,3,2,2,2,2,0,3,0,1,7,3,0,6,1,0,0,0,0,0,0,0,1,1,3,NONE,NONE,NONE
f0:130.7748,130.080448333,129.308955,127.726,117.459916667,109.163903333,107.687475,107.736183333,107.660138333,107.323515
feature:hai2,2,2,2,2,2,2,0,3,0,0,8,3,0,5,2,0,0,0,0,0,0,0,3,1,1,NONE,NONE,NONE
f0:106.803331667,106.223101667,105.814058,105.481618333,105.122411667,106.438875,113.168668333,122.311368,124.266015,121.476451667
feature:bou2,2,2,3,2,2,4,0,0,0,3,0,0,0,4,3,0,0,0,0,0,0,0,1,3,1,NONE,NONE,NONE
f0:117.166998333,114.347128333,105.25992,102.64822,104.219923333,109.94834,116.988611667,123.835068,132.477045,141.590828333
feature:leng4,3,2,3,4,2,6,0,0,0,2,1,0,0,3,4,0,0,0,0,0,0,0,1,1,1,NONE,NONE,NONE
f0:143.243721667,141.010862857,132.947901667,120.674095,106.336787143,99.6506433333,98.3027516667,98.0901,97.8918928571,97.8449016667
feature:duk6,3,3,2,6,4,3,0,0,0,1,2,0,0,2,5,0,0,0,0,0,0,0,1,1,3,NONE,NONE,NONE
f0:120.900418333,113.003928,106.233805,104.167216,103.065848333,103.227973333,103.940042,103.554208333,101.647034,83.402795
feature:dou3,2,3,3,3,6,4,0,0,0,0,3,0,0,1,6,0,0,0,0,0,0,0,3,1,3,NONE,NONE,NONE
f0:121.798753333,113.771585,103.964545,101.145565,99.7992483333,101.200891667,102.006738333,101.943268333,100.753361667,100.013131667
feature:tung4,3,2,3,4,3,1,0,0,0,0,0,0,0,0,7,0,0,1,115.714,0,0,125.714,3,3,1,NONE,NONE,Accented
f0:122.887001667,122.887,122.636833333,115.219793333,104.197505,98.487944,97.3308883333,94.5796216667,92.9945933333,92.9665016667
feature:gin1,3,3,2,1,4,2,0,0,1,4,0,0,1,2,8,1,0,0,123.714,125.714,115.714,123.714,1,3,1,Accented,NONE,NONE
f0:149.422,149.3199,143.774138333,139.688694,140.60258,141.940273333,141.093922,139.905625,137.737386,134.10284
feature:laa2,2,3,2,2,1,3,0,0,1,3,1,0,1,1,0,0,1,0,0,123.714,123.714,0,1,1,1,NONE,Accented,NONE
f0:130.254888,122.058352,108.721294,97.924658,93.062336,92.68692,92.68661,92.68661,92.68661,92.686606
feature:dou3,2,2,3,3,2,1,0,0,1,2,2,0,1,0,1,0,0,1,117.857,0,0,117.857,1,1,1,NONE,NONE,Accented
f0:115.0770825,114.6579,110.61475,107.205052,106.4349425,106.71432,107.169502,107.8323725,109.683464,112.08646
feature:jat1,3,2,2,1,3,2,0,0,0,1,3,0,0,1,2,1,0,0,120.857,117.857,117.857,120.857,1,1,4,Accented,NONE,NONE
f0:114.350784,119.846181667,122.0683,122.280608333,122.369486,122.8909,124.721548333,127.08931,129.461673333,131.359572
feature:daai2,2,3,0,2,1,0,0,1,0,0,4,1,0,0,0,0,1,0,110,120.857,120.857,0,4,1,0,NONE,Accented,0
f0:130.846675714,112.76815125,103.048208571,98.8325671429,96.3992825,96.4397725,98.0714957143,98.4571471429,100.97294625,102.940024286
