feature:hoeng2,3,0,3,2,0,1,0,0,3,13,0,0,3,0,0,0,0,1,132.895,130,0,132.895,1,0,1,NONE,0,Accented
f0:138.649,138.649,138.581735,135.583912,127.789131667,128.085883333,134.380796,145.191705,156.807716,164.097791667
feature:san1,3,3,2,1,2,3,0,0,2,12,1,0,2,4,1,1,0,0,135.895,132.895,132.895,135.895,1,1,1,Accented,NONE,NONE
f0:164.19821875,159.62111375,154.1422675,148.7603775,137.8360525,116.654311429,108.73908625,107.04585625,103.42613375,109.49711125
feature:bei3,2,3,3,3,1,6,0,1,2,11,2,1,2,3,0,0,1,0,0,135.895,135.895,0,1,1,1,NONE,Accented,NONE
f0:121.987596,121.988378,120.747085,120.400004,120.381458,120.919784,123.120916,126.05867,127.440996,129.012628
feature:haap6,3,2,2,6,3,5,0,1,2,10,3,1,2,2,1,0,0,0,0,0,0,0,1,1,1,NONE,NONE,NONE
f0:131.663953333,134.840142,135.29593,128.586926,114.495916667,106.58193,106.128,106.128,106.128,106.128
feature:tiu5,2,3,3,5,6,3,0,1,2,9,4,1,2,1,2,0,0,0,0,0,0,0,1,1,1,NONE,NONE,NONE
f0:155.952,155.952,155.952,155.952,154.69884,148.5220525,143.693852,140.823264,139.373868,138.89077
feature:zin3,3,2,2,3,5,1,0,1,2,8,5,1,2,0,3,0,0,1,126.05299,0,0,126.05299,1,1,1,NONE,NONE,Accented
f0:140.712655714,144.356098333,143.032064286,140.987751667,137.098428571,125.950922857,118.487183333,114.482342857,113.593235,115.175587143
feature:zi1,2,3,2,1,3,2,0,1,1,7,6,1,1,5,4,1,0,0,129.05299,126.05299,126.05299,129.05299,1,1,1,Accented,NONE,NONE
f0:119.8273225,124.2859725,129.533402,134.5090025,136.4328775,136.6951,136.5528425,136.309198,135.631885,133.5535925
feature:hau2,2,2,2,2,1,6,0,2,1,6,7,2,1,4,0,0,1,0,0,129.05299,129.05299,0,1,1,1,NONE,Accented,NONE
f0:129.319087143,124.426265,121.293558571,113.8746,107.681767143,104.652988333,100.290571429,99.32217,98.1448285714,92.5425483333
feature:zau6,2,2,2,6,2,2,0,2,1,5,8,2,1,3,1,0,0,0,0,0,0,0,1,1,1,NONE,NONE,NONE
f0:114.367994,116.396,116.396,116.31455,112.669702,105.97047,102.633418,101.713246667,100.977042,101.28789
feature:hai2,2,2,3,2,6,3,0,2,1,4,9,2,1,2,2,0,0,0,0,0,0,0,1,1,1,NONE,NONE,NONE
f0:103.439382,104.7742075,103.996044,101.17884,100.159314,99.493602,99.1568175,98.35614,97.9128475,98.101678
feature:faat3,3,2,3,3,2,2,0,2,1,3,10,2,1,1,3,0,0,0,0,0,0,0,1,1,1,NONE,NONE,NONE
f0:101.503784286,107.633718571,113.29428,118.722047143,120.550567143,112.897872857,106.092102857,100.52351,81.49155,63.0345942857
feature:ming2,3,3,3,2,3,1,0,2,1,2,11,2,1,0,4,0,0,1,118.684,0,0,118.684,1,1,1,NONE,NONE,Accented
f0:62.712505,67.6499766667,76.184055,79.75842,86.3578633333,94.44232,96.32954,97.347655,99.0891166667,99.58414
feature:caak1,3,3,2,1,2,5,0,2,0,1,12,2,0,1,5,1,0,0,121.684,118.684,118.684,121.684,1,1,4,Accented,NONE,NONE
f0:98.63847,98.77965,114.799018,144.215641667,154.195655,140.358058333,123.885223333,120.368152,119.896655,119.03113
feature:si5,2,3,0,5,1,0,0,3,0,0,13,3,0,0,0,0,1,0,110,121.684,121.684,0,4,1,0,NONE,Accented,0
f0:115.84752625,110.64575125,105.4028825,100.16001125,94.6258655556,89.721075,88.97483,94.54206625,94.62771,94.6277075
