feature:ceot1,3,0,3,1,0,4,0,0,2,16,0,0,2,3,0,1,0,0,137.56,134.56,0,137.56,1,0,1,Accented,0,NONE
f0:163.037,163.037,163.037,163.037,163.037,163.037,163.033632,162.78957,163.295352,164.651136
feature:meng4,3,3,2,4,1,3,0,0,2,15,1,0,2,2,0,0,1,0,0,137.56,137.56,0,1,1,1,NONE,Accented,NONE
f0:162.57712625,150.804475556,134.91946,123.793723333,114.26928125,112.56123,118.387273333,132.094465,146.271526667,149.22217125
feature:ge3,2,3,2,3,4,4,0,0,2,14,2,0,2,1,1,0,0,0,0,0,0,0,1,1,1,NONE,NONE,NONE
f0:149.4644375,148.168932,139.15484,129.891606,123.922755,121.4167125,120.249322,120.2210475,120.40719,119.513315
feature:je4,2,2,2,4,3,1,0,0,2,13,3,0,2,0,2,0,0,1,130.16499,0,0,130.16499,1,1,1,NONE,NONE,Accented
f0:118.288373333,116.452002,114.262908333,112.110422,109.686015,105.470902,102.00346,100.01766,99.4725766667,101.71951
feature:sou1,2,2,3,1,4,6,0,0,1,12,4,0,1,7,3,1,0,0,133.16499,130.16499,130.16499,133.16499,1,1,1,Accented,NONE,NONE
f0:110.00418,120.066075,130.106182857,136.962941667,137.26759,137.803541429,139.12318,141.111671429,141.247678333,139.852355714
feature:zoeng6,3,2,2,6,1,6,0,1,1,11,5,1,1,6,0,0,1,0,0,133.16499,133.16499,0,1,1,1,NONE,Accented,NONE
f0:136.84176,132.709015714,128.481931667,118.078126667,108.914918571,105.309645,104.83206,105.261216667,106.461727143,106.518738333
feature:zau6,2,3,2,6,6,2,0,1,1,10,6,1,1,5,1,0,0,0,0,0,0,0,1,1,1,NONE,NONE,NONE
f0:121.611146,124.062,123.884418333,115.120276,105.692274,103.453102,102.092606,101.530173333,102.82676,104.628428
feature:hai2,2,2,2,2,6,2,0,1,1,9,7,1,1,4,2,0,0,0,0,0,0,0,1,1,1,NONE,NONE,NONE
f0:104.720896667,104.274553333,103.45626,102.56358,101.6709,101.001385,100.334346667,99.6351033333,99.2855033333,99.0921166667
feature:hai2,2,2,3,2,2,2,0,1,1,8,8,1,1,3,3,0,0,0,0,0,0,0,1,1,1,NONE,NONE,NONE
f0:99.5864625,100.98325,104.6729825,110.0898325,117.690025,123.761533333,129.719565,138.489715,141.41901,141.41901
feature:gong2,3,2,3,2,2,6,0,1,1,7,9,1,1,2,4,0,0,0,0,0,0,0,1,1,1,NONE,NONE,NONE
f0:145.910874167,107.940675455,105.619849167,118.020902727,133.8427075,136.483734167,128.435176364,114.69067,105.416060909,99.5219908333
feature:laap6,3,3,2,6,2,3,0,1,1,6,10,1,1,1,5,0,0,0,0,0,0,0,1,1,1,NONE,NONE,NONE
f0:98.3710666667,98.8990575,99.8651166667,100.36336,100.72281,100.902993333,101.096726667,101.300473333,101.51136,101.842426667
feature:ge3,2,3,3,3,6,1,0,1,1,5,11,1,1,0,6,0,0,1,121.813,0,0,121.813,1,1,1,NONE,NONE,Accented
f0:103.02781,108.818674,110.233852,108.481816,108.0675,108.4398575,108.541318,107.773474,107.183138,107.55727
feature:jat1,3,2,2,1,3,2,0,1,0,4,12,1,0,4,7,1,0,0,124.813,121.813,121.813,0,1,1,1,Accented,NONE,NONE
f0:110.189634,118.0176475,126.487334,127.389582,125.420148,124.652355,122.816704,121.024358,120.99001,96.792008
feature:go2,2,3,2,2,1,2,0,2,0,3,13,2,0,3,0,0,1,0,0,0,124.813,0,1,1,1,NONE,Accented,NONE
f0:130.497055,132.69099,131.31814,121.7993575,113.4877925,110.01984,109.1773825,109.224,109.293,109.296
feature:dou2,2,2,3,2,2,5,0,2,0,2,14,2,0,2,1,0,0,0,0,0,0,0,1,1,1,NONE,NONE,NONE
f0:109.788371429,113.072951667,117.038747143,112.312281667,98.1685214286,96.2775185714,98.7219983333,104.122084286,110.661516667,116.803671429
feature:soeng5,3,2,3,5,2,2,0,2,0,1,15,2,0,1,2,0,0,0,0,0,0,0,1,1,4,NONE,NONE,NONE
f0:118.752825714,120.611565,122.580254286,123.735045714,115.020678571,103.18041,97.8415485714,93.8887842857,93.3515233333,93.5898
feature:min2,3,3,0,2,5,0,0,2,0,0,16,2,0,0,3,0,0,0,110,0,0,0,4,1,0,NONE,NONE,0
f0:93.5898,93.5898,93.5898,93.5898,93.5898,93.5898,93.5898,93.5898,93.5898,93.5898
