feature:sau2,2,0,2,2,0,1,0,0,5,13,0,0,5,0,0,0,0,1,133.519,130,0,133.519,1,0,1,NONE,0,Accented
f0:119.947932857,123.868,123.868,123.868,123.541472857,118.757094286,117.56893,126.03539625,139.563678571,147.987631429
feature:dou1,2,2,3,1,2,3,0,0,4,12,1,0,4,2,1,1,0,0,136.519,133.519,133.519,136.519,1,1,1,Accented,NONE,NONE
f0:152.509891667,156.737525,163.638246667,164.207346667,161.236875714,162.953783333,164.474433333,163.585253333,160.10106,159.449148333
feature:gok3,3,2,2,3,1,3,0,1,4,11,2,1,4,1,0,0,1,0,0,136.519,136.519,0,1,1,1,NONE,Accented,NONE
f0:160.133612,160.20801,150.177746,134.298836,130.58514,130.5229975,130.43922,129.347298,129.041234,129.317612
feature:zai3,2,3,2,3,3,1,0,1,4,10,3,1,4,0,1,0,0,1,130.062,0,0,130.062,1,1,1,NONE,NONE,Accented
f0:129.776535,130.237176,131.255686667,132.579295,132.334885,131.735518,131.593098333,131.180188333,133.312486,140.508216667
feature:gei1,2,2,3,1,3,2,0,1,3,9,4,1,3,4,2,1,0,0,133.062,130.062,130.062,133.062,1,1,1,Accented,NONE,NONE
f0:147.150978,148.5111575,148.284856,147.880828,147.892102,148.273725,148.788118,149.253722,150.557615,151.382886
feature:coeng2,3,2,3,2,1,6,0,2,3,8,5,2,3,3,0,0,1,0,0,133.062,133.062,0,1,1,1,NONE,Accented,NONE
f0:148.677748333,143.264498333,137.759498333,131.406995,117.942937143,102.278981667,98.059435,98.2828983333,98.7356133333,99.654725
feature:jik6,3,3,2,6,2,2,0,2,3,7,6,2,3,2,1,0,0,0,0,0,0,0,1,1,1,NONE,NONE,NONE
f0:105.036615,111.870116,115.3135625,115.178354,114.0269825,112.36154,108.648556,103.90219,102.120054,102.56581
feature:hai2,2,3,2,2,6,3,0,2,3,6,7,2,3,1,2,0,0,0,0,0,0,0,1,1,1,NONE,NONE,NONE
f0:106.971756667,112.867778,115.207828333,116.734312,115.227055,109.990782,106.963671667,106.893476,107.609515,109.322126
feature:hou3,2,2,2,3,2,1,0,2,3,5,8,2,3,0,3,0,0,1,124.136,0,0,124.136,1,1,1,NONE,NONE,Accented
f0:112.077578333,114.933498,117.410401667,117.468716667,112.691538333,109.528052,111.077071667,119.067461667,125.328052,124.7842
feature:do1,2,2,2,1,3,1,0,2,2,4,9,2,2,0,4,1,0,1,127.642,124.136,124.136,127.642,1,1,1,Accented,NONE,Accented
f0:124.734422,131.1592225,139.542104,142.056694,139.910056,138.1084625,138.601308,139.886042,140.3137,139.794806
feature:fei1,2,2,2,1,1,1,0,3,1,3,10,3,1,0,0,1,1,1,126.65401,127.642,127.642,126.65401,1,1,1,Accented,Accented,Accented
f0:140.236123333,143.392734,148.398401667,150.335865,146.67557,142.314882,140.474875,139.963693333,141.93272,144.656968333
feature:gei1,2,2,2,1,1,3,0,4,0,2,11,4,0,4,0,1,1,0,125.16,126.65401,126.65401,125.16,1,1,1,Accented,Accented,NONE
f0:149.883048,150.19003,145.007588,140.901,139.170012,138.1571625,137.751078,138.227846,140.896796,143.73901
feature:ge3,2,2,2,3,1,6,0,5,0,1,12,5,0,3,0,0,1,0,0,125.16,125.16,0,1,1,3,NONE,Accented,NONE
f0:144.4533525,140.9294,135.516116667,130.5845425,126.656605,123.4876075,120.81915,118.782473333,116.7820625,115.3108825
feature:laai6,2,2,3,6,3,2,0,5,0,0,13,5,0,2,1,0,0,0,0,0,0,0,3,1,3,NONE,NONE,NONE
f0:115.02301,114.960896667,114.655472,114.424886,112.246388333,106.526554,104.536566,104.621082,104.68,83.744
feature:goek2,3,2,3,2,6,2,0,0,0,0,0,0,0,1,2,0,0,0,0,0,0,0,3,3,4,NONE,NONE,NONE
f0:146.905,142.9048775,128.156538,116.50487,111.492932,110.4993525,110.00605,109.933,109.933,109.933002
feature:dim2,3,3,0,2,2,0,0,0,0,0,0,0,0,0,3,0,0,0,110,0,0,0,4,3,0,NONE,NONE,0
f0:131.614155,110.735234286,96.58436375,94.7325475,101.3250625,108.18045,115.815605,122.24121,125.969617143,134.36357875
