feature:ngaat3,3,0,2,3,0,5,0,0,2,13,0,0,2,7,0,0,0,0,0,130,0,0,1,0,1,NONE,0,NONE
f0:146.161,145.97787,135.013565714,129.83482,129.933638571,132.390894286,133.158037143,132.879421429,130.765048571,130.282
feature:keoi5,2,3,2,5,3,6,0,0,2,12,1,0,2,6,1,0,0,0,0,0,0,0,1,1,1,NONE,NONE,NONE
f0:141.416,141.416,141.240402,135.5679025,125.49859,118.324634,117.3045825,119.206084,120.2205475,120.086602
feature:zau6,2,2,3,6,5,6,0,0,2,11,2,0,2,5,2,0,0,0,0,0,0,0,1,1,1,NONE,NONE,NONE
f0:119.5963575,120.3584025,126.6271925,130.1416075,127.416694,121.503695,119.2573975,116.625645,114.39975,113.06317
feature:mat6,3,2,2,6,6,4,0,0,2,10,3,0,2,4,3,0,0,0,0,0,0,0,1,1,1,NONE,NONE,NONE
f0:111.571834286,111.519964286,111.375666667,111.390678571,110.155944286,108.479114286,107.758285714,107.384961667,107.281144286,91.9268585714
feature:ti4,2,3,3,4,6,6,0,0,2,9,4,0,2,3,4,0,0,0,0,0,0,0,1,1,1,NONE,NONE,NONE
f0:145.947012,145.607772,141.303154,137.879504,137.255068,137.745554,139.6777,142.148766,142.860636,141.387668
feature:sat6,3,2,2,6,4,4,0,0,2,8,5,0,2,2,5,0,0,0,0,0,0,0,1,1,1,NONE,NONE,NONE
f0:136.18090875,133.81211375,131.70215375,129.58978375,126.96424875,113.413905,108.35446875,108.352,108.352,94.808
feature:ti4,2,3,3,4,6,2,0,0,2,7,6,0,2,1,6,0,0,0,0,0,0,0,1,1,1,NONE,NONE,NONE
f0:145.387166,144.368831667,135.093536,134.707213333,135.588616,136.934514,138.066668333,138.457228,138.058848333,137.163568
feature:soeng2,3,2,3,2,4,1,0,0,2,6,7,0,2,0,7,0,0,1,123.94701,0,0,123.94701,1,1,1,NONE,NONE,Accented
f0:138.222411111,142.487868889,148.026005556,153.442347778,149.254557,134.731671111,135.245763333,139.320544444,137.905354444,134.868023333
feature:faan1,3,3,2,1,2,6,0,0,1,5,8,0,1,1,8,1,0,0,126.947,123.94701,123.94701,126.947,1,1,1,Accented,NONE,NONE
f0:131.909192857,127.05786,106.075597143,99.3908928571,104.176995714,110.055126667,116.32123,125.033182857,126.273015714,126.402807143
feature:zau6,2,3,3,6,1,1,0,1,1,4,9,1,1,0,0,0,1,1,121.316,126.947,126.947,121.316,1,1,1,NONE,Accented,Accented
f0:126.253986,125.8393975,123.677016,116.24872,110.3319,105.7539825,103.340938,102.994952,103.2663525,105.056742
feature:sung1,3,2,2,1,6,4,0,1,0,3,10,1,0,3,1,1,0,0,124.316,121.316,121.316,124.316,1,1,1,Accented,NONE,NONE
f0:111.45623625,120.66098,129.6054775,132.1122825,126.236446667,125.9299525,126.0336775,125.9284825,125.92597875,128.95396875
feature:ti4,2,3,3,4,1,2,0,2,0,2,11,2,0,2,0,0,1,0,0,124.316,124.316,0,1,1,1,NONE,Accented,NONE
f0:139.259082,143.00912,132.843078333,126.999582,126.60717,126.506852,126.840156,127.229458333,127.344052,125.96385
feature:saan2,3,2,2,2,4,4,0,2,0,1,12,2,0,1,1,0,0,0,0,0,0,0,1,1,4,NONE,NONE,NONE
f0:123.302186,116.652655,109.351531,98.903516,95.36712,96.208947,101.603371,113.604623,117.21712,118.664486
feature:ti4,2,3,0,4,2,0,0,2,0,0,13,2,0,0,2,0,0,0,110,0,0,0,4,1,0,NONE,NONE,0
f0:134.333071667,130.591954,121.680228333,119.996932,118.930388333,118.126331667,118.435514,120.758151667,122.33,122.33
