feature:so2,2,0,2,2,0,5,0,0,1,16,0,0,1,12,0,0,0,0,0,130,0,0,1,0,1,NONE,0,NONE
f0:113.483373333,117.834,117.834,117.834,117.834,117.834,117.834,120.622322857,128.859961667,139.514633333
feature:ji5,2,2,2,5,2,2,0,0,1,15,1,0,1,11,1,0,0,0,0,0,0,0,1,1,1,NONE,NONE,NONE
f0:150.171756,154.89977,155.680728,154.061838,150.859735,147.55717,143.783874,141.566104,141.872624,143.883998
feature:bei2,2,2,3,2,5,2,0,0,1,14,2,0,1,10,2,0,0,0,0,0,0,0,1,1,1,NONE,NONE,NONE
f0:146.0280975,148.172192,150.073815,149.10751,140.4646375,132.9492825,133.75845,138.1966,144.24467,149.3512175
feature:jan2,3,2,3,2,2,3,0,0,1,13,3,0,1,9,3,0,0,0,0,0,0,0,1,1,1,NONE,NONE,NONE
f0:148.578144,140.896252,130.595822,117.15632,105.447596,101.3542925,98.63711,98.586366,102.545414,110.350254
feature:zuk3,3,3,2,3,2,2,0,0,1,12,4,0,1,8,4,0,0,0,0,0,0,0,1,1,1,NONE,NONE,NONE
f0:118.511256,125.6521325,132.793002,140.307936,142.924814,142.1162325,140.304274,136.599534,129.570105,128.851156
feature:heoi2,2,3,2,2,3,6,0,0,1,11,5,0,1,7,5,0,0,0,0,0,0,0,1,1,1,NONE,NONE,NONE
f0:130.481808,132.887534,135.112068,135.75933,131.252264,120.1861075,114.518204,113.833772,113.795622,113.033154
feature:zou6,2,2,2,6,2,2,0,0,1,10,6,0,1,6,6,0,0,0,0,0,0,0,1,1,1,NONE,NONE,NONE
f0:112.835965,114.533845,116.491548,118.334451667,118.07512,111.313163333,105.233068333,100.62414,99.24619,99.4057616667
feature:biu2,2,2,3,2,6,5,0,0,1,9,7,0,1,5,7,0,0,0,0,0,0,0,1,1,1,NONE,NONE,NONE
f0:110.484695,111.32401,111.201493333,106.79763,100.938586667,100.285858,102.878936667,112.743515,124.626471667,129.5365
feature:jin5,3,2,3,5,2,6,0,0,1,8,8,0,1,4,8,0,0,0,0,0,0,0,1,1,1,NONE,NONE,NONE
f0:130.329152222,129.111055556,124.58309,112.092576667,99.9432688889,97.2570522222,101.872986667,112.789557778,114.735516667,114.745007778
feature:sap6,3,3,2,6,5,3,0,0,1,7,9,0,1,3,9,0,0,0,0,0,0,0,1,1,1,NONE,NONE,NONE
f0:135.0850125,135.08501,135.08501,135.08501,133.867406,125.1066475,118.2117075,115.6503125,112.32921,110.8696025
feature:zi3,2,3,3,3,6,2,0,0,1,6,10,0,1,2,10,0,0,0,0,0,0,0,1,1,1,NONE,NONE,NONE
f0:110.978615,111.910798333,111.883658333,113.020583333,117.166621667,123.338005,129.199955,130.893256667,125.615706667,122.753876667
feature:jung2,3,2,2,2,3,2,0,0,1,5,11,0,1,1,11,0,0,0,0,0,0,0,1,1,1,NONE,NONE,NONE
f0:121.385723333,120.74162,120.315746667,120.066575,120.033936667,120.030205,120.010776667,119.99208,119.974613333,119.945585
feature:hai2,2,3,3,2,2,1,0,0,1,4,12,0,1,0,12,0,0,1,115.455,0,0,125.455,1,1,1,NONE,NONE,Accented
f0:119.697053333,118.1787925,115.410966667,113.028803333,110.8092875,109.740136667,109.468086667,108.70542,103.6418,98.6135766667
feature:gwan1,3,2,2,1,2,2,0,0,0,3,13,0,0,3,13,1,0,0,123.455,125.455,115.455,123.455,1,1,1,Accented,NONE,NONE
f0:150.154011667,149.492743333,141.786568,136.844621667,135.157023333,134.85602,135.47723,135.78607,135.784865,134.533451667
feature:si2,2,3,3,2,1,2,0,1,0,2,14,1,0,2,0,0,1,0,0,123.455,123.455,0,1,1,1,NONE,Accented,NONE
f0:132.115855,129.231804,126.246248333,123.260692,120.275133333,116.957841667,113.972284,111.12942,107.76334,103.58781
feature:jung2,3,2,2,2,2,4,0,1,0,1,15,1,0,1,1,0,0,0,0,0,0,0,1,1,4,NONE,NONE,NONE
f0:101.817635714,101.50937375,104.545572857,102.67715875,96.61872,96.2696642857,98.9009,99.7813642857,99.67546625,96.6618628571
feature:tou4,2,3,0,4,2,0,0,1,0,0,16,1,0,0,2,0,0,0,110,0,0,0,4,1,0,NONE,NONE,0
f0:142.133,142.133,142.133,142.133,143.4123725,146.60383,147.635715,147.66301,147.66301,104.53236
