feature:zeng6,3,0,2,6,0,2,0,0,2,6,0,0,2,1,0,0,0,0,0,130,0,0,1,0,1,NONE,0,NONE
f0:130.924005,130.92401,130.251326,122.909903333,117.526473333,115.193665,114.838681667,114.322102,113.204876667,112.929823333
feature:hai2,2,3,3,2,6,1,0,0,2,5,1,0,2,0,1,0,0,1,132.5,0,0,132.5,1,1,1,NONE,NONE,Accented
f0:110.76745,108.539284,113.141036,117.329208,115.162818,109.5441,108.243414,108.024266,108.836268,112.31665
feature:jing1,3,2,2,1,2,1,0,0,1,4,2,0,1,0,2,1,0,1,135.875,132.5,132.5,135.875,1,1,1,Accented,NONE,Accented
f0:120.328168333,126.79302,128.659628333,130.65088,133.794101667,136.114443333,139.063986,140.949248333,140.431042,138.80299
feature:goi1,2,3,2,1,1,2,0,1,0,3,3,1,0,3,0,1,1,0,134.25,135.875,135.875,134.25,1,1,1,Accented,Accented,NONE
f0:138.59004,138.59041,138.13693,136.963756,137.38761,138.984504,140.485618,141.443504,141.84811,139.937464
feature:hai2,2,2,2,2,1,5,0,2,0,2,4,2,0,2,0,0,1,0,0,134.25,134.25,0,1,1,1,NONE,Accented,NONE
f0:135.205797143,132.74553375,119.565678571,104.865885,98.68299,105.206164286,117.68841875,127.435052857,135.10210875,135.176114286
feature:mou5,2,2,2,5,2,6,0,2,0,1,5,2,0,1,1,0,0,0,0,0,0,0,1,1,3,NONE,NONE,NONE
f0:101.91522,94.079454,112.960626,122.548216,119.1874,112.126545,104.811152,99.30071,98.873082,103.534656
feature:me6,2,2,3,6,5,1,0,2,0,0,6,2,0,0,2,0,0,1,122.917,0,0,132.91701,3,1,1,NONE,NONE,Accented
f0:110.098152,113.078576667,116.712338,120.344786,125.255318333,131.937514,140.73908,140.883198,138.194113333,107.987068
feature:caang1,3,2,2,1,6,3,0,0,1,11,0,0,1,8,3,1,0,0,130.91701,132.91701,122.917,130.91701,1,3,1,Accented,NONE,NONE
f0:161.284,161.284,151.9382225,138.833311429,137.472802857,138.550367143,140.569727143,142.04418,141.135325714,130.875381429
feature:ji3,2,3,3,3,1,3,0,0,1,10,1,0,1,7,0,0,1,0,0,130.91701,130.91701,0,1,1,1,NONE,Accented,NONE
f0:123.099004,120.11649,115.705972,112.7983,111.165504,109.615454,107.987816,107.837186,108.0268,109.339948
feature:sing3,3,2,2,3,3,3,0,0,1,9,2,0,1,6,1,0,0,0,0,0,0,0,1,1,1,NONE,NONE,NONE
f0:114.002095714,120.480395714,126.884437143,128.702072857,117.1558,111.915301429,108.506768571,108.404147143,109.322417143,110.10597
feature:ge3,2,3,2,3,3,2,0,0,1,8,3,0,1,5,2,0,0,0,0,0,0,0,1,1,1,NONE,NONE,NONE
f0:113.2154025,115.610286667,115.46845,112.9331925,110.7891675,110.356226667,110.1192125,110.2792875,111.3449,112.23543
feature:si2,2,2,2,2,3,2,0,0,1,7,4,0,1,4,3,0,0,0,0,0,0,0,1,1,1,NONE,NONE,NONE
f0:112.790093333,113.438618333,114.08715,114.735685,115.373398333,115.568266667,106.760185,95.7970366667,92.1304183333,97.6902566667
feature:hau2,2,2,3,2,2,2,0,0,1,6,5,0,1,3,4,0,0,0,0,0,0,0,1,1,1,NONE,NONE,NONE
f0:151.093901667,201.844491667,161.029558333,109.043023333,98.3469,97.1208783333,97.9251233333,98.5580233333,99.9357466667,100.352005
feature:jung2,3,2,2,2,2,2,0,0,1,5,6,0,1,2,5,0,0,0,0,0,0,0,1,1,1,NONE,NONE,NONE
f0:135.48199,135.48199,135.48199,135.48199,135.48199,135.48199,127.790173333,112.922232,107.574871111,106.680491111
feature:lai2,2,3,2,2,2,4,0,0,1,4,7,0,1,1,6,0,0,0,0,0,0,0,1,1,1,NONE,NONE,NONE
f0:109.1710075,109.19351,108.698235,107.391276667,105.0331625,101.955136667,99.34378,98.5964433333,99.08181,108.31073
feature:tai4,2,2,3,4,2,1,0,0,1,3,8,0,1,0,7,0,0,1,119.167,0,0,119.167,1,1,1,NONE,NONE,Accented
f0:134.469646667,160.0468,174.524466667,194.22256,213.824896667,227.277003333,230.14013,230.315306667,229.692615,226.572616667
feature:ceot1,3,2,3,1,4,2,0,0,0,2,9,0,0,2,8,1,0,0,122.167,119.167,119.167,122.167,1,1,1,Accented,NONE,NONE
f0:206.755935556,172.96926,149.521252222,145.966186667,146.535495556,140.169813333,132.018466667,123.867121111,115.715773333,107.743681111
feature:caan2,3,3,2,2,1,4,0,1,0,1,10,1,0,1,0,0,1,0,0,122.167,122.167,0,1,1,4,NONE,Accented,NONE
f0:105.261076667,112.649386667,114.83102,109.316126667,101.895863333,107.283196667,122.463666667,133.1944,139.547761667,149.467645
feature:cyu4,2,3,0,4,2,0,0,1,0,0,11,1,0,0,1,0,0,0,110,0,0,0,4,1,0,NONE,NONE,0
f0:149.5264025,146.57102375,143.74689,139.2920325,118.14396,93.48360875,86.53111,86.5306,86.5306,85.62924
