feature:zi3,2,0,2,3,0,1,0,0,6,20,0,0,6,0,0,0,0,1,133.899,130,0,133.899,1,0,1,NONE,0,Accented
f0:148.625014286,148.62502,148.62502,148.449081667,146.756475714,145.101516667,144.07674,144.893245,151.065914286,161.973153333
feature:wu1,2,2,3,1,3,6,0,0,5,19,1,0,5,5,1,1,0,0,136.899,133.899,133.899,136.899,1,1,1,Accented,NONE,NONE
f0:167.915116667,168.80688,169.35355,169.659473333,169.697333333,169.55983,168.80016,167.56044,167.066545,166.447336667
feature:bing6,3,2,2,6,1,6,0,1,5,18,2,1,5,4,0,0,1,0,0,136.899,136.899,0,1,1,1,NONE,Accented,NONE
f0:162.108645714,149.879821429,138.704327143,127.732808571,115.584325714,109.3731,109.039584286,110.886545714,112.884941429,117.367714286
feature:doi6,2,3,2,6,6,2,0,1,5,17,3,1,5,3,1,0,0,0,0,0,0,0,1,1,1,NONE,NONE,NONE
f0:122.0783925,121.918236667,117.81164,112.339783333,110.048065,107.3784625,104.758293333,104.2834625,106.24214,114.0098625
feature:hai2,2,2,1,2,6,4,0,1,5,16,4,1,5,2,2,0,0,0,0,0,0,0,1,1,1,NONE,NONE,NONE
f0:131.466922857,156.79996,176.210061429,170.970415714,148.7451425,129.63760625,114.340131429,112.809158571,114.22968,114.54813
feature:ng4,1,2,2,4,2,2,0,1,5,15,5,1,5,1,3,0,0,0,0,0,0,0,1,1,1,NONE,NONE,NONE
f0:111.65599,109.683262,108.4547775,108.1354675,107.408888,105.58225,102.7609375,101.06127,100.728746,102.41335
feature:hai2,2,1,3,2,4,1,0,1,5,14,6,1,5,0,4,0,0,1,129.495,0,0,129.495,1,1,1,NONE,NONE,Accented
f0:103.732432,103.8498425,106.249418,113.882832,115.113548,112.47308,109.729834,108.233152,107.77724,108.516132
feature:saang1,3,2,3,1,2,2,0,1,4,13,7,1,4,2,5,1,0,0,132.495,129.495,129.495,132.495,1,1,1,Accented,NONE,NONE
f0:113.04267,120.533333333,128.099336,135.247943333,139.073628,140.321676,141.002571667,141.69249,140.876878333,138.650802
feature:mat2,3,3,2,2,1,2,0,2,4,12,8,2,4,1,0,0,1,0,0,132.495,132.495,0,1,1,1,NONE,Accented,NONE
f0:134.46022,130.318568,125.471284,118.38412,105.048653333,88.362336,86.408768,89.016428,92.428246,95.664484
feature:hai2,2,3,3,2,2,1,0,2,4,11,9,2,4,0,1,0,0,1,126.56,0,0,126.56,1,1,1,NONE,NONE,Accented
f0:98.9959,102.327326,105.6587425,108.310664,109.4149425,109.4734875,109.02159,108.6374175,108.402532,108.741425
feature:saang1,3,2,3,1,2,2,0,2,3,10,10,2,3,3,2,1,0,0,129.56,126.56,126.56,129.56,1,1,1,Accented,NONE,NONE
f0:112.579144,118.7749575,125.127166,132.38683,139.602638,144.2538075,144.814276,143.453328,142.50126,143.052916
feature:mat2,3,3,3,2,1,2,0,3,3,9,11,3,3,2,0,0,1,0,0,129.56,129.56,0,1,1,1,NONE,Accented,NONE
f0:144.028398,142.85652,138.526402,133.26663,129.95012,122.861755,113.782826,108.549385,108.022642,109.800935
feature:hok2,3,3,2,2,2,3,0,3,3,8,12,3,3,1,1,0,0,0,0,0,0,0,1,1,1,NONE,NONE,NONE
f0:114.580755,120.008154,122.00835,113.354636667,108.52137,108.50861,107.015336667,105.489736667,105.488,105.487998333
feature:zeoi3,2,3,3,3,2,1,0,3,3,7,13,3,3,0,2,0,0,1,122.523,0,0,122.523,1,1,1,NONE,NONE,Accented
f0:119.309004,119.30901,119.30901,119.30901,118.979293333,117.25933,116.065018,115.505802,114.030322,112.656566
feature:gik1,3,2,3,1,3,6,0,3,2,6,14,3,2,4,3,1,0,0,125.523,122.523,122.523,125.523,1,1,1,Accented,NONE,NONE
f0:114.633038571,121.409925714,128.727484286,135.948202857,139.365845714,136.8763,134.50291,138.104708571,138.48218,133.868624286
feature:lit6,3,3,2,6,1,3,0,4,2,5,15,4,2,3,0,0,1,0,0,125.523,125.523,0,1,1,1,NONE,Accented,NONE
f0:123.218552857,110.856011667,110.262825714,109.562098333,105.234542857,103.187207143,105.570793333,109.620597143,113.796958333,117.5846
feature:ge3,2,3,2,3,6,2,0,4,2,4,16,4,2,2,1,0,0,0,0,0,0,0,1,1,1,NONE,NONE,NONE
f0:118.6681175,117.9270125,114.47339,112.19327,110.724406,108.1802625,107.20124,107.17401,107.17401,107.017865
feature:tou2,2,2,3,2,3,4,0,4,2,3,17,4,2,1,2,0,0,0,0,0,0,0,1,1,1,NONE,NONE,NONE
f0:105.67501,105.67501,105.67501,105.687661667,106.399265,108.855436,111.91574,115.618793333,120.803002,123.500196667
feature:leon4,3,2,2,4,2,1,0,4,2,2,18,4,2,0,3,0,0,1,117.752,0,0,117.752,1,1,1,NONE,NONE,Accented
f0:124.003834,123.4156225,120.684088,116.504748,110.124668,105.2687525,104.081786,103.987988,104.01588,103.598208
feature:zi1,2,3,3,1,4,1,0,4,1,1,19,4,1,0,4,1,0,1,121.38499,117.752,117.752,121.38499,1,1,4,Accented,NONE,Accented
f0:104.455508,107.9394675,112.318216,116.6969675,120.179122,120.78269,116.634606,112.9899175,112.189818,112.1105
feature:jat1,3,2,0,1,1,0,0,5,0,0,20,5,0,0,0,1,1,0,120.018,121.38499,121.38499,0,4,1,0,Accented,Accented,0
f0:113.646348,117.92862,118.764654,115.883488,114.855594,114.5724675,114.56701,114.56701,114.56701,114.567008
