feature:ming2,3,0,2,2,0,1,0,0,3,10,0,0,3,0,0,0,0,1,128.491,130,0,138.491,1,0,1,NONE,0,Accented
f0:119.410001667,118.756537143,114.237735,108.125798571,103.145631667,102.62799,103.127085714,103.197751667,101.941781429,96.5308683333
feature:zyu1,2,3,2,1,2,2,0,0,2,9,1,0,2,5,1,1,0,0,136.491,138.491,128.491,136.491,1,1,1,Accented,NONE,NONE
f0:152.821996,158.03101,158.03101,158.03101,157.857476,155.425782,154.382086,156.233332,158.730436,159.864016
feature:lou2,2,2,2,2,1,2,0,1,2,8,2,1,2,4,0,0,1,0,0,136.491,136.491,0,1,1,1,NONE,Accented,NONE
f0:156.973798571,147.544835714,137.390782857,123.420918571,112.400647143,106.349725,103.810107143,105.429098571,109.053241429,110.265248571
feature:hai2,2,2,3,2,2,3,0,1,2,7,3,1,2,3,1,0,0,0,0,0,0,0,1,1,1,NONE,NONE,NONE
f0:97.1766433333,90.522602,99.5406416667,113.03042,112.392886667,109.180046,108.954531667,107.668118333,105.809954,103.44282
feature:zung3,3,2,3,3,2,3,0,1,2,6,4,1,2,2,2,0,0,0,0,0,0,0,1,1,1,NONE,NONE,NONE
f0:150.377,150.377,149.960014286,143.72206,140.930928333,142.271083333,143.2184,143.452085714,144.439818333,143.348233333
feature:gok3,3,3,3,3,3,2,0,1,2,5,5,1,2,1,3,0,0,0,0,0,0,0,1,1,1,NONE,NONE,NONE
f0:139.94566,131.29816,119.506168333,114.034061667,112.312705714,107.825795,107.259,107.259,107.259,107.259
feature:gong2,3,3,3,2,3,1,0,1,2,4,6,1,2,0,4,0,0,1,127.83,0,0,127.83,1,1,1,NONE,NONE,Accented
f0:140.168521429,132.988733333,110.122608571,103.99042,106.207052857,110.929702857,116.499056667,126.753548571,132.044723333,136.936927143
feature:dung1,3,3,2,1,2,6,0,1,1,3,7,1,1,1,5,1,0,0,130.83,127.83,127.83,130.83,1,1,1,Accented,NONE,NONE
f0:145.451385,144.995081429,136.75557,135.831881429,136.13173,137.383615,138.27035,134.403001667,128.53768,122.368865
feature:wai6,2,3,2,6,1,1,0,2,1,2,8,2,1,0,0,0,1,1,125.94299,130.83,130.83,125.94299,1,1,1,NONE,Accented,Accented
f0:115.613788,109.551218,107.2416025,105.132352,103.240666,101.560904,101.335084,101.3967475,101.115582,100.248178
feature:zau1,2,2,2,1,6,3,0,2,0,1,9,2,0,1,1,1,0,0,128.94299,125.94299,125.94299,128.94299,1,1,3,Accented,NONE,NONE
f0:99.39654,106.711431429,123.75672875,135.281415714,128.99565875,126.22907375,128.274757143,130.01265,128.333894286,129.6150875
feature:ge3,2,2,3,3,1,1,0,3,0,0,10,3,0,0,0,0,1,1,119.434,128.94299,128.94299,129.43401,3,1,1,NONE,Accented,Accented
f0:134.596155,131.361414,124.461875,116.342654,111.7865425,111.24754,111.202114,110.8579775,110.364974,110.3200075
feature:dung1,3,2,2,1,3,1,0,0,2,9,0,0,2,0,1,1,0,1,127.868,129.43401,119.434,127.868,1,3,1,Accented,NONE,Accented
f0:140.036,139.183062,134.775732,130.977336,130.80495,131.390532,132.068406,133.416442,134.54345,134.4678
feature:sai1,2,3,2,1,1,2,0,0,1,8,1,0,1,7,0,1,1,0,126.302,127.868,127.868,126.302,1,1,1,Accented,Accented,NONE
f0:134.803113333,139.14169,145.088366667,148.317386667,135.41199,126.535386667,126.197891667,126.4294,124.765915714,124.727055
feature:zau2,2,2,3,2,1,3,0,1,1,7,2,1,1,6,0,0,1,0,0,126.302,126.302,0,1,1,1,NONE,Accented,NONE
f0:125.028491667,124.47397,122.280738571,105.409235,99.422265,104.462246667,111.795976667,119.560774286,125.375701667,126.50468
feature:hoeng3,3,2,2,3,2,3,0,1,1,6,3,1,1,5,1,0,0,0,0,0,0,0,1,1,1,NONE,NONE,NONE
f0:126.414851667,127.079498333,128.273596667,121.94743,112.747558333,111.2834,110.415653333,108.922615,107.745083333,105.898806667
feature:dou3,2,3,2,3,3,2,0,1,1,5,4,1,1,4,2,0,0,0,0,0,0,0,1,1,1,NONE,NONE,NONE
f0:121.336836,113.0243975,103.737752,102.3538775,101.409912,98.044636,96.968435,98.430942,100.0108875,99.40604
feature:lou2,2,2,2,2,3,2,0,1,1,4,5,1,1,3,3,0,0,0,0,0,0,0,1,1,1,NONE,NONE,NONE
f0:98.274124,98.23091,97.46754,96.317542,94.571098,90.794264,89.320408,91.5506683333,99.314506,102.699536
feature:hai2,2,2,2,2,2,6,0,1,1,3,6,1,1,2,4,0,0,0,0,0,0,0,1,1,1,NONE,NONE,NONE
f0:103.68997,104.86209,106.677424,107.487365,108.052036,110.05868,115.048711667,121.370136,128.611835,132.763744
feature:wai6,2,2,3,6,2,4,0,1,1,2,7,1,1,1,5,0,0,0,0,0,0,0,1,1,1,NONE,NONE,NONE
f0:132.433555,129.314368571,127.757613333,122.352834286,109.65546,104.127233333,102.957558571,103.873806667,104.701704286,102.596071667
feature:seng4,3,2,2,4,6,1,0,1,1,1,8,1,1,0,6,0,0,1,116.509,0,0,116.509,1,1,4,NONE,NONE,Accented
f0:104.357572222,113.335946,122.92179,131.745367778,132.41275,124.094887778,126.842865556,129.777641111,129.775508,130.517472222
feature:ngau1,2,3,0,1,4,0,0,1,0,0,9,1,0,0,7,1,0,0,119.509,116.509,116.509,0,4,1,0,Accented,NONE,0
f0:130.466045,130.0345,129.615955,129.37679,129.317,129.317,129.317,129.317,129.317,64.6585
