feature:tung4,3,0,2,4,0,5,0,0,2,13,0,0,2,2,0,0,0,0,0,130,0,0,1,0,1,NONE,0,NONE
f0:129.286002,129.286,128.410318,120.713856,115.082572,113.8869025,112.397234,110.902104,110.4684775,109.620788
feature:lou5,2,3,2,5,4,2,0,0,2,12,1,0,2,1,1,0,0,0,0,0,0,0,1,1,1,NONE,NONE,NONE
f0:108.769884,108.569614,107.53057,106.61639,106.541702,108.229366,114.044538,118.362645,119.884438,120.26703
feature:fu2,2,2,3,2,5,1,0,0,2,11,2,0,2,0,2,0,0,1,131.09801,0,0,131.09801,1,1,1,NONE,NONE,Accented
f0:120.820075,122.0492625,123.989144,125.940635,127.39265,127.822565,126.8461725,124.96193,124.84856,126.71769
feature:jat1,3,2,3,1,2,2,0,0,1,10,3,0,1,7,3,1,0,0,134.09801,131.09801,131.09801,134.09801,1,1,1,Accented,NONE,NONE
f0:130.084012,132.883196667,141.329382,156.175246,155.901251667,151.624672,149.111366,146.733744,146.27717,145.403242
feature:joeng2,3,3,2,2,1,2,0,1,1,9,4,1,1,6,0,0,1,0,0,134.09801,134.09801,0,1,1,1,NONE,Accented,NONE
f0:137.166236,126.013084,119.6727,117.279352,112.794043333,110.261654,108.821414,107.990904,108.143996,109.265168
feature:hai2,2,3,2,2,2,6,0,1,1,8,5,1,1,5,1,0,0,0,0,0,0,0,1,1,1,NONE,NONE,NONE
f0:111.2199125,113.0990875,114.70681,115.2774025,114.244615,110.311195,107.3050025,105.725788,104.663075,104.4091025
feature:ji6,2,2,3,6,2,2,0,1,1,7,6,1,1,4,2,0,0,0,0,0,0,0,1,1,1,NONE,NONE,NONE
f0:105.298554,108.329262,111.921438,115.513618,118.821404,119.973,118.45024,113.735182,107.567552,105.770696
feature:mat2,3,2,3,2,6,2,0,1,1,6,7,1,1,3,3,0,0,0,0,0,0,0,1,1,1,NONE,NONE,NONE
f0:108.511812857,112.103821667,111.758884286,110.154171667,106.733695714,95.8889733333,83.2466914286,85.0019916667,97.3045828571,103.232765
feature:lin2,3,3,2,2,2,3,0,1,1,5,8,1,1,2,4,0,0,0,0,0,0,0,1,1,1,NONE,NONE,NONE
f0:105.986796667,108.77454,108.719348333,105.570291429,106.501225,109.157821667,115.134015714,121.85171,125.651038571,126.648886667
feature:ge3,2,3,3,3,2,2,0,1,1,4,9,1,1,1,5,0,0,0,0,0,0,0,1,1,1,NONE,NONE,NONE
f0:128.102096,126.535328,122.5930275,119.122872,116.100098,113.28597,110.604084,110.478,110.478,110.478
feature:deng2,3,2,3,2,3,1,0,1,1,3,10,1,1,0,6,0,0,1,120.854,0,0,120.854,1,1,1,NONE,NONE,Accented
f0:125.212004,120.417766667,104.842084,100.623368333,100.882726,102.855734,108.76831,113.49842,114.469906667,115.257354
feature:kap1,3,3,2,1,2,6,0,1,0,2,11,1,0,3,7,1,0,0,123.854,120.854,120.854,0,1,1,1,Accented,NONE,NONE
f0:119.955238,126.898002,132.595064,133.667996,130.599366,127.744252,127.591,127.591,127.591,102.0728
feature:bou6,2,3,3,6,1,6,0,2,0,1,12,2,0,2,0,0,1,0,0,0,123.854,0,1,1,3,NONE,Accented,NONE
f0:117.96295,117.871525,113.383814,107.023872,105.387514,105.2260975,105.208556,105.181508,104.8842725,104.084514
feature:lip6,3,2,2,6,6,2,0,2,0,0,13,2,0,1,1,0,0,0,0,0,0,0,3,1,4,NONE,NONE,NONE
f0:102.293714,101.3997275,103.086286,105.265456,104.64277,102.88002,101.465302,99.616454,99.0236975,79.01652
feature:ze2,2,3,0,2,6,0,0,0,0,0,0,0,0,0,2,0,0,0,110,0,0,0,4,3,0,NONE,NONE,0
f0:96.18180125,96.1818,94.5836433333,91.1834075,91.56309875,95.39343375,101.49435125,110.05019,112.1628225,112.16500875
