feature:ceng2,3,0,1,2,0,4,0,0,1,15,0,0,1,9,0,0,0,0,0,130,0,0,1,0,1,NONE,0,NONE
f0:131.30299,131.30299,129.687718571,119.40380375,120.733978571,135.557454286,152.87360125,165.569261429,205.5669375,198.249961429
feature:ng4,1,3,2,4,2,3,0,0,1,14,1,0,1,8,1,0,0,0,0,0,0,0,1,1,1,NONE,NONE,NONE
f0:143.148828,127.43846,123.621766,119.026492,115.044618,112.97317,109.839336,107.038384,106.510895,108.021082
feature:hou3,2,1,2,3,4,2,0,0,1,13,2,0,1,7,2,0,0,0,0,0,0,0,1,1,1,NONE,NONE,NONE
f0:112.861323333,114.651498,115.178996667,115.2718,115.149503333,116.05368,122.908634,133.148391667,142.368366,145.287136667
feature:hai2,2,2,2,2,3,3,0,0,1,12,3,0,1,6,3,0,0,0,0,0,0,0,1,1,1,NONE,NONE,NONE
f0:140.064118333,133.864672,128.841461667,123.113086,120.842653333,123.870806667,130.672838,138.722103333,142.09892,143.60004
feature:gaai3,2,2,2,3,2,6,0,0,1,11,4,0,1,5,4,0,0,0,0,0,0,0,1,1,1,NONE,NONE,NONE
f0:145.26796,146.73665,143.400023333,125.52786,116.549845,115.528384,115.022095,115.87042,119.046393333,120.251695
feature:siu6,2,2,3,6,3,3,0,0,1,10,5,0,1,4,5,0,0,0,0,0,0,0,1,1,1,NONE,NONE,NONE
f0:120.061058333,121.44457,123.479385,125.302335,126.1765,124.250573333,121.545031667,119.73592,119.220442857,119.025385
feature:zung3,3,2,3,3,6,4,0,0,1,9,6,0,1,3,6,0,0,0,0,0,0,0,1,1,1,NONE,NONE,NONE
f0:121.35299375,129.556,137.357995,138.107574286,136.93245875,138.487068571,138.85042,137.18795,136.46024875,137.868261429
feature:cang4,3,3,2,4,3,3,0,0,1,8,7,0,1,2,7,0,0,0,0,0,0,0,1,1,1,NONE,NONE,NONE
f0:140.629813333,143.221068333,144.910086667,143.4239,138.178278333,135.715588333,135.949695,136.577106667,136.232021667,135.659236667
feature:gaa3,2,3,3,3,4,3,0,0,1,7,8,0,1,1,8,0,0,0,0,0,0,0,1,1,1,NONE,NONE,NONE
f0:138.521928333,140.692858,137.52289,132.237276667,129.68835,130.03577,131.990755,132.51489,132.300232,132.287
feature:zung3,3,2,3,3,3,1,0,0,1,6,9,0,1,0,9,0,0,1,122.848,0,0,122.848,1,1,1,NONE,NONE,Accented
f0:164.467994,170.147,169.414916,153.308172,138.59427,137.9352925,138.5326,139.694414,139.89794,139.486478
feature:man1,3,3,2,1,3,5,0,0,0,5,10,0,0,5,10,1,0,0,125.848,122.848,122.848,125.848,1,1,1,Accented,NONE,NONE
f0:137.466457143,134.557434286,131.713512857,124.705962857,113.06069,102.001288571,98.01976,98.0002757143,97.7598414286,96.2346214286
feature:ji5,2,3,1,5,1,2,0,1,0,4,11,1,0,4,0,0,1,0,0,125.848,125.848,0,1,1,1,NONE,Accented,NONE
f0:95.5384757143,99.0121983333,101.999342857,102.657005,103.468965714,108.487787143,112.496366667,116.002738571,116.914708333,116.650037143
feature:oi2,1,2,2,2,5,3,0,1,0,3,12,1,0,3,1,0,0,0,0,0,0,0,1,1,1,NONE,NONE,NONE
f0:117.58985,117.494812,116.26096,111.940704,108.232183333,105.399116,101.16536,98.794428,98.8062183333,99.156496
feature:ge3,2,1,2,3,2,4,0,1,0,2,13,1,0,2,2,0,0,0,0,0,0,0,1,1,1,NONE,NONE,NONE
f0:100.72084,105.145254,111.541304,115.354564,115.516515,114.928184,114.384886,113.907134,113.56147,113.940734
feature:miu4,2,2,3,4,3,6,0,1,0,1,14,1,0,1,3,0,0,0,0,0,0,0,1,1,4,NONE,NONE,NONE
f0:114.57845,114.3875825,112.59742,109.822742,109.087838,108.29869,107.450018,103.8668,100.9969575,96.863872
feature:seot6,3,2,0,6,4,0,0,1,0,0,15,1,0,0,4,0,0,0,110,0,0,0,4,1,0,NONE,NONE,0
f0:143.8950125,143.89502,143.89502,143.89502,137.1931075,107.70700875,100.768648889,101.88948,102.106,102.106
