feature:keoi5,2,0,2,5,0,4,0,0,2,11,0,0,2,1,0,0,0,0,0,0,0,0,1,0,1,NONE,0,NONE
f0:116.1230025,116.12301,116.12301,116.12301,116.3656725,117.973025,120.57715,125.09732,130.88483,135.8644675
feature:di4,2,2,2,4,5,1,0,0,2,10,1,0,2,0,1,0,0,1,133.095,0,0,133.095,1,1,1,NONE,NONE,Accented
f0:138.775858,141.118746,140.751205,134.735476,127.654256,121.136482,117.324622,113.3554025,111.17828,112.79758
feature:pei1,2,2,3,1,4,6,0,0,1,9,2,0,1,3,2,1,0,0,136.095,133.095,133.095,136.095,1,1,1,Accented,NONE,NONE
f0:116.073284,118.326,118.3641075,116.477268,114.498606,112.792538,112.355336,112.2997975,112.725192,114.537818
feature:gik6,3,2,3,6,1,6,0,1,1,8,3,1,1,2,0,0,1,0,0,136.095,136.095,0,1,1,1,NONE,Accented,NONE
f0:117.236004,120.41493,123.087586,121.91843,117.101448,112.315618,103.998568333,102.029,102.029,81.6232
feature:dok6,3,3,3,6,6,3,0,1,1,7,4,1,1,1,1,0,0,0,0,0,0,0,1,1,1,NONE,NONE,NONE
f0:128.19901,128.0362375,122.6244825,114.061065,111.5785225,109.2044425,105.8442125,105.1366025,106.6597025,107.3520825
feature:ngaat3,3,3,3,3,6,1,0,1,1,6,5,1,1,0,2,0,0,1,128.905,0,0,128.905,1,1,1,NONE,NONE,Accented
f0:107.617694286,109.776147143,115.260115,116.260402857,119.148445714,119.539885714,119.487525714,120.254168333,122.600291429,126.452872857
feature:suk1,3,3,2,1,3,3,0,1,0,5,6,1,0,5,3,1,0,0,131.905,128.905,128.905,0,1,1,1,Accented,NONE,NONE
f0:131.37727125,136.528084286,141.6788925,145.59532875,140.36236125,133.572932857,133.7460075,135.77766875,135.70599,135.70599
feature:siu3,2,3,3,3,1,6,0,2,0,4,7,2,0,4,0,0,1,0,0,0,131.905,0,1,1,1,NONE,Accented,NONE
f0:112.73,112.73,112.73,112.73,111.81971,107.781945,109.24582,117.140442,128.412683333,140.695478333
feature:loeng6,3,2,2,6,3,3,0,2,0,3,8,2,0,3,1,0,0,0,0,0,0,0,1,1,1,NONE,NONE,NONE
f0:153.774138333,159.89444,156.254185,143.205848333,128.603607143,117.199668333,111.343643333,109.516823333,108.593217143,108.133726667
feature:ge3,2,3,2,3,6,4,0,2,0,2,9,2,0,2,2,0,0,0,0,0,0,0,1,1,1,NONE,NONE,NONE
f0:109.414373333,110.771766667,111.614256667,113.396373333,114.747733333,114.855603333,114.72766,114.677516667,114.528216667,114.08033
feature:fu4,2,2,2,4,3,4,0,2,0,1,10,2,0,1,3,0,0,0,0,0,0,0,1,1,3,NONE,NONE,NONE
f0:113.043546667,111.550576667,109.90831,108.266043333,106.850586667,105.83665,102.15081,98.2848828571,97.75855,102.488186667
feature:hou4,2,2,2,4,4,1,0,2,0,0,11,2,0,0,4,0,0,1,118.571,0,0,128.571,3,1,1,NONE,NONE,Accented
f0:106.214021667,106.392184,104.720031667,102.369236,105.021766667,111.261952,116.833585,122.863634,125.534105,124.934368
feature:baau1,2,2,3,1,4,4,0,0,1,7,0,0,1,6,5,1,0,0,126.571,128.571,118.571,126.571,1,3,1,Accented,NONE,NONE
f0:151.34801,150.689492,144.8076725,138.866714,137.557482,139.907302,141.690118,141.3918825,141.47908,149.30412
feature:ham4,3,2,2,4,1,2,0,0,1,6,1,0,1,5,0,0,1,0,0,126.571,126.571,0,1,1,1,NONE,Accented,NONE
f0:196.35395,204.079785,140.47797,121.424918333,113.16625,101.532723333,94.8097266667,93.97953,94.695225,78.6796833333
feature:zyu2,2,3,2,2,4,3,0,0,1,5,2,0,1,4,1,0,0,0,0,0,0,0,1,1,1,NONE,NONE,NONE
f0:109.16877,110.91201,110.91201,110.91201,110.89721,110.3699575,108.304105,105.4739625,103.82571,103.573175
feature:taai3,2,2,3,3,2,6,0,0,1,4,3,0,1,3,2,0,0,0,0,0,0,0,1,1,1,NONE,NONE,NONE
f0:105.16234,109.651501667,113.690587143,110.461337143,101.920181429,100.015941667,99.0869385714,101.905215714,102.193431667,100.03392
feature:loeng6,3,2,2,6,3,3,0,0,1,3,4,0,1,2,3,0,0,0,0,0,0,0,1,1,1,NONE,NONE,NONE
f0:100.012718333,99.482095,96.9629666667,96.37213,96.7814685714,96.6434916667,96.768695,98.713215,100.236006667,100.811136667
feature:ge3,2,3,3,3,6,3,0,0,1,2,5,0,1,1,4,0,0,0,0,0,0,0,1,1,1,NONE,NONE,NONE
f0:101.98115,103.260905,103.868066667,104.533575,104.981283333,104.70382,104.52468,104.590296667,104.9121325,105.302213333
feature:seon3,3,2,3,3,3,1,0,0,1,1,6,0,1,0,5,0,0,1,117.095,0,0,117.095,1,1,4,NONE,NONE,Accented
f0:108.084558333,113.805015,119.093604,123.6803,123.889376667,114.04682,109.285713333,108.245526,106.163033333,105.3173
feature:sik1,3,3,0,1,3,0,0,0,0,0,7,0,0,0,6,1,0,0,120.095,117.095,117.095,0,4,1,0,Accented,NONE,0
f0:110.049446667,120.14416,130.7302,138.274796,132.426733333,122.51685,116.210915,107.371366,105.618,105.618
