feature:deoi2,2,0,2,2,0,6,0,0,2,15,0,0,2,5,0,0,0,0,0,130,0,0,1,0,1,NONE,0,NONE
f0:161.28,157.532664,141.70216,132.48923,132.3073775,132.79244,133.736222,134.9692125,136.283564,137.52094
feature:mei6,2,2,2,6,2,2,0,0,2,14,1,0,2,4,1,0,0,0,0,0,0,0,1,1,1,NONE,NONE,NONE
f0:138.074158333,137.292666,134.810045,133.208888,131.954405,128.712485,125.46702,123.431003333,122.78704,123.225001667
feature:lai2,2,2,2,2,6,3,0,0,2,13,2,0,2,3,2,0,0,0,0,0,0,0,1,1,1,NONE,NONE,NONE
f0:123.743882857,121.91487625,120.733095714,112.980525714,111.3786575,108.74742875,103.739481429,103.735934286,106.4878675,107.131002857
feature:ge3,2,2,2,3,2,6,0,0,2,12,3,0,2,2,3,0,0,0,0,0,0,0,1,1,1,NONE,NONE,NONE
f0:108.669006,117.8568325,123.44975,123.480406,123.347972,124.3743575,125.474534,124.518346,123.26517,122.005106
feature:jyu6,2,2,2,6,3,4,0,0,2,11,4,0,2,1,4,0,0,0,0,0,0,0,1,1,1,NONE,NONE,NONE
f0:120.239584,119.68465,118.671,117.451804,116.8248,116.198398,115.495954,114.933065,111.412156,105.792384
feature:kei4,2,2,3,4,6,1,0,0,2,10,5,0,2,0,5,0,0,1,128.735,0,0,128.735,1,1,1,NONE,NONE,Accented
f0:122.301355,123.57101,123.57101,122.682933333,113.047594286,103.746308333,101.471916667,101.481161667,101.707443333,102.16416
feature:bit1,3,2,2,1,4,1,0,0,1,9,6,0,1,0,6,1,0,1,132.01199,128.735,128.735,132.01199,1,1,1,Accented,NONE,Accented
f0:108.11842,119.148322,130.512224,141.307928,148.404994,150.684384,150.474338,149.81333,148.096946,147.438592
feature:seoi1,2,3,2,1,1,2,0,1,0,8,7,1,0,8,0,1,1,0,130.289,132.01199,132.01199,130.289,1,1,1,Accented,Accented,NONE
f0:147.642178571,148.060501667,148.520671429,148.979678333,149.198084286,144.838334286,141.197496667,142.079555714,143.691961667,147.953992857
feature:hai2,2,2,2,2,1,4,0,2,0,7,8,2,0,7,0,0,1,0,0,130.289,130.289,0,1,1,1,NONE,Accented,NONE
f0:148.649178,144.32546,138.98607,135.486862,131.734178,120.338684,113.841434,112.77702,112.373434,110.821834
feature:mo4,2,2,3,4,2,2,0,2,0,6,9,2,0,6,1,0,0,0,0,0,0,0,1,1,1,NONE,NONE,NONE
f0:109.122625,108.869543333,107.910921667,105.631265,101.229937143,98.60491,97.6697566667,96.82827,100.733825,103.446506667
feature:faat2,3,2,3,2,4,3,0,2,0,5,10,2,0,5,2,0,0,0,0,0,0,0,1,1,1,NONE,NONE,NONE
f0:107.292,112.078666667,116.852033333,119.96337,118.48797,114.973184,115.891498333,117.076,117.076,117.076
feature:kok3,3,3,3,3,2,2,0,2,0,4,11,2,0,4,3,0,0,0,0,0,0,0,1,1,1,NONE,NONE,NONE
f0:250.150308333,246.36975,210.863335,161.36099,135.185666667,123.788805,118.530922,112.779486667,109.445,109.445001667
feature:deng2,3,3,2,2,3,3,0,2,0,3,12,2,0,3,4,0,0,0,0,0,0,0,1,1,1,NONE,NONE,NONE
f0:139.004,134.430138,117.788204,112.2087,108.96124,107.1736,106.846686,106.388156,106.300762,107.573572
feature:ge3,2,3,3,3,2,2,0,2,0,2,13,2,0,2,5,0,0,0,0,0,0,0,1,1,1,NONE,NONE,NONE
f0:111.9161475,113.8687575,113.762996,113.5534725,113.9785475,115.6542425,117.0505375,117.504566,117.802265,118.267005
feature:zoeng2,3,2,3,2,3,6,0,2,0,1,14,2,0,1,6,0,0,0,0,0,0,0,1,1,4,NONE,NONE,NONE
f0:118.994411429,120.0451175,121.08428,121.05493625,111.462332857,100.862718571,94.2141775,94.1672671429,96.75857,97.63949
feature:dok6,3,3,0,6,2,0,0,2,0,0,15,2,0,0,7,0,0,0,110,0,0,0,4,1,0,NONE,NONE,0
f0:135.786141429,113.98238,105.31844,103.05593,101.208355714,100.717004286,100.38639875,101.669058571,101.828,101.828
