feature:pin1,3,0,3,1,0,1,0,0,5,9,0,0,5,0,0,1,0,1,137.2755,134.31,0,137.2755,1,0,1,Accented,0,Accented
f0:176.62399,176.62399,176.62399,176.62399,167.16337,151.516256,147.72417,144.514302,142.243975,144.663764
feature:fuk1,3,3,2,1,1,1,0,0,4,8,1,0,4,0,0,1,1,1,135.2065,137.2755,137.2755,135.2065,1,1,1,Accented,Accented,Accented
f0:151.87271,155.188024444,143.583883333,141.180961111,144.943861111,150.314143333,155.678216667,157.56425,143.500058889,137.579374444
feature:geoi1,2,3,2,1,1,2,0,1,3,7,2,1,3,1,0,1,1,0,133.172,135.2065,135.2065,133.172,1,1,1,Accented,Accented,NONE
f0:137.44922,137.451,137.451,137.446835,137.44267,137.44267,137.390123333,137.23954,136.96337,136.65965
feature:hai2,2,2,3,2,1,1,0,2,3,6,3,2,3,0,0,0,1,1,122.414,133.172,133.172,132.414,1,1,1,NONE,Accented,Accented
f0:135.40433,132.507071667,129.600716,126.69825,124.033592,116.235252,110.739471667,108.192202,106.230336667,105.736724
feature:pin1,3,2,3,1,2,1,0,2,2,5,4,2,2,0,1,1,0,1,130.3795,132.414,122.414,130.3795,1,1,1,Accented,NONE,Accented
f0:138.545,138.545,138.545,138.545,137.488258333,135.068484,131.863935,129.260263333,132.115778333,136.356918333
feature:fuk1,3,3,3,1,1,6,0,3,1,4,5,3,1,3,0,1,1,0,128.345,130.3795,130.3795,128.345,1,1,1,Accented,Accented,NONE
f0:143.353905,149.23169,150.33742,148.7767175,144.40271,142.5898075,141.369115,140.207013333,138.66361,136.84423
feature:haap6,3,3,2,6,1,3,0,4,1,3,6,4,1,2,0,0,1,0,0,128.345,128.345,0,1,1,1,NONE,Accented,NONE
f0:133.990922,130.322395,126.653852,123.404044,119.297463333,110.477688,108.66201,108.66201,108.66201,86.929604
feature:ge3,2,3,3,3,6,3,0,4,1,2,7,4,1,1,1,0,0,0,0,0,0,0,1,1,1,NONE,NONE,NONE
f0:110.14,110.7823725,112.823704,113.191692,111.903306,110.361675,108.633586,105.52242,104.755,104.988784
feature:zin3,3,2,2,3,3,1,0,4,1,1,8,4,1,0,2,0,0,1,117.759,0,0,117.759,1,1,4,NONE,NONE,Accented
f0:117.94706,118.782,118.782,118.782,117.9019575,115.870321429,115.188034286,114.876828571,114.832224286,117.20154
feature:geoi1,2,3,0,1,3,0,0,4,0,0,9,4,0,0,3,1,0,0,120.759,117.759,117.759,0,4,1,0,Accented,NONE,0
f0:121.457402857,126.326335,131.195265714,135.04141625,130.66855,124.603658571,123.4382925,124.48261,126.78866,128.162287143
