feature:jing1,3,0,3,1,0,3,0,0,1,7,0,0,1,1,0,1,0,0,137.623,134.623,0,137.623,1,0,1,Accented,0,NONE
f0:151.32201,151.316246667,150.747432857,150.104343333,150.415406667,152.780916667,155.309605,154.632794286,152.307165,151.76741
feature:gok3,3,3,3,3,1,1,0,0,1,6,1,0,1,0,0,0,1,1,132.358,137.623,137.623,132.358,1,1,1,NONE,Accented,Accented
f0:151.73273,151.261618,146.949686667,140.002316,132.968798,127.551368,125.788886,126.138448333,128.45177,130.768556
feature:fong1,3,3,3,1,3,2,0,0,0,5,2,0,0,7,1,1,0,0,135.358,132.358,132.358,135.358,1,1,1,Accented,NONE,NONE
f0:133.894141667,137.891998571,141.889855,145.332441667,146.303012857,141.440678333,138.841205,139.582145,140.43946,140.478918333
feature:min2,3,3,3,2,1,2,0,1,0,4,3,1,0,6,0,0,1,0,0,135.358,135.358,0,1,1,1,NONE,Accented,NONE
f0:139.096921667,134.817963333,131.167381667,126.779033333,118.566848571,110.654351667,106.459391667,103.323738333,102.388541667,102.50493
feature:jing2,3,3,2,2,2,6,0,1,0,3,4,1,0,5,1,0,0,0,0,0,0,0,1,1,1,NONE,NONE,NONE
f0:106.927014286,113.371241667,110.530945714,107.467486667,105.414338571,103.798008333,104.958517143,105.20642,101.568182857,100.25338
feature:wai6,2,3,2,6,2,5,0,1,0,2,5,1,0,4,2,0,0,0,0,0,0,0,1,1,1,NONE,NONE,NONE
f0:101.079432,100.2954425,98.179278,97.176295,97.315886,98.81742,101.549125,105.90996,110.6062325,115.30252
feature:tiu5,2,2,3,5,6,6,0,1,0,1,6,1,0,3,3,0,0,0,0,0,0,0,1,1,3,NONE,NONE,NONE
f0:120.669704,126.036876,132.074951667,137.151416,137.124916,127.43674,114.586002,107.699266667,104.578774,103.355392
feature:wok6,3,2,2,6,5,3,0,1,0,0,7,1,0,2,4,0,0,0,0,0,0,0,3,1,1,NONE,NONE,NONE
f0:101.884943333,101.15579,101.953724,111.268838333,124.656191667,126.85,126.903236667,127.200516,127.149181667,124.47043
feature:gei3,2,3,3,3,6,2,0,0,1,3,0,0,1,1,5,0,0,0,0,0,0,0,1,3,1,NONE,NONE,NONE
f0:142.072013333,142.07202,141.367463333,138.773013333,130.0075425,125.02164,122.796723333,120.33339,118.655276667,117.808213333
feature:jin2,3,2,3,2,3,1,0,0,1,2,1,0,1,0,6,0,0,1,119.434,0,0,129.43401,1,1,1,NONE,NONE,Accented
f0:117.22278,116.598963333,115.03532,110.479558333,102.941148,91.806748,88.9027083333,89.424224,92.1160733333,94.340118
feature:cim1,3,3,2,1,2,2,0,0,0,1,2,0,0,3,7,1,0,0,127.434,129.43401,119.434,127.434,1,1,3,Accented,NONE,NONE
f0:146.91432875,149.76199,149.76199,149.76199,146.17366625,140.20006375,140.122607143,139.51756125,136.141242857,135.64366875
feature:zo2,2,3,2,2,1,6,0,1,0,0,3,1,0,2,0,0,1,0,0,127.434,127.434,0,3,1,1,NONE,Accented,NONE
f0:132.572242857,124.092036667,114.447311429,102.827173333,99.7695342857,101.688512857,106.722488333,113.905322857,118.990348333,116.612862857
feature:zau6,2,2,1,6,2,4,0,0,1,7,0,0,1,1,1,0,0,0,116.415,0,0,116.415,1,3,1,NONE,NONE,NONE
f0:128.583002,128.58301,128.58301,128.58301,127.809035,119.293134,113.459288,111.111354,107.319126667,105.646854
feature:ng4,1,2,3,4,6,1,0,0,1,6,1,0,1,0,2,0,0,1,121.415,116.415,116.415,121.415,1,1,1,NONE,NONE,Accented
f0:104.885386667,102.495606667,99.92698,98.6550233333,98.1880733333,97.966095,97.9446066667,98.1800033333,98.7104133333,100.458566667
feature:hak1,3,1,2,1,4,5,0,0,0,5,2,0,0,5,3,1,0,0,124.415,121.415,121.415,124.415,1,1,1,Accented,NONE,NONE
f0:103.428645,105.7091025,111.8505275,118.5192725,119.9459,121.376855,122.1018525,123.29671,126.53035,129.35277
feature:ji5,2,3,3,5,1,3,0,1,0,4,3,1,0,4,0,0,1,0,0,124.415,124.415,0,1,1,1,NONE,Accented,NONE
f0:131.1023975,131.3755675,130.568022,127.786695,124.679545,122.45911,121.25488,122.746106,124.4413825,125.3275275
feature:gam3,3,2,2,3,5,2,0,1,0,3,4,1,0,3,1,0,0,0,0,0,0,0,1,1,1,NONE,NONE,NONE
f0:126.134166,124.365768,117.1520625,112.010604,110.615984,110.479948,110.530268,110.43207,110.364116,112.12004
feature:faai2,2,3,3,2,3,2,0,1,0,2,5,1,0,2,2,0,0,0,0,0,0,0,1,1,1,NONE,NONE,NONE
f0:117.163265,120.812865,120.908334,115.0233575,109.613975,108.42717,108.3266675,108.182818,107.804565,106.69894
feature:lyun2,3,2,2,2,2,2,0,1,0,1,6,1,0,1,3,0,0,0,0,0,0,0,1,1,4,NONE,NONE,NONE
f0:106.9438475,107.18176,108.27855625,109.348351429,104.35115875,101.63387,100.155775714,100.011595,102.374908571,110.7978425
feature:goi2,2,3,0,2,2,0,0,1,0,0,7,1,0,0,4,0,0,0,110,0,0,0,4,1,0,NONE,NONE,0
f0:118.34861875,107.20775625,97.4995942857,93.38599875,91.62035125,95.76069375,104.4218675,113.932797143,116.17463625,109.245045
