feature:hoeng1,3,0,2,1,0,4,0,0,3,9,0,0,3,3,0,1,0,0,137.675,134.675,0,137.675,1,0,1,Accented,0,NONE
f0:155.147992857,155.14799,154.175328571,150.495437143,150.2569975,151.07948,150.933997143,150.630764286,149.866291429,150.674925714
feature:ciu4,2,3,3,4,1,2,0,0,3,8,1,0,3,2,0,0,1,0,0,137.675,137.675,0,1,1,1,NONE,Accented,NONE
f0:154.735528,158.64552,161.295806,160.032872,152.76007,150.131798,150.155456,151.410934,152.613294,151.516222
feature:syun2,3,2,2,2,4,2,0,0,3,7,2,0,3,1,1,0,0,0,0,0,0,0,1,1,1,NONE,NONE,NONE
f0:147.449964286,143.30504,138.621725714,133.938421429,126.15938875,105.948075714,96.50321,94.69667,95.5936671429,95.57773
feature:hai2,2,3,3,2,2,1,0,0,3,6,3,0,3,0,2,0,0,1,131.423,0,0,131.423,1,1,1,NONE,NONE,Accented
f0:95.388904,96.21981,97.38567,98.425192,99.5023183333,101.339522,103.53935,104.654366,108.84978,118.189432
feature:jat1,3,2,3,1,2,3,0,0,2,5,4,0,2,1,3,1,0,0,134.423,131.423,131.423,134.423,1,1,1,Accented,NONE,NONE
f0:127.7607125,131.781465,132.984586667,133.1511325,133.3728475,133.4647075,133.8063675,134.63828,135.685525,136.94348
feature:zung3,3,3,2,3,1,1,0,1,2,4,5,1,2,0,0,0,1,1,129.472,134.423,134.423,129.472,1,1,1,NONE,Accented,Accented
f0:138.36916,138.580268,116.940222,101.063798,101.311524,104.30404,108.43879,113.655126,120.819356,127.233304
feature:sai1,2,3,3,1,3,1,0,1,1,3,6,1,1,0,1,1,0,1,133.1465,129.472,129.472,133.1465,1,1,1,Accented,NONE,Accented
f0:131.449131667,135.252076667,139.43472,143.163188333,140.052721667,129.771776667,126.970853333,126.79935,127.727293333,128.088331667
feature:sik1,3,2,3,1,1,2,0,2,0,2,7,2,0,2,0,1,1,0,131.821,133.1465,133.1465,131.821,1,1,1,Accented,Accented,NONE
f0:128.382034,131.980476667,137.637428,143.022131667,144.936968,140.929432,135.633218333,132.304776,131.354126667,129.607312
feature:tim2,3,3,3,2,1,2,0,3,0,1,8,3,0,1,0,0,1,0,0,131.821,131.821,0,1,1,3,NONE,Accented,NONE
f0:127.352461667,125.097618,122.842771667,120.587924,118.333071667,115.867903333,111.675198,100.081536667,88.399678,71.1398466667
feature:ban2,3,3,3,2,2,1,0,3,0,0,9,3,0,0,1,0,0,1,120.894,0,0,130.894,3,1,1,NONE,NONE,Accented
f0:96.2905,96.2905,93.82735,92.4677585714,94.00003,98.0431971429,104.29790625,112.040564286,116.8763825,116.930008571
feature:tung1,3,3,3,1,2,4,0,0,2,9,0,0,2,2,2,1,0,0,128.894,130.894,120.894,128.894,1,3,1,Accented,NONE,NONE
f0:162.450905,165.795262,161.415783333,144.134284,135.416821667,134.05673,135.086835,137.552368,137.505403333,135.06013
feature:soeng4,3,3,2,4,1,2,0,0,2,8,1,0,2,1,0,0,1,0,0,128.894,128.894,0,1,1,1,NONE,Accented,NONE
f0:132.839766667,130.479548333,128.119328333,125.752576667,114.676561667,102.470086667,97.54949,95.9413283333,96.0074666667,95.51684
feature:jau2,2,3,3,2,4,1,0,0,2,7,2,0,2,0,1,0,0,1,123.293,0,0,123.293,1,1,1,NONE,NONE,Accented
f0:98.165425,98.851452,97.80841,94.565664,92.1738725,91.4803,90.62294,90.7683575,92.16433,99.63351
feature:hoeng1,3,2,2,1,2,4,0,0,1,6,3,0,1,3,2,1,0,0,126.293,123.293,123.293,126.293,1,1,1,Accented,NONE,NONE
f0:120.979905714,131.215148571,133.586833333,136.835571429,132.665271429,125.87543,125.528134286,125.848378333,127.601027143,126.299918571
feature:ciu4,2,3,3,4,1,4,0,1,1,5,4,1,1,2,0,0,1,0,0,126.293,126.293,0,1,1,1,NONE,Accented,NONE
f0:126.929438333,130.48738,134.790305,138.523703333,137.739781667,133.372534,131.262776667,130.926168333,130.919798,130.785816667
feature:tung4,3,2,3,4,4,3,0,1,1,4,5,1,1,1,1,0,0,0,0,0,0,0,1,1,1,NONE,NONE,NONE
f0:130.064408333,127.363802,124.731475,126.011602,127.0796,123.88082,108.112458,93.6709416667,88.9089,88.9089016667
feature:syut3,3,3,2,3,4,1,0,1,1,3,6,1,1,0,2,0,0,1,119.715,0,0,119.715,1,1,1,NONE,NONE,Accented
f0:107.38200125,107.382,107.382,107.382,107.30174875,105.709378571,108.90782625,120.28959625,132.6875975,138.7719875
feature:gou1,2,3,2,1,3,2,0,1,0,2,7,1,0,4,3,1,0,0,122.715,119.715,119.715,122.715,1,1,1,Accented,NONE,NONE
f0:129.583875,127.0010225,125.1154425,124.46579,124.8174975,126.2740075,128.042725,128.9374125,129.765375,129.9441675
feature:zou2,2,2,2,2,1,4,0,2,0,1,8,2,0,3,0,0,1,0,0,122.715,122.715,0,1,1,3,NONE,Accented,NONE
f0:129.499335,129.038328571,128.437778333,127.6492,129.2945,132.431096667,115.446288571,104.991581667,112.58506,120.81708
feature:ho4,2,2,3,4,2,4,0,2,0,0,9,2,0,2,1,0,0,0,0,0,0,0,3,1,1,NONE,NONE,NONE
f0:123.755255,124.1197525,124.545002,124.970255,125.3195625,125.5018125,124.4399775,112.429552,104.1319825,103.743
feature:lang4,3,2,3,4,4,4,0,0,0,1,0,0,0,1,2,0,0,0,0,0,0,0,1,3,4,NONE,NONE,NONE
f0:113.710004,113.178735,109.377568,105.041066,102.270182,102.6230625,106.14566,106.433632,106.1072725,105.501906
feature:cing4,3,3,0,4,4,0,0,0,0,0,1,0,0,0,3,0,0,0,110,0,0,0,4,1,0,NONE,NONE,0
f0:104.466542,103.00596,101.502422,99.99888,98.495336,97.000745,95.917832,94.960225,92.159462,62.03074
