feature:hai2,2,0,3,2,0,1,0,0,4,10,0,0,4,0,0,0,0,1,133.899,130,0,133.899,1,0,1,NONE,0,Accented
f0:134.453993333,130.995261667,123.819302,119.51989,112.518848333,110.762165,115.172138333,120.860086,126.58299,133.24225
feature:nguk1,3,2,3,1,2,2,0,0,3,9,1,0,3,1,1,1,0,0,136.899,133.899,133.899,136.899,1,1,1,Accented,NONE,NONE
f0:139.76246,144.338584,149.405245,159.587882,162.696923333,158.09242,152.318878,144.889488333,140.079082,138.625408333
feature:jyun2,3,3,2,2,1,1,0,1,3,8,2,1,3,0,0,0,1,1,131.69701,136.899,136.899,131.69701,1,1,1,NONE,Accented,Accented
f0:135.516191429,124.291465714,118.365266667,112.650177143,109.42338,112.601047143,121.199647143,130.02379,135.0057,141.70543
feature:gei1,2,3,3,1,2,4,0,1,2,7,3,1,2,1,1,1,0,0,134.69701,131.69701,131.69701,134.69701,1,1,1,Accented,NONE,NONE
f0:152.7044075,155.3250125,147.203978,137.630955,135.9038175,135.7822175,135.9213775,137.8559,140.4663475,140.8613525
feature:cang4,3,2,3,4,1,1,0,2,2,6,4,2,2,0,0,0,1,1,124.862,134.69701,134.69701,134.862,1,1,1,NONE,Accented,Accented
f0:139.662587143,135.710415,131.343654286,126.99025,123.276554286,110.526866667,95.3218185714,89.5148671429,87.2368516667,87.1828128571
feature:tung1,3,3,3,1,4,4,0,2,1,5,5,2,1,3,1,1,0,0,132.862,134.862,124.862,132.862,1,1,1,Accented,NONE,NONE
f0:255.922,255.922,252.766332,212.798372,160.129536,143.97031,143.66692,143.896944,144.7053,144.572522
feature:soeng4,3,3,3,4,1,3,0,3,1,4,6,3,1,2,0,0,1,0,0,132.862,132.862,0,1,1,1,NONE,Accented,NONE
f0:141.019723333,134.896476667,129.22884,124.241996667,116.553863333,102.300756667,93.88557,90.267998,88.3780433333,88.7068183333
feature:cit3,3,3,2,3,4,6,0,3,1,3,7,3,1,1,1,0,0,0,0,0,0,0,1,1,1,NONE,NONE,NONE
f0:123.521352,126.735,126.735,126.735,126.434768,120.099236,110.107454,103.879783333,99.099534,94.874108
feature:jau6,2,3,3,6,3,1,0,3,1,2,8,3,1,0,2,0,0,1,125.826,0,0,125.826,1,1,1,NONE,NONE,Accented
f0:93.988585,94.3254266667,95.6363975,97.70184,99.59629,101.811285,103.36825,104.114315,105.146483333,107.16877
feature:soeng1,3,2,3,1,6,2,0,3,0,1,9,3,0,1,3,1,0,0,128.826,125.826,125.826,128.826,1,1,3,Accented,NONE,NONE
f0:113.427358571,122.303717143,131.90436,137.631962857,128.858718571,123.571808571,123.984222857,126.18877375,126.545548571,121.443584286
feature:coeng2,3,3,3,2,1,1,0,4,0,0,10,4,0,0,0,0,1,1,118.624,128.826,128.826,128.62399,3,1,1,NONE,Accented,Accented
f0:119.4963,120.184676667,120.774287143,118.109468333,104.441371667,88.8586683333,77.87084,77.1993,77.1993,77.1993
feature:fong1,3,3,3,1,2,4,0,0,1,7,0,0,1,1,1,1,0,0,126.624,128.62399,118.624,126.624,1,3,1,Accented,NONE,NONE
f0:141.49001,141.49001,141.49001,140.79920625,129.839696667,128.18730375,130.825067778,131.63013,131.136011111,121.23768
feature:pin4,3,3,2,4,1,1,0,0,1,6,1,0,1,0,0,0,1,1,121.422,126.624,126.624,121.422,1,1,1,NONE,Accented,Accented
f0:115.953788,115.536768,115.266678,112.30986,106.511266,102.887334,101.263952,100.79075,101.026546,100.182858
feature:ngau1,2,3,3,1,4,6,0,0,0,5,2,0,0,5,1,1,0,0,124.422,121.422,121.422,124.422,1,1,1,Accented,NONE,NONE
f0:99.071632,101.365671667,107.053716,111.977141667,117.795728,123.16673,127.735815,127.77639,125.893333333,125.695616
feature:laap6,3,2,3,6,1,2,0,1,0,4,3,1,0,4,0,0,1,0,0,124.422,124.422,0,1,1,1,NONE,Accented,NONE
f0:127.808967143,129.287501667,125.304361429,123.277585714,118.676431429,108.322433333,101.640028571,99.1282771429,97.0870416667,95.01267
feature:jan2,3,3,2,2,6,2,0,1,0,3,4,1,0,3,1,0,0,0,0,0,0,0,1,1,1,NONE,NONE,NONE
f0:94.3056566667,94.20453,94.1350216667,92.700396,89.9545933333,86.147792,83.673905,83.965876,85.5311416667,86.852156
feature:si2,2,3,2,2,2,3,0,1,0,2,5,1,0,2,2,0,0,0,0,0,0,0,1,1,1,NONE,NONE,NONE
f0:88.89173375,91.4947271429,94.09772,96.9009425,99.704165,101.930534286,100.98797125,98.9547775,98.7078857143,102.2168375
feature:kau3,2,2,3,3,2,2,0,1,0,1,6,1,0,1,3,0,0,0,0,0,0,0,1,1,4,NONE,NONE,NONE
f0:93.6708,93.685355,96.075332,99.917132,100.44814,97.861312,94.504676,93.358028,95.02047,96.482496
feature:mat2,3,2,0,2,3,0,0,1,0,0,7,1,0,0,4,0,0,0,110,0,0,0,4,1,0,NONE,NONE,0
f0:96.713848,95.73916,95.316112,94.928302,94.304965,92.695994,90.06316,89.41541,89.41541,71.532324
