feature:fan6,3,0,2,6,0,3,0,0,1,6,0,0,1,4,0,0,0,0,0,130,0,0,1,0,1,NONE,0,NONE
f0:158.85699,158.85699,158.85699,158.49377,147.248454286,140.767681667,141.214435,144.096613333,145.124912857,140.832893333
feature:bou3,2,3,3,3,6,2,0,0,1,5,1,0,1,3,1,0,0,0,0,0,0,0,1,1,1,NONE,NONE,NONE
f0:140.905806,140.9579675,134.951768,127.549254,123.81545,122.7222975,122.492918,121.951118,121.8288325,122.523084
feature:hoeng2,3,2,2,2,3,3,0,0,1,4,2,0,1,2,2,0,0,0,0,0,0,0,1,1,1,NONE,NONE,NONE
f0:123.317002857,123.80907,123.808535714,117.523001429,115.006358571,116.801568333,122.106454286,130.591934286,131.711007143,132.086671429
feature:an3,2,3,3,3,2,6,0,0,1,3,3,0,1,1,3,0,0,0,0,0,0,0,1,1,1,NONE,NONE,NONE
f0:132.61016,126.205586667,122.282085714,118.256825714,116.016728571,116.463206667,117.797201429,117.353228571,114.717448333,117.478518571
feature:dok6,3,2,3,6,3,1,0,0,1,2,4,0,1,0,4,0,0,1,130.758,0,0,130.758,1,1,1,NONE,NONE,Accented
f0:124.910441667,121.323656,113.087873333,111.381468,109.788686667,109.384963333,109.532124,114.270085,124.394688,137.740586667
feature:dung1,3,3,2,1,6,3,0,0,0,1,5,0,0,5,5,1,0,0,133.758,130.758,130.758,133.758,1,1,3,Accented,NONE,NONE
f0:147.252122,139.735136667,130.662538,129.949498,131.053808333,133.361132,133.18937,131.512,127.34447,127.169272
feature:bei3,2,3,2,3,1,6,0,1,0,0,6,1,0,4,0,0,1,0,0,133.758,133.758,0,3,1,1,NONE,Accented,NONE
f0:130.626476667,132.348326667,132.609656667,132.228213333,131.41661,130.498556667,128.261333333,125.998113333,125.515,83.6766666667
feature:bou6,2,2,2,6,3,3,0,0,1,5,0,0,1,3,1,0,0,0,0,0,0,0,1,3,1,NONE,NONE,NONE
f0:126.383006667,126.365176,123.751795,116.644982,110.949505,108.267602,107.07088,105.759604,104.100281667,102.029152
feature:zi3,2,2,3,3,6,3,0,0,1,4,1,0,1,2,2,0,0,0,0,0,0,0,1,1,1,NONE,NONE,NONE
f0:138.630243333,143.83099,143.83099,143.83099,138.59731,122.76553,118.317945,116.032586,115.111293333,114.711816
feature:zung3,3,2,3,3,3,3,0,0,1,3,2,0,1,1,3,0,0,0,0,0,0,0,1,1,1,NONE,NONE,NONE
f0:116.583452857,120.257394286,128.190995,135.275974286,135.614574286,134.030361429,134.214285714,134.158473333,130.880664286,130.298581429
feature:gok3,3,3,2,3,3,1,0,0,1,2,3,0,1,0,4,0,0,1,126.21201,0,0,126.21201,1,1,1,NONE,NONE,Accented
f0:131.097273333,130.016376667,126.385293333,122.906616667,111.692323333,89.797796,66.2619216667,58.5924566667,56.8917166667,60.785295
feature:laa1,2,3,2,1,3,6,0,0,0,1,4,0,0,2,5,1,0,0,129.21201,126.21201,126.21201,0,1,1,3,Accented,NONE,NONE
f0:102.598821667,112.25547,109.13668,107.154184,104.739913333,99.969356,97.9698266667,95.86598,94.4939033333,91.930284
feature:bou6,2,2,3,6,1,5,0,1,0,0,5,1,0,1,0,0,1,0,0,0,129.21201,0,3,1,1,NONE,Accented,NONE
f0:105.755,105.83312,107.66303,108.330711667,106.104085,105.309536,105.030215,105.726126667,106.114,106.114
feature:min5,3,2,3,5,6,1,0,0,1,1,0,0,1,0,1,0,0,1,124.091,0,0,124.091,1,3,3,NONE,NONE,Accented
f0:119.71921,116.885207143,108.59771125,104.271427143,104.42776625,108.08744,116.211607143,117.53297625,114.861307143,121.34259875
feature:din1,3,3,3,1,5,6,0,0,0,0,1,0,0,1,2,1,0,0,127.091,124.091,124.091,0,3,1,1,Accented,NONE,NONE
f0:128.354181667,124.197911429,114.720471667,110.193302857,107.875838333,106.786878333,106.446947143,104.897715,100.101488571,99.0505083333
feature:jyut6,3,3,2,6,1,1,0,0,5,9,0,0,5,0,0,0,1,1,122.273,0,127.091,122.273,1,3,1,NONE,Accented,Accented
f0:124.634846429,120.473236667,121.398458571,181.50063,119.011006,104.762849286,94.0459992857,107.421089286,118.245016,93.5450614286
feature:laa1,2,3,2,1,6,4,0,0,4,8,1,0,4,3,1,1,0,0,125.273,122.273,122.273,125.273,1,1,1,Accented,NONE,NONE
f0:90.3754366667,91.7944266667,93.90733,96.1125766667,98.3891133333,99.7962133333,100.631686667,101.39242,101.899336667,103.628056667
feature:ji4,2,2,3,4,1,4,0,1,4,7,2,1,4,2,0,0,1,0,0,125.273,125.273,0,1,1,1,NONE,Accented,NONE
f0:105.718556667,106.82633,107.685056667,108.665335,109.21625,109.21625,109.884023333,110.691245,111.533023333,112.26991
feature:waan4,3,2,3,4,4,2,0,1,4,6,3,1,4,1,1,0,0,0,0,0,0,0,1,1,1,NONE,NONE,NONE
f0:117.82852875,122.05945875,122.579701429,125.46853125,130.76567375,132.6220825,132.27701375,129.785585714,127.56356,128.2970825
feature:dang2,3,3,3,2,4,1,0,1,4,5,4,1,4,0,2,0,0,1,119.242,0,0,119.242,1,1,1,NONE,NONE,Accented
f0:126.67876,112.029581667,105.447818571,105.690946667,108.011538571,115.225808333,120.393775714,122.841905,124.987607143,132.337333333
feature:dung1,3,3,2,1,2,1,0,1,3,4,5,1,3,0,3,1,0,1,122.7875,119.242,119.242,122.7875,1,1,1,Accented,NONE,Accented
f0:141.714972,139.244995,134.14469,133.77039,136.938085,139.133484,139.503634,138.32125,135.294975,132.17675
feature:laa1,2,3,2,1,1,1,0,2,2,3,6,2,2,0,0,1,1,1,122.03,122.7875,122.7875,122.03,1,1,1,Accented,Accented,Accented
f0:128.62325,125.51975,120.7548,114.954735,110.099815,105.22886,100.667715,97.76518,97.365605,98.1606375
feature:ngaa1,2,2,3,1,1,6,0,3,1,2,7,3,1,1,0,1,1,0,120.727,122.03,122.03,120.727,1,1,1,Accented,Accented,NONE
f0:99.8364485714,102.081254286,104.241432857,104.76422,103.137202857,103.472235,105.49331,108.400618571,110.437464286,109.415345714
feature:deng6,3,2,2,6,1,1,0,4,1,1,8,4,1,0,0,0,1,1,116.212,120.727,120.727,116.212,1,1,4,NONE,Accented,Accented
f0:103.462995833,101.698575,102.178098182,100.796296667,106.4029475,121.240168333,121.674826667,119.559485455,121.3547175,126.0864025
feature:ngau1,2,3,0,1,6,0,0,4,0,0,9,4,0,0,1,1,0,0,119.212,116.212,116.212,0,4,1,0,Accented,NONE,0
f0:129.488853333,129.52299,129.52299,129.52299,129.52299,129.52299,129.52299,129.52299,129.52299,86.34866
