feature:keoi5,2,0,2,5,0,1,0,0,5,14,0,0,5,0,0,0,0,1,133.554,130,0,133.554,1,0,1,NONE,0,Accented
f0:135.07899,135.07899,135.07899,134.77689,132.712544,132.748052,137.533852,143.6268875,146.806252,148.982148
feature:pei1,2,2,2,1,5,6,0,0,4,13,1,0,4,2,1,1,0,0,136.554,133.554,133.554,136.554,1,1,1,Accented,NONE,NONE
f0:155.533064,161.76559,157.08113,147.01725,140.984304,138.159736,136.564124,135.985792,136.214986,136.467708
feature:dai6,2,2,3,6,1,4,0,1,4,12,2,1,4,1,0,0,1,0,0,136.554,136.554,0,1,1,1,NONE,Accented,NONE
f0:136.2585325,135.899932,135.468235,134.840692,131.6722925,128.8063325,130.707254,137.737525,144.987466,149.05497
feature:cing4,3,2,2,4,6,1,0,1,4,11,3,1,4,0,1,0,0,1,130.181,0,0,130.181,1,1,1,NONE,NONE,Accented
f0:150.77416,155.066753333,160.710838571,163.169298333,146.822001429,125.64875,112.876717143,110.510648333,111.495484286,114.360803333
feature:gei1,2,3,3,1,4,3,0,1,3,10,4,1,3,1,2,1,0,0,133.181,130.181,130.181,133.181,1,1,1,Accented,NONE,NONE
f0:118.372092,122.002354,125.15992,127.160352,124.70972,112.758632,105.067504,105.397335,113.935624,121.04854
feature:zung3,3,2,3,3,1,1,0,2,3,9,5,2,3,0,0,0,1,1,127.771,133.181,133.181,127.771,1,1,1,NONE,Accented,Accented
f0:125.158583333,129.293958,133.429885,138.08485,141.992193333,144.25272,146.508976667,149.13065,149.868634,150.598838333
feature:jat1,3,3,2,1,3,2,0,2,2,8,6,2,2,1,1,1,0,0,130.771,127.771,127.771,130.771,1,1,1,Accented,NONE,NONE
f0:150.3231625,149.557693333,149.1636925,148.36209,147.992335,148.559036667,149.4438175,149.9700575,150.744436667,151.8043
feature:tou2,2,3,3,2,1,1,0,3,2,7,7,3,2,0,0,0,1,1,125.36099,130.771,130.771,125.36099,1,1,1,NONE,Accented,Accented
f0:160.481786667,167.286892,152.9739,134.12372,127.464623333,125.21348,124.41771,124.297081667,125.501586,126.379431667
feature:ging1,3,2,3,1,2,2,0,3,1,6,8,3,1,2,1,1,0,0,128.36099,125.36099,125.36099,0,1,1,1,Accented,NONE,NONE
f0:126.774314286,135.20417375,142.123328571,141.19109375,141.106127143,142.165664286,142.6508425,140.664614286,138.442095,140.239031429
feature:din2,3,3,2,2,1,3,0,4,1,5,9,4,1,1,0,0,1,0,0,0,128.36099,0,1,1,1,NONE,Accented,NONE
f0:98.5358333333,117.910064,112.918818333,87.184092,57.2520033333,55.91198,59.4222283333,91.838754,122.408275,124.304118
feature:ge3,2,3,2,3,2,1,0,4,1,4,10,4,1,0,1,0,0,1,121.506,0,0,121.506,1,1,1,NONE,NONE,Accented
f0:126.219752,133.402046,143.981283333,140.233256,129.00528,122.454068,118.401838,116.95931,118.204942,123.007878
feature:fo1,2,2,3,1,3,6,0,4,0,3,11,4,0,3,2,1,0,0,124.506,121.506,121.506,124.506,1,1,1,Accented,NONE,NONE
f0:130.068972857,138.542284286,147.015594286,154.160751429,147.348812857,133.133417143,131.930921429,133.68675,132.336192857,128.51924
feature:waan6,3,2,3,6,1,6,0,5,0,2,12,5,0,2,0,0,1,0,0,124.506,124.506,0,1,1,1,NONE,Accented,NONE
f0:123.286431667,116.785363333,108.519988333,102.369328333,99.0326366667,98.608376,98.917065,97.8250833333,95.639825,95.9049583333
feature:din6,3,3,3,6,6,2,0,5,0,1,13,5,0,1,1,0,0,0,0,0,0,0,1,1,4,NONE,NONE,NONE
f0:115.850842,116.378205,110.459198,107.721948,105.968446667,104.749688,102.699704,101.443224,101.1622,101.386854
feature:jing2,3,3,0,2,6,0,0,5,0,0,14,5,0,0,2,0,0,0,110,0,0,0,4,1,0,NONE,NONE,0
f0:101.497625714,100.427527143,94.1642325,92.2511914286,92.8970257143,94.1027185714,96.2855742857,103.86928,107.156014286,107.274
