126.309218,122.520594,120.783873,122.990710,128.651586,135.945947,159.397658,171.463759,172.738994,171.518902
172.109530,172.215090,172.222650,172.203630,172.180830,172.180830,172.137550,171.988580,171.664167,171.270000
168.008536,156.426795,141.191564,125.327046,115.532338,114.009090,115.934954,123.217654,132.066400,142.072258
156.298599,163.388837,161.520240,147.137905,133.924503,116.888357,106.373388,103.345084,103.041500,107.620451
117.837397,126.880832,135.756792,140.829562,142.062098,142.199108,143.959454,146.364313,146.711860,147.046520
148.540261,150.633735,152.372991,150.689177,142.344903,140.458503,143.449941,145.702957,144.867463,143.599513
137.143727,126.435932,117.917720,113.663658,111.449902,113.980877,122.582420,127.357920,128.875923,130.290857
136.068758,138.650715,137.452562,133.155043,129.497795,127.298500,124.567148,122.629738,121.231760,120.998150
121.740159,123.233170,124.687210,124.296929,117.332799,115.172335,117.308954,129.163221,142.094250,144.268206
141.420867,135.862863,130.348193,120.321510,110.248640,106.549405,106.390563,106.887645,110.769512,115.870915
118.321542,115.675118,108.606332,104.030568,104.773770,105.742896,106.116164,106.405952,107.318404,109.850728
113.278005,116.371210,117.401277,113.360392,105.926198,104.165102,103.090147,103.168975,104.287316,113.637553
118.024716,120.663368,124.791440,120.704225,110.972729,106.893428,105.371431,104.618212,104.184087,109.289627
123.554924,135.180820,137.558677,137.886996,137.690239,138.869780,140.478659,139.941269,138.120200,135.037237
124.056917,119.945220,116.804315,113.177375,111.150608,110.444115,111.310632,113.900503,115.779943,120.113380
128.686370,134.282470,135.350368,132.529772,125.505503,119.225850,114.803884,114.450000,114.450000,114.450000
116.751265,116.923000,116.923000,116.923000,116.540348,110.847530,101.645883,96.727697,95.432047,92.653565
107.653002,106.774545,102.827390,97.696207,93.646624,91.707520,91.155533,91.276095,91.937732,92.978635
94.762735,106.434660,121.891745,126.177000,126.041422,125.623540,125.392098,126.520028,129.244096,136.132592
139.684835,137.111590,130.170443,122.186027,117.675815,116.089947,115.215568,113.749148,112.196220,110.862347
110.759785,114.328217,119.097843,118.624485,108.785554,102.319170,99.763680,96.070948,94.371983,95.339257
95.341332,94.612868,94.312920,95.002622,95.089963,94.009430,92.693103,92.255908,92.433393,93.498067
94.313262,94.498630,94.344262,93.308390,92.974330,92.996385,93.824992,96.909528,97.424203,96.707708
110.000000,110.000000,110.000000,110.000000,110.000000,110.000000,110.000000,110.000000,105.416670,50.416670
