152.429
139.788
125.649
118.183
103.326
119.63
135.2
100.094
115.702
121.724
106.22
134.549
119.407
113.826
119.926
102.649
100.655
108.784
115.125
99.0658
117.247
137.335
132.789
130.958
119.63
135.266
102.369
113.686
102.369
113.784
131.48
120.938
138.765
104.603
97.4714
106.189
109.053
152.429
139.788
129.323
128.732
124.716
121.422
121.724
115.652
121.724
115.702
121.724
118.44
131.48
107.671
124.493
118.944
109.798
102.346
154.12
139.788
126.349
134.381
130.067
112.387
110.94
108.029
127.18
109.299
108.499
108.499
134.933
110.101
105.301
100.655
97.4714
97.4714
109.053
137.335
120.464
129.323
128.732
106.736
115.652
146.962
123.028
130.067
127.18
117.204
113.975
118.44
105.387
106.736
128.61
108.499
118.944
104.603
108.458
120.771
113.993
134.381
112.387
134.381
109.299
135.266
135.266
120.938
127.18
100.094
108.499
108.499
108.499
113.784
108.499
109.798
102.346
117.338
143.747
126.349
129.323
124.222
103.326
119.63
140.398
108.499
108.499
108.499
108.499
108.499
113.784
121.487
119.926
119.926
119.926
119.926
110.472
109.89
101.223
131.084
104.965
101.763
122.027
113.048
143.506
140.398
116.826
116.826
112.386
101.223
127.18
108.724
113.902
106.189
109.053
152.429
154.12
129.323
128.732
121.724
119.63
135.2
104.741
104.741
118.44
109.374
113.826
111.937
97.4714
97.4714
100.655
96.7929
120.771
108.724
113.993
125.615
119.647
125.312
131.084
113.826
113.508
105.848
110.386
101.292
131.135
96.7929
130.921
128.66
105.132
105.848
108.911
108.911
110.472
119.647
140.816
125.386
110.532
138.765
108.499
108.499
108.499
120.736
103.505
140.238
113.048
113.048
149.346
115.374
120.1
105.648
131.084
110.472
140.816
110.436
136.727
112.59
120.1
97.1161
107.671
120.736
120.736
131.163
171.756
118.017
130.067
113.975
115.652
124.089
100.172
130.287
112.59
124.493
107.671
121.487
109.183
97.4714
96.7929
125.03
118.559
118.559
106.736
124.222
124.089
113.975
101.182
116.034
106.736
121.487
102.346
122.027
132.789
115.252
125.312
131.084
113.508
120.1
110.472
113.048
113.899
104.027
122.614
131.084
120.771
109.89
128.66
103.539
106.309
104.027
132.968
113.993
118.559
118.559
118.44
131.084
105.669
100.094
99.7578
103.539
106.309
117.846
117.247
132.993
129.926
129.926
104.741
117.204
104.741
104.741
104.741
104.741
113.826
113.826
113.826
105.848
108.784
110.386
97.4714
100.655
137.335
132.789
118.017
121.724
119.63
135.266
135.266
142.415
111.538
105.387
105.387
121.388
131.48
104.603
100.655
108.458
125.03
129.323
104.492
120.1
97.1161
122.614
120.938
96.8075
120.771
121.288
113.048
112.678
140.398
99.7578
109.301
122.319
112.386
113.877
134.933
104.492
115.776
109.019
118.289
121.422
113.015
119.056
120.736
124.493
101.292
143.747
115.252
143.121
128.732
110.676
137.343
104.308
119.056
104.316
105.935
101.292
103.505
143.747
108.724
110.472
113.048
115.526
107.56
120.1
101.763
137.335
120.464
129.323
105.669
124.222
107.169
103.326
118.44
118.44
118.458
127.18
120.513
103.326
117.659
108.499
118.944
104.603
106.189
114.066
130.921
109.89
105.132
108.911
101.395
113.877
143.121
140.398
105.132
120.1
122.614
104.492
128.66
109.89
105.848
104.316
108.911
98.3773
104.74
137.335
154.12
126.349
103.326
119.63
146.962
109.299
102.369
102.369
138.765
113.975
109.019
105.387
124.089
121.388
117.659
109.374
118.944
108.499
110.854
109.798
131.163
118.017
121.288
143.121
140.398
108.499
124.089
108.499
108.499
106.736
100.733
108.499
120.736
117.338
132.789
118.017
121.724
106.309
135.266
109.299
118.44
130.287
105.387
112.59
106.22
121.388
131.48
104.603
110.101
100.655
154.12
129.323
104.492
131.084
120.1
120.513
122.614
108.499
120.736
152.429
120.464
126.349
118.183
131.456
125.312
134.549
135.266
102.369
124.089
100.172
121.388
120.938
108.499
128.61
108.784
104.603
103.505
125.03
113.048
125.312
115.374
119.056
120.938
104.965
103.228
140.238
115.776
109.89
113.826
124.849
119.926
110.386
124.849
124.849
110.472
109.89
109.89
117.846
104.316
108.911
117.846
103.228
122.027
143.747
116.538
132.968
105.301
120.464
120.464
125.664
119.63
126.855
138.765
118.44
102.369
121.724
110.532
121.487
108.499
120.736
102.346
100.655
130.921
128.66
105.132
119.926
105.848
108.911
109.053
101.223
109.053
132.993
113.993
126.349
101.026
146.962
121.422
146.962
102.369
106.736
105.387
131.48
134.933
113.826
113.826
113.826
102.649
108.784
110.386
97.4714
100.655
122.027
129.323
108.724
110.472
143.121
138.765
128.732
120.1
112.59
108.499
120.736
122.027
112.292
105.132
122.319
113.877
143.121
104.492
113.048
119.056
138.765
116.826
120.1
101.763
122.027
113.048
105.132
149.346
131.084
113.877
133.477
104.492
115.776
106.309
110.532
118.44
130.287
119.056
104.316
98.3773
105.935
108.458
154.12
125.304
125.312
111.538
112.387
109.301
130.287
104.316
98.3773
105.935
101.292
171.756
125.304
113.048
131.084
104.027
122.319
142.415
122.447
113.902
108.724
113.899
122.614
108.724
116.538
117.247
106.189
101.763
140.238
132.789
115.252
131.084
118.44
105.669
100.094
111.937
112.59
115.702
110.676
121.388
108.784
116.538
113.902
125.697
101.763
140.238
125.649
125.664
112.678
135.2
110.94
120.513
121.724
130.287
113.826
111.708
108.784
106.309
97.4714
100.655
130.921
113.048
105.132
103.539
132.968
119.926
108.724
110.472
109.89
109.89
111.937
104.316
108.911
104.965
104.74
140.238
121.288
129.323
113.826
113.826
113.826
113.826
102.649
105.648
101.292
131.135
110.472
115.526
106.271
128.732
115.526
117.659
106.271
132.993
120.464
132.789
105.669
130.067
130.067
123.028
115.652
143.121
109.299
118.289
127.18
120.513
106.309
108.499
108.499
108.499
108.499
108.499
109.798
102.346
130.921
109.89
105.132
119.926
110.386
111.937
99.0658
115.125
99.0658
125.697
125.03
121.288
143.747
154.12
134.458
104.308
127.959
113.826
119.926
110.101
106.309
110.386
110.472
113.048
113.048
118.458
137.343
120.938
119.056
105.301
98.3773
116.538
99.0658
115.125
117.247
