144.249
150.91
117.538
128.646
120.043
132.721
118.794
129.236
116.296
126.432
120.043
141.458
129.895
133.651
123.714
123.714
123.714
132.638
135.504
126.679
112.896
132.854
147.718
145.205
130.088
114.576
138.377
112.956
109.764
125.014
129.895
131.178
127.064
112.168
123.714
126.679
107.875
147.239
151.339
141.242
150.701
128.646
105.644
141.458
112.956
125.014
130.681
125.014
132.721
110.947
129.445
122.252
140.887
112.168
112.168
153.11
143.106
123.993
128.065
129.673
112.956
108.502
108.502
114.971
134.378
110.871
103.743
128.827
135.014
123.714
123.714
112.798
116.602
121.528
149.982
123.993
139.088
145.205
136.792
120.44
118.794
121.04
126.432
114.971
135.154
120.431
126.432
104.758
104.758
110.947
122.269
140.887
112.168
116.904
123.993
123.993
139.088
152.682
128.065
145.205
130.297
152.682
152.682
124.114
121.04
112.798
123.714
123.714
122.252
118.684
121.777
117.306
130.297
147.718
130.285
138.377
117.538
103.743
113.848
129.673
121.04
130.681
123.714
123.714
114.413
125.014
120.821
131.178
123.714
123.714
123.714
124.032
124.032
106.849
116.169
116.359
128.981
128.087
117.71
147.022
147.022
129.673
112.956
107.19
126.679
150.799
127.871
107.875
126.679
123.252
143.106
151.339
129.673
117.538
141.925
132.721
118.794
138.377
112.199
132.721
132.721
120.431
141.458
123.714
123.714
116.602
118.684
133.263
119.374
122.319
123.993
138.192
118.794
130.225
112.956
120.431
107.218
107.755
130.681
112.746
108.502
129.69
125.553
112.896
102.281
104.475
128.981
120.043
125.994
114.971
124.114
128.976
144.817
128.376
118.684
103.743
121.777
117.306
122.605
117.71
117.646
125.389
129.673
124.608
112.956
114.647
123.993
114.971
117.646
122.174
133.651
126.432
120.043
105.644
111.074
127.711
137.243
147.718
129.673
137.202
110.018
112.956
120.043
105.644
135.014
133.651
126.432
109.764
110.947
122.269
116.602
118.684
122.605
137.202
122.319
117.037
116.28
112.199
105.644
109.133
115.552
122.374
122.174
126.616
137.243
125.389
142.907
129.69
130.225
120.431
124.608
140.89
121.528
122.174
116.169
116.748
110.512
126.779
119.374
107.928
122.174
121.131
113.253
127.871
110.018
110.018
124.237
121.131
121.131
120.431
105.644
105.644
105.644
124.608
110.25
126.616
122.605
137.202
122.319
131.95
131.95
123.936
124.975
109.133
124.975
109.133
107.14
115.552
109.133
109.133
122.252
116.602
109.133
132.854
147.718
145.205
141.925
124.237
118.794
152.682
128.065
135.154
118.684
103.743
118.804
129.445
122.269
116.602
116.904
114.576
139.088
129.673
121.131
139.207
134.243
127.064
112.168
114.576
117.71
129.29
122.461
125.389
129.673
105.644
123.997
130.225
114.003
150.799
114.576
117.037
116.28
116.28
105.644
125.014
140.887
122.269
122.174
118.684
143.106
143.106
128.065
150.701
121.744
134.504
128.376
134.243
128.827
130.681
105.272
110.25
130.225
123.971
107.875
117.71
116.748
128.976
119.171
119.581
149.982
123.993
139.088
130.285
117.538
112.956
112.956
113.848
141.458
114.971
144.817
128.376
123.714
117.169
107.19
127.711
112.168
107.875
123.971
129.69
125.553
125.072
112.896
112.896
128.981
141.494
125.389
130.225
121.131
134.912
140.89
140.89
119.171
134.912
125.072
130.254
112.746
122.374
132.854
147.718
145.205
141.925
124.237
118.794
138.377
105.644
120.44
128.065
122.3
112.798
109.764
118.382
117.907
129.445
132.721
140.887
117.907
116.602
121.777
122.3
141.925
137.527
124.114
125.389
130.225
112.199
105.644
130.681
130.681
107.19
105.272
121.777
132.854
147.718
145.205
141.925
124.237
118.794
134.878
113.848
114.971
124.114
103.743
107.19
126.791
129.445
134.243
122.252
104.758
151.339
150.91
129.673
135.397
119.171
119.581
134.243
116.002
127.711
165.109
150.91
136.792
141.925
120.043
118.794
139.088
134.378
134.878
120.043
110.871
129.895
117.645
135.014
126.791
122.269
122.252
122.252
114.576
129.5
144.817
130.395
131.178
127.871
110.512
113.253
149.982
140.89
104.475
123.377
130.638
123.936
107.755
124.608
124.608
124.032
124.032
104.475
135.397
123.252
130.254
124.608
113.253
128.087
147.718
142.907
132.326
129.673
136.792
125.994
120.043
130.088
123.993
114.576
121.04
112.956
126.432
132.721
118.804
134.243
140.887
112.168
104.758
126.779
125.553
123.377
123.377
112.896
128.981
126.679
121.528
104.475
110.018
137.202
123.993
120.043
134.378
135.146
134.378
138.377
103.743
109.764
116.347
133.25
114.971
123.714
123.714
123.714
123.714
122.252
116.602
104.758
116.002
125.389
129.673
107.875
128.087
125.389
128.376
135.397
109.764
105.272
121.777
137.243
117.71
122.174
125.389
142.907
150.799
130.225
121.131
139.207
131.178
129.445
114.647
109.764
126.779
117.71
139.207
125.389
129.673
127.694
150.799
138.377
110.018
121.131
121.131
141.458
129.895
135.014
134.243
102.263
105.272
116.904
151.339
143.106
125.389
130.225
129.29
108.502
129.445
121.04
102.263
105.272
114.413
165.109
150.91
107.928
135.397
121.131
116.002
130.225
132.713
117.71
125.072
129.5
133.273
112.484
135.504
133.273
119.823
119.823
130.297
141.242
129.673
141.925
121.131
120.431
105.644
113.848
130.681
108.502
108.502
127.711
122.174
135.504
117.71
112.71
119.823
137.243
117.538
128.646
123.993
118.794
138.377
127.694
125.014
116.347
121.04
123.714
112.798
110.25
105.272
104.758
126.779
117.71
107.928
139.207
133.263
130.225
119.374
119.374
119.374
123.377
116.169
123.252
128.981
112.746
116.904
149.982
138.192
147.022
129.673
123.377
112.956
112.956
112.956
130.681
130.681
108.502
121.528
133.273
134.504
120.983
107.928
110.512
119.153
130.297
137.202
139.088
130.285
138.192
126.432
107.158
107.158
118.794
121.04
114.003
134.378
124.114
125.014
123.714
123.714
123.714
118.684
104.758
117.306
127.711
126.779
125.553
123.377
123.377
130.638
124.608
126.679
123.971
123.252
133.273
130.297
137.202
130.285
147.022
129.673
121.04
137.025
130.225
112.199
124.608
110.25
112.98
135.504
126.679
116.169
144.817
134.504
134.504
135.014
112.168
102.263
135.504
126.679
121.131
112.71
